287.5   1.837300240703869   15.597594639107632
288.5   1.8516367059092629   15.524483053155366
289.5   1.8632773020094582   15.436326081414029
290.5   1.872021816146431   15.33293025811843
291.5   1.8776927242931698   15.214172626044917
292.5   1.8801366405965099   15.07998537950858
293.5   1.8792251610804704   14.930341415310956
294.5   1.8748552416778623   14.765242283554723
295.5   1.8669492900869842   14.584709861621961
296.5   1.855455170196721   14.388782813508458
297.5   1.840346314674502   14.177518567529543
298.5   1.8216221153097063   13.951001167737498
299.5   1.7993087138330692   13.709354946515312
300.5   1.773460251375312   13.452763539742115
301.5   1.7441605569375094   13.181493329244583
302.5   1.7115251703610264   12.895919961768467
303.5   1.6757035085421148   12.596556164473315
304.5   1.6368809028399995   12.284078678950145
305.5   1.5952801671825911   11.959351793696554
306.5   1.5511623079695978   11.623444713067364
307.5   1.5048259662287484   11.277639916451694
308.5   1.4566051967457638   10.923429798392942
309.5   1.406865244025289   10.562499300998528
310.5   1.3559960747301127   10.196692999067508
311.5   1.3044035701629613   9.827966181185083
312.5   1.252498463545895   9.458320827562938
313.5   1.200683311372243   9.089728887548828
314.5   1.1493379927846636   8.724046692973024
315.5   1.0988044074069454   8.362925453017226
316.5   1.0493711615951498   8.007723321381583
317.5   1.0012590734268139   7.659424351256025
318.5   0.9546082872048016   7.318568804383665
319.5   0.909467694853846   6.985198037865422
320.5   0.8657872774705484   6.6588161148956875
321.5   0.823413996626682   6.338370109086204
322.5   0.7820920900729399   6.022252600078125
323.5   0.7414691463406389   5.708333696584934
324.5   0.7011101582290392   5.394036171313524
325.5   0.660522725469369   5.076474984707105
326.5   0.6191972429236278   4.752688868978879
327.5   0.5766654172698116   4.419991340414715
328.5   0.53257758499817   4.076453309092578
329.5   0.48679292958391085   3.7214905233560973
330.5   0.4394669101773336   3.356463733679661
331.5   0.391109932809984   2.9851225728339204
332.5   0.34258697560639084   2.6136769830218354
333.5   0.29503708792366645   2.250319948701276
334.5   0.24971671492149913   1.9041842330240215
335.5   0.20780262315622425   1.583948191119507
336.5   0.17021073999539157   1.2964854288139942
337.5   0.1374821927181291   1.0459564306462386
338.5   0.10975945779638659   0.8335543821321845
339.5   0.08684125807957924   0.6578581552627839
340.5   0.06828297821079282   0.5155599144055433
341.5   0.053506476848439545   0.4022920178860873
342.5   0.04189370520899884   0.3133474734187618
343.5   0.032852792586649034   0.244196365992386
344.5   0.025856387346004938   0.1907897680328177
345.5   0.02045791569705953   0.14969175310554858
346.5   0.01629299333147142   0.11809470964265079
347.5   0.013072374021470105   0.09376761846633047
348.5   0.010571095458967695   0.07497385470855497
349.5   0.008616777543157856   0.06038178942217484
350.5   0.007078701092593269   0.04898104466754095
351.5   0.005858399592162499   0.040010212806582
352.5   0.004881958140390427   0.032897618452539024
353.5   0.004093927211562427   0.027214452565963807
354.5   0.0034526318656964107   0.02263861191746493
355.5   0.002926621971745895   0.018927299490567626
356.5   0.0024920213823154467   0.015896533075135513
357.5   0.002130566948735993   0.013405960571216404
358.5   0.0018281668343448087   0.011347675304226808
359.5   0.0015738442434271975   0.009638004893533949
360.5   0.00135896425735071   0.008211488561678623
361.5   0.0011766671233853026   0.0070164538921370055
362.5   0.0010214514020233138   0.00601175747359839
363.5   0.0008888656469792425   0.005164370744907532
364.5   0.0007752786836010961   0.004447579661564049
365.5   0.0006777069245137896   0.003839631078331848
366.5   0.0005936832453443331   0.003322705536391315
367.5   0.0005211563266023147   0.002882129932864165
368.5   0.0004584125047707462   0.0025057677983249997
369.5   0.0004040144115377036   0.0021835422422167945
370.5   0.000356752269039076   0.0019070589872953031
371.5   0.00031560483765988   0.0016693057275121968
372.5   0.00027970781514750437   0.0014644103336840801
373.5   0.00024832805764444176   0.0012874449349061898
374.5   0.00022084240290897638   0.0011342661444320647
375.5   0.00019672017116642178   0.0010013840450798232
376.5   0.00017550863385984723   0.0008858542640742436
377.5   0.0001568208981788984   0.0007851887311403065
378.5   0.00014032577262513724   0.000697281657680084
379.5   0.0001257392670776835   0.0006203479867285994
380.5   0.00011281744838940696   0.000552872108912768
381.5   0.00010135042468940473   0.000493565061284437
382.5   9.115727258974782e-05   0.00044132875701096975
383.5   8.208175411530585e-05   0.0003952260565321025
384.5   7.398869632101327e-05   0.0003544557008174731
385.5   6.67609278956701e-05   0.0003183312976314301
386.5   6.029668445555981e-05   0.0002862636900701248
387.5   5.450740860584088e-05   0.00025774615013891513
388.5   4.931588278154838e-05   0.00023234193369786135
389.5   4.4654642806358174e-05   0.00020967381041079163
390.5   4.046462839299429e-05   0.00018941524641290962
391.5   3.66940337816337e-05   0.0001712829708355626
392.5   3.329732752338345e-05   0.00015503070161991585
393.5   3.0234415323804623e-05   0.00014044384309691007
394.5   2.746992397997374e-05   0.00012733499867979294
395.5   2.4972587903695772e-05   0.00011554016775006584
396.5   2.2714722635407032e-05   0.00010491551731209631
397.5   2.0671772204763785e-05   9.533463693907615e-05
398.5   1.882191925461615e-05   8.668620050941275e-05
399.5   1.7145748575560977e-05   7.887197071984685e-05
400.5   1.5625956156742006e-05   7.18050927973052e-05
401.5   1.424709708738271e-05   6.54086325514058e-05
402.5   1.2995366666498994e-05   5.96143211395347e-05
403.5   1.1858409956363997e-05   5.436147503122225e-05
404.5   1.0825155732150768e-05   4.959606466352335e-05
405.5   9.885671406427e-06   4.5269909563564206e-05
406.5   9.031036013822669e-06   4.1339981198525416e-05
407.5   8.253228783804529e-06   3.776779779781983e-05
408.5   7.545031190979104e-06   3.451889783459717e-05
409.5   6.899940687396244e-06   3.156238094326854e-05
410.5   6.3120945773285186e-06   2.8870506754104943e-05
411.5   5.776202720541855e-06   2.6418343595828056e-05
412.5   5.28748793409394e-06   2.418346021965973e-05
413.5   4.8416331232240024e-06   2.214565472880394e-05
414.5   4.434734304723413e-06   2.0286715748986947e-05
415.5   4.063258802216639e-06   1.859021160710623e-05
416.5   3.7240079887216204e-06   1.7041303889006917e-05
417.5   3.4140840361177276e-06   1.562658226887137e-05
418.5   3.1308602009105558e-06   1.4333917933660374e-05
419.5   2.8719542376283296e-06   1.3152333301695492e-05
420.5   2.635204582831586e-06   1.2071886046641868e-05
421.5   2.41864899699775e-06   1.1083565703341083e-05
422.5   2.2205053913688353e-06   1.0179201365676097e-05
423.5   2.039154599281626e-06   9.351379177635526e-06
424.5   1.8731248805867814e-06   8.593368486804215e-06
