287.5   8.20362431029074   87.30024822411266
288.5   8.46167478256863   87.85620910087124
289.5   8.709654940177753   88.24579738104701
290.5   8.94606694802177   88.48536954128411
291.5   9.169563998010316   88.5944434165267
292.5   9.378971355946398   88.59505112595937
293.5   9.573301511811106   88.51105331302568
294.5   9.751763472008266   88.36745676798363
295.5   9.913766634092697   88.18977187395615
296.5   10.05892000480267   88.00343797781713
297.5   10.187027729211728   87.83333508627722
298.5   10.298081973483717   87.70339041659203
299.5   10.392254140293117   87.63627932691263
300.5   10.469885201763901   87.65321264196092
301.5   10.531475625001743   87.77379665950237
302.5   10.577674972163068   88.01594806633706
303.5   10.609270807261492   88.3958433849067
304.5   10.627176084810555   88.92788100612998
305.5   10.632413772549233   89.62463311262495
306.5   10.626097124558306   90.49676483872048
307.5   10.609403827871395   91.5528990882718
308.5   10.583542244922716   92.7994081279916
309.5   10.549708207235001   94.2401180534895
310.5   10.509031301619792   95.87592001396757
311.5   10.462510313915828   97.70429258709075
312.5   10.410938391922612   99.71875177394055
313.5   10.354819449971334   101.9082561726196
314.5   10.294278204150043   104.25660110032902
315.5   10.22896684421744   106.74183196042557
316.5   10.157971617893974   109.3356895456361
317.5   10.07972254949974   112.00306562465666
318.5   9.991909407030024   114.7013969604704
319.5   9.891407407160354   117.37986566672673
320.5   9.774217878442393   119.9782154164913
321.5   9.635433276308744   122.42495614247406
322.5   9.469243709892448   124.63474538044795
323.5   9.269014219481763   126.50485070480556
324.5   9.027477938965214   127.91088775641835
325.5   8.737106796197615   128.70258837869096
326.5   8.390730720291872   128.7012700514514
327.5   7.9824641093247095   127.70192491887701
328.5   7.508944615650204   125.4840802503827
329.5   6.970776509999587   121.83588695721878
330.5   6.373903046258275   116.5937584310862
331.5   5.730461644461386   109.69394359595604
332.5   5.058613246117833   101.2232823589832
333.5   4.38100843927378   91.4485124307968
334.5   3.721988954675817   80.80420484058143
335.5   3.1041615312120237   69.83311542603249
336.5   2.5453124748991476   59.09427205450548
337.5   2.0565214745926026   49.069862151000095
338.5   1.641834064434778   40.10100301247347
339.5   1.299268539879672   32.366490757411725
340.5   1.0225734182780433   25.899558843839593
341.5   0.8031177743258351   20.626463651531967
342.5   0.6314864632208017   16.409963233868194
343.5   0.4985979722377282   13.086384472894567
344.5   0.39635004221728326   10.491696944427227
345.5   0.31789425806107185   8.476782762983689
346.5   0.25766404538295895   6.91434290643702
347.5   0.21126380295661826   5.700317729355936
348.5   0.17529662392742584   4.752234050957553
349.5   0.14717898253309103   4.006168267237318
350.5   0.12496856572014099   3.4133591659879188
351.5   0.10721671544785774   2.9370221942245736
352.5   0.09284826431217251   2.5496066615105546
353.5   0.08106703351695935   2.230558447673595
354.5   0.07128333659239319   1.9645594344564807
355.5   0.06305936337626404   1.7401763593739599
356.5   0.05606857952936331   1.5488423081258618
357.5   0.05006583843628808   1.3840988342781744
358.5   0.04486553255804144   1.241037229166319
359.5   0.04032569758649412   1.1158892651514254
360.5   0.03633648075912638   1.0057286777260181
361.5   0.03281178546413445   0.908253915631275
362.5   0.02968321563827522   0.8216301251502667
363.5   0.026895679556929928   0.7443741038780662
364.5   0.024404188499900774   0.6752703295780794
365.5   0.02217151514031957   0.613309425390694
366.5   0.020166470732404077   0.5576428179619393
367.5   0.018362628341651192   0.5075490919750261
368.5   0.01673736839568247   0.4624088094278444
369.5   0.015271157995246866   0.4216854739830177
370.5   0.0139470005561515   0.38491097543806746
371.5   0.012750010299878321   0.3516743186918213
372.5   0.011667078907872356   0.321612777214948
373.5   0.01068661078181305   0.2944048509742646
374.5   0.00979830987002751   0.2697645804036257
375.5   0.008993005670624865   0.24743689060421087
376.5   0.008262509358694705   0.22719372797544776
377.5   0.007599493370405834   0.20883081437453765
378.5   0.006997389502183694   0.1921648893861913
379.5   0.0064503018204211315   0.17703134383702673
380.5   0.00595293158458476   0.16328217153295727
381.5   0.005500512040430714   0.1507841833290243
382.5   0.005088751424267638   0.13941744029351813
383.5   0.004713782878307088   0.12907387208706306
384.5   0.0043721202405434595   0.1196560535076365
385.5   0.004060618876306164   0.1110761174293118
386.5   0.003776440870068439   0.10325478626755595
387.5   0.003517024013907655   0.0961205071329481
388.5   0.0032800541214305047   0.08960867821512819
389.5   0.0030634402686129454   0.08366095580084626
390.5   0.0028652926202840643   0.07822463280318438
391.5   0.002683902549726702   0.07325208093695934
392.5   0.0025177247963519846   0.06870024964199917
393.5   0.002365361439329629   0.06453021571254373
394.5   0.0022255474923979926   0.060706778305561
395.5   0.002097137947952577   0.05719809460220965
396.5   0.001979096118361661   0.053975351921533896
397.5   0.0018704831397149478   0.05101247254665773
398.5   0.0017704485182032294   0.0482858479260991
399.5   0.001678221612192909   0.04577409926087322
400.5   0.0015931039546077932   0.04345786180237994
401.5   0.0015144623306894193   0.04131959047327231
402.5   0.0014417225344151201   0.03934338464943515
403.5   0.0013743637359208583   0.03751483019246029
404.5   0.0013119133980660713   0.03582085698396977
405.5   0.0012539426879026405   0.03424961042562398
406.5   0.0012000623333331736   0.03279033549650207
407.5   0.001149918881094644   0.03143327212381032
408.5   0.0011031913160366388   0.030169560731837533
409.5   0.001059588006381859   0.028991156967088448
410.5   0.0010188439425460136   0.027890754680320914
411.5   0.0009807182409356872   0.026861716354712472
412.5   0.0009449918866122538   0.025898010240362337
413.5   0.0009114656916129873   0.024994153537504293
414.5   0.0008799584477694997   0.024145161029715336
415.5   0.0008503052552398046   0.02334649863578316
416.5   0.0008223560096037323   0.022594041395772802
417.5   0.0007959740322769317   0.02188403546096788
418.5   0.0007710348302759949   0.02121306369398892
419.5   0.0007474249729637685   0.020578014530651473
420.5   0.0007250410745478545   0.01997605378777107
421.5   0.0007037888720487327   0.01940459912810749
422.5   0.0006835823897440424   0.01886129693001838
423.5   0.0006643431817664443   0.01834400132860679
424.5   0.0006459996453702435   0.017850755218899256
