3.106365752958476292e-02 3.009870671046943613e-02
1.817214472666642266e-01 1.486987628699731889e-01
3.205435203419745305e-01 2.177953719087487028e-01
3.625193844753038519e-01 2.310990803549506645e-01
3.672631368918325423e-01 2.323809251722036007e-01
1.928647700048896074e-01 1.556679504958506377e-01
1.741133423069832209e-01 1.437978863376745131e-01
9.740846547104568820e-02 8.792005632562178985e-02
4.024199667912858186e-02 3.862257838240558405e-02
3.141474505497902081e-01 2.154588298628573040e-01
5.090032908194617178e-01 2.499189407544201713e-01
5.483320312994377499e-01 2.476640147504701739e-01
5.715230631726440080e-01 2.448844514344019618e-01
5.567693380679741288e-01 2.467772422553240474e-01
4.026655164354597805e-01 2.405259983092242482e-01
4.132442650352014524e-01 2.424734424507176411e-01
4.022865531808625938e-01 2.404520823107235972e-01
3.914360921153541284e-01 2.382138779048141308e-01
3.112209351630345622e-01 2.143624646792808008e-01
1.409896166850247157e-01 1.211115446720345129e-01
1.103438301210809408e-01 9.816806927529096727e-02
1.303566041024939101e-02 1.286573196791804784e-02
1.853825436480403127e-02 1.819458748990985392e-02
2.107107206426383356e-02 2.062708198632643222e-02
4.988104939816660061e-02 4.739293030910426280e-02
6.151048615351117910e-02 5.772694624666988711e-02
5.678382678414114343e-02 5.355942379988979513e-02
3.144428681184772978e-02 3.045554363874198797e-02
4.226463146901907747e-02 4.047833239580708037e-02
2.716649609876984894e-01 1.978631099592507436e-01
4.030921707593264069e-01 2.406088726318604543e-01
4.378345936074669598e-01 2.461354622480512178e-01
3.752150243275131358e-01 2.344287098464168662e-01
3.957579018220184208e-01 2.391335849674520453e-01
4.565705925696223466e-01 2.481138865702462448e-01
3.554965017622256362e-01 2.291187389970455457e-01
4.312379637366776236e-02 4.126413455999020097e-02
2.581335476183678201e-01 1.915006192123236417e-01
5.545946786235499415e-01 2.470194210659912848e-01
5.762957636720549282e-01 2.441789564456979256e-01
5.634079907855317204e-01 2.459794267045419258e-01
9.391500038491351621e-02 8.509497308761521106e-02
4.259553585263596565e-02 4.078115617806277182e-02
1.472438992330905860e-01 1.255631333717260600e-01
2.734935713024281290e-01 1.986948377586718051e-01
3.155515568138618776e-01 2.159787718062099737e-01
3.148657949743544626e-01 2.157253261295222491e-01
8.394752618142670153e-02 7.690033902944537481e-02
1.614102607155088950e-02 1.588049334890840464e-02
1.893096249962703459e-03 1.889512436551080534e-03
5.627140676090131022e-02 5.310493554205050065e-02
4.824451099651868025e-01 2.496918258358656051e-01
5.545147372530770946e-01 2.470281434222279526e-01
5.612546360787802335e-01 2.462478695588561917e-01
5.389058446157383164e-01 2.484863352547360127e-01
5.364687984148233113e-01 2.486700267421789734e-01
5.473909551137166041e-01 2.477540973734096985e-01
3.714904243237585058e-01 2.334852889595123715e-01
5.281238577939536549e-01 2.492090486227854784e-01
5.697778415503719218e-01 2.451310528285711721e-01
5.659641739473649791e-01 2.456487277554417759e-01
4.732698235896101724e-01 2.492854976690694335e-01
3.593900888368782853e-01 2.302288528826990088e-01
1.416282630061710401e-01 1.215696981240258767e-01
2.109940992649589342e-01 1.664755893403275788e-01
1.081935573417521779e-01 9.648771149148915871e-02
3.337148514304689832e-03 3.326011954098164001e-03
6.153371985914717415e-03 6.115507999117677541e-03
1.173334703116751671e-01 1.035663270562944133e-01
2.263858832118425812e-01 1.751353150942365489e-01
1.774366575636646681e-01 1.459528901162994718e-01
4.872201068241054922e-01 2.498366743304127335e-01
5.615500418179003583e-01 2.462115923522147365e-01
5.739355392574183590e-01 2.445335360347147269e-01
5.559749273379112067e-01 2.468668075095155623e-01
5.545453442847676495e-01 2.470248054168561747e-01
5.712692967951386036e-01 2.449206873343264257e-01
5.661809807463167310e-01 2.456200777874556485e-01
5.413394635547715827e-01 2.482910487530037291e-01
5.340686963774384788e-01 2.488393239271419199e-01
5.606755697149123918e-01 2.463184752397707955e-01
5.618672917396898558e-01 2.461724382127961075e-01
4.392141699797645349e-01 2.463050828687510518e-01
1.099460431408515355e-02 1.087372299006185428e-02
