0.000000000000000000e+00 0.000000000000000000e+00
9.965448152809011986e-03 9.866137995922686851e-03
1.277278760681184802e-02 1.260964350356312200e-02
1.351646428028323473e-02 1.333376947364306279e-02
1.409963893608662082e-02 1.390083911795861153e-02
1.431222510065749409e-02 1.410738531332560337e-02
1.254139475547153861e-02 1.238410817305896951e-02
1.035056904777932607e-02 1.024343476816647926e-02
2.923891984940165962e-03 2.915342840600568773e-03
5.103631423261818789e-04 5.101026717891368138e-04
1.237325734450344593e-05 1.237310424700613338e-05
2.273661150719892039e-08 2.273661099024541848e-08
3.360430156177712660e-07 3.360429026928629209e-07
1.456174649097278318e-06 1.456172528652669598e-06
1.456883191632014998e-06 1.456881069123380956e-06
1.156325633722967363e-06 1.156324296633996207e-06
3.250027607096724063e-06 3.250017044417277023e-06
3.127914320407549752e-03 3.118130472411739275e-03
8.757083194671434062e-03 8.680396688593036703e-03
7.370349096126405097e-02 6.827128638138692251e-02
8.655619009743183156e-02 7.906421605324907842e-02
1.349869668886372609e-01 1.167654856588432044e-01
1.424461940637236079e-01 1.221552758604836086e-01
1.142732808774581665e-01 1.012148981549597232e-01
9.293586443504162076e-02 8.429878953675318254e-02
8.553286081967077792e-02 7.821699053967361148e-02
8.659254109957048584e-02 7.909427292548967814e-02
6.693717819286243431e-02 6.245659236843941614e-02
2.145535841378456640e-02 2.099502600912061048e-02
6.250151895387610207e-03 6.211087496672192641e-03
2.272655758419855291e-03 2.267490794223576273e-03
5.191396379719900059e-05 5.191126873756186498e-05
2.283503023867207121e-05 2.283450880006606965e-05
3.005703174834239945e-05 3.005612832318487726e-05
5.657399796236443050e-09 5.657399764230270817e-09
2.268298274275263091e-06 2.268293129098201942e-06
2.268280349191396122e-06 2.268275204095653524e-06
2.262640874479025915e-06 2.262635754935298909e-06
0.000000000000000000e+00 0.000000000000000000e+00
0.000000000000000000e+00 0.000000000000000000e+00
0.000000000000000000e+00 0.000000000000000000e+00
0.000000000000000000e+00 0.000000000000000000e+00
0.000000000000000000e+00 0.000000000000000000e+00
1.148969410175382580e-02 1.135768103120194869e-02
1.547115639783556984e-02 1.523179971754928114e-02
1.736977919226751280e-02 1.706806996307938182e-02
1.828790401650845845e-02 1.795345658319143223e-02
1.743773952545233860e-02 1.713366476569481642e-02
1.583519778049972265e-02 1.558444429175217909e-02
1.334394276668228983e-02 1.316588195812179798e-02
5.126516530150200882e-03 5.100235358416297347e-03
1.706943655140632870e-04 1.706652289476450423e-04
8.862857572890485024e-07 8.862849717866049805e-07
3.728128183257824836e-05 3.727989193860316926e-05
3.958228702152155533e-05 3.958072026407570120e-05
5.198310548105089594e-05 5.198040323779544290e-05
1.570499670308698434e-05 1.570475005616554079e-05
1.064923054907625520e-05 1.064911714296496784e-05
9.581108141489346858e-07 9.581098961726025385e-07
5.109748453168678007e-07 5.109745842215752239e-07
1.202012201329781673e-04 1.201867717996567140e-04
3.811844596266224239e-02 3.666543004005384104e-02
6.500082202709533963e-02 6.077571516289721754e-02
7.525213031015744181e-02 6.958924719394052327e-02
7.572149273493720967e-02 6.998774827293005596e-02
6.992773507563176949e-02 6.503784694282402357e-02
2.250050321556000890e-02 2.199423057060658285e-02
8.459121960801910256e-03 8.387565216454189246e-03
8.109811349750674359e-03 8.044042309622129530e-03
4.744245618556721701e-03 4.721737752067527334e-03
9.798571399326208228e-04 9.788970199179438704e-04
2.055171631391757838e-04 2.054749258348310059e-04
8.194334679503257593e-05 8.193663208294859994e-05
7.575992962439145406e-08 7.575992388482452330e-08
1.085015498259337201e-07 1.085015380533474116e-07
1.364868461879799670e-05 1.364849833220617390e-05
1.579997297972062583e-05 1.579972334057446544e-05
1.737079051289196728e-05 1.737048876852892367e-05
1.590611089747687032e-05 1.590585789311298835e-05
3.253640576155606605e-06 3.253629989978607986e-06
1.196876920530232117e-09 1.196876919097717837e-09
0.000000000000000000e+00 0.000000000000000000e+00
0.000000000000000000e+00 0.000000000000000000e+00
0.000000000000000000e+00 0.000000000000000000e+00
