5.834357761100749107e-01 2.430384712649094614e-01
5.834357761100749107e-01 2.430384712649094614e-01
5.834357761100749107e-01 2.430384712649094614e-01
2.328980801659651656e-01 1.099979866484332991e-01
1.137466273282994045e-01 5.577820916847106569e-02
4.402649731425944263e-02 2.278919310602908754e-02
5.967161157930975929e-03 2.985821429750809639e-03
3.146818185262933477e-03 1.569269108426604156e-03
1.095063253257357863e-03 5.463324631000443824e-04
7.280469160503074723e-03 3.633087875439445450e-03
1.754187749743120819e-02 8.482691054979171058e-03
2.194394542508057780e-02 1.077487486349963837e-02
1.731116754341788244e-01 9.651852792388382341e-02
1.819372598693636267e-01 1.037712291739740778e-01
1.838544555386130985e-01 1.015820318894731095e-01
2.002512829860608190e-01 9.778539241668737780e-02
1.439094738816754093e-01 5.812860102919250455e-02
6.726611111151066524e-02 2.926507705506440141e-02
5.411260475279077581e-02 2.412812838326363479e-02
5.484208394899591291e-03 2.712027655731108402e-03
2.255151683125650825e-04 1.127067270651434982e-04
1.522499480550713446e-03 7.589317356070794966e-04
6.390685335672573403e-04 3.191258581930328780e-04
2.416274089009688665e-04 1.207553206457522374e-04
6.018633118073939039e-05 3.008954319590869669e-05
6.303955632356874575e-05 3.151580417612290171e-05
1.172953841795614351e-04 5.863393388263088727e-05
8.612741588146753668e-04 4.298952862306957374e-04
1.211986896329587585e-04 6.058465569411063513e-05
5.570782519558223572e-05 2.785080923600309703e-05
1.895725757885668978e-05 9.478269411813433325e-06
1.508345775754958392e-04 7.539453771795554709e-05
7.046745167987786805e-05 3.522876017819268041e-05
4.080509279954491189e-04 2.038589584378866038e-04
6.913524415079831502e-03 3.408965387702011032e-03
1.667018752630036130e-03 8.307304247933978416e-04
4.819812281212797114e-04 2.407583081563785489e-04
8.904160297849362301e-04 4.444151741863701681e-04
1.998456998662021585e-03 9.956912081747126483e-04
3.349118029338730117e-03 1.663342423094923408e-03
3.427958786688276201e-03 1.702228491900904849e-03
4.418514235434416876e-03 2.189733849668471996e-03
5.834357761100749107e-01 2.430384712649094614e-01
5.834357761100749107e-01 2.430384712649094614e-01
5.834357761100749107e-01 2.430384712649094614e-01
5.834357761100749107e-01 2.430384712649094614e-01
1.124175017845450153e-01 5.465467715279818950e-02
3.719865015243697254e-02 1.984053438515166051e-02
1.767091977890653323e-02 1.014325362128890365e-02
4.502871339829906706e-03 2.255333719186635583e-03
1.709384281812136768e-03 8.522314839293199627e-04
1.814360747982343702e-02 8.886745278030469888e-03
3.845679876066018105e-02 1.810093453381167797e-02
9.513354175270431756e-02 4.161128661417182878e-02
2.335988906956660005e-01 1.335017205918767880e-01
2.174431650039662378e-01 1.208830220437957098e-01
2.781509088081427494e-01 1.116161882849416725e-01
1.833674035353722864e-01 7.125489524210648629e-02
9.544786952518102829e-02 3.861363896569453003e-02
6.554143402731725521e-02 2.847503743930144757e-02
5.062266366458007677e-02 2.274867775579284337e-02
2.051320192638517582e-04 1.025239304865986135e-04
1.131331762456269642e-06 5.656646013165780993e-07
9.389790652422927116e-05 4.694013644526499987e-05
2.483268823566190243e-04 1.241017749378085539e-04
7.136885278466964749e-05 3.567933287918702599e-05
7.478477464555729893e-06 3.739182804652677012e-06
9.731179168551874076e-06 4.865494888427926475e-06
5.528465888011033723e-05 2.763927304654768014e-05
2.278781988019605055e-04 1.138871709274910221e-04
1.962202115019375136e-05 9.810625551382856958e-06
1.742059239859641736e-05 8.709992722258689900e-06
2.878359084967614675e-05 1.439096692973587231e-05
2.581609986674211201e-04 1.290138522324776015e-04
1.137818472509908148e-04 5.687797731673156223e-05
3.539074731781554966e-04 1.768284860895063962e-04
5.877325148803483508e-03 2.904119623496983788e-03
5.234534370676252601e-04 2.614527150330346974e-04
3.716429730429182568e-04 1.856833680220469369e-04
2.073018114435081025e-03 1.032211653114764637e-03
4.475893728992708966e-03 2.217913239823118138e-03
5.475941476601167181e-03 2.707984803245422518e-03
2.198111504249859044e-02 1.050895027654385853e-02
8.710907648881232104e-03 4.280810718321989040e-03
5.834357761100749107e-01 2.430384712649094614e-01
5.834357761100749107e-01 2.430384712649094614e-01
5.834357761100749107e-01 2.430384712649094614e-01
5.834357761100749107e-01 2.430384712649094614e-01
5.834357761100749107e-01 2.430384712649094614e-01
5.857518079399679639e-02 2.992529897006940623e-02
2.081471411593081855e-02 1.170817818484142132e-02
2.025265592428886902e-02 1.128252291773964612e-02
2.187531060461967228e-02 1.051315916509107037e-02
4.140686388435136506e-02 1.971535321888256281e-02
2.152577765167821011e-01 1.216221598743633114e-01
2.389972062154417654e-01 1.369405592811432371e-01
2.537461991613562673e-01 1.397777346955696443e-01
3.000146183683182755e-01 1.257948309949018517e-01
2.499823223587540888e-01 9.768633260697566489e-02
1.185309165779221408e-01 4.599244730252990271e-02
8.712294329705388973e-02 3.597318475827489259e-02
8.296605994431179411e-04 4.141419630112906430e-04
2.545168049406821295e-04 1.271936236663438562e-04
1.098189048199954971e-04 5.489739221814188237e-05
5.548895515363743337e-06 2.774416967440431186e-06
1.704347923632487866e-05 8.521449137977960632e-06
7.601634745402035218e-06 3.800759587850214971e-06
1.294862236249873767e-05 6.474143514428282375e-06
5.907437271426586720e-06 2.953683737898177610e-06
9.369899644414448819e-06 4.684862027187878080e-06
1.591557893463363036e-05 7.957536161663989797e-06
1.079817140031742202e-04 5.397919695102804978e-05
1.152135962643540734e-05 5.760547071490062260e-06
9.394852003759287211e-06 4.697337738635471434e-06
5.791319163449439164e-05 2.895324187948190332e-05
1.608036461604536195e-04 8.037596526760831827e-05
8.119996075215867644e-05 4.059338694245318577e-05
3.237444118119251596e-04 1.617673954617831371e-04
3.645948378997356052e-03 1.809681249916364563e-03
6.899264101756136290e-04 3.444872066363490197e-04
4.180957317561151214e-04 2.088730618371448786e-04
1.856617756153122398e-03 9.248618485840981928e-04
3.028166475697082957e-03 1.505459175853911952e-03
6.424428030502213859e-03 3.175461056411436802e-03
2.450753368583883512e-02 1.165678100159904182e-02
9.564681016322634441e-03 4.692605674872923904e-03
2.328980801659651656e-01 1.099979866484332991e-01
5.834357761100749107e-01 2.430384712649094614e-01
5.834357761100749107e-01 2.430384712649094614e-01
5.834357761100749107e-01 2.430384712649094614e-01
5.834357761100749107e-01 2.430384712649094614e-01
5.834357761100749107e-01 2.430384712649094614e-01
6.714529108752073649e-02 3.399456884310930738e-02
3.388540920510998283e-02 1.792863148974991813e-02
7.571476239961046073e-02 3.594009994249705575e-02
2.513958510470726271e-01 1.310091092297841764e-01
2.587196779725566831e-01 1.426262721645859544e-01
2.567128961112608021e-01 1.423815178433899264e-01
3.344809920428771788e-01 1.387350326978432635e-01
2.018637027938275652e-01 6.830130949429874532e-02
1.113011050467330454e-01 4.362609995379778532e-02
1.022908163972704176e-01 4.097222902872248856e-02
8.357750921269264943e-02 3.480355456014860155e-02
2.931516420230285578e-04 1.464898831262934748e-04
6.819597127289138590e-04 3.405147873146716140e-04
2.670038121955257103e-04 1.334370860972067870e-04
1.249088897826931810e-05 6.245288466827191659e-06
1.845025867275617955e-05 9.224788924332998530e-06
1.615344028343125403e-05 8.076459208082636460e-06
2.413236082314153269e-05 1.206563375680607487e-05
1.284155007853880652e-05 6.420688862390235528e-06
2.401587144199367294e-05 1.200735895891571800e-05
1.790046464481241729e-05 8.949911895771708121e-06
4.066489058125259253e-05 2.033092003607628873e-05
2.630637650828042989e-05 1.315249622869522023e-05
2.583594553496172083e-05 1.291730527139917458e-05
6.469030384901164451e-05 3.234096708909374153e-05
2.274203117215475964e-04 1.136584358625902710e-04
1.811487185374814483e-04 9.054154441051295334e-05
6.979200041436694427e-04 3.484729097396508063e-04
5.943622292552106640e-03 2.938013529502575202e-03
6.921189788829927060e-04 3.455804607605663195e-04
8.381102394424513099e-04 4.183526909477673530e-04
2.244379642447608472e-03 1.117152581244370939e-03
4.535795468000433130e-03 2.247324293472683417e-03
1.078961754010318054e-02 5.285527892738467286e-03
4.758130492721866084e-02 2.184131148811267048e-02
5.190661288672560741e-02 2.415908591077103179e-02
1.137466273282994045e-01 5.577820916847106569e-02
1.124175017845450153e-01 5.465467715279818950e-02
5.834357761100749107e-01 2.430384712649094614e-01
5.834357761100749107e-01 2.430384712649094614e-01
5.834357761100749107e-01 2.430384712649094614e-01
5.834357761100749107e-01 2.430384712649094614e-01
5.834357761100749107e-01 2.430384712649094614e-01
1.912290129830515883e-01 8.734128213688940878e-02
2.603605838973615527e-01 1.308666959570858879e-01
2.954818366162114684e-01 1.556822910242274260e-01
2.875394546626188763e-01 1.526808976737955847e-01
3.037151976099141115e-01 1.318191466951924573e-01
2.775648089338556557e-01 1.122211910225777431e-01
1.103925122359256245e-01 4.313367354626174849e-02
9.480530154612126781e-02 3.850052391873411833e-02
5.136972261525971084e-03 2.552132219627452434e-03
4.546560107684072759e-04 2.271212932960757903e-04
1.669824360180255124e-04 8.346333487507424129e-05
1.317055283281864031e-04 6.583541781790100043e-05
2.134845122334145433e-04 1.066966804797437300e-04
5.958366032894604536e-05 2.978827995189482647e-05
1.569138131416319157e-04 7.843228462606131022e-05
4.533310931500067649e-05 2.266449956670017345e-05
2.569331473451989231e-05 1.284599722083789854e-05
1.939646026095650261e-05 9.697853907807595642e-06
2.272683403088336708e-05 1.136290050645661599e-05
1.887710778021071630e-05 9.438209403108261848e-06
1.708809661772044963e-05 8.544155247629178028e-06
9.508678581156524307e-06 4.754295572285474648e-06
5.720391411334293175e-06 2.860162982789247857e-06
1.894750352778485315e-05 9.473392756002490476e-06
3.729658557143242464e-05 1.864690175042092363e-05
3.639319220925673227e-05 1.819527164018918791e-05
2.322785752508638580e-04 1.160853342889113553e-04
4.835597129642382622e-04 2.415460264861170726e-04
2.377274747568554336e-04 1.188072230261734462e-04
7.721634283196063177e-04 3.854854777997688523e-04
1.598232435609650559e-03 7.965618708865904824e-04
3.522247867532429626e-03 1.748717703725878028e-03
1.333903161773095265e-02 6.517550458505080684e-03
1.050757926488404305e-02 5.175139231622052742e-03
2.940889658355063524e-02 1.425738830886096216e-02
4.402649731425944263e-02 2.278919310602908754e-02
3.719865015243697254e-02 1.984053438515166051e-02
5.857518079399679639e-02 2.992529897006940623e-02
5.834357761100749107e-01 2.430384712649094614e-01
5.834357761100749107e-01 2.430384712649094614e-01
5.834357761100749107e-01 2.430384712649094614e-01
5.834357761100749107e-01 2.430384712649094614e-01
5.834357761100749107e-01 2.430384712649094614e-01
3.598934496550288964e-01 1.703499305246275464e-01
3.173879166238536831e-01 1.639488292901541133e-01
3.616324581796250270e-01 1.520142635950007814e-01
1.746926828515165120e-01 6.041847749955506219e-02
1.140231420866809620e-01 4.494839771954892149e-02
1.047215418498232131e-01 4.157936367908689201e-02
8.690388342907663655e-02 3.590828754599876410e-02
7.052000178927999912e-04 3.521687670853297517e-04
2.386274570998940048e-04 1.192567854866650350e-04
2.465256190200568274e-04 1.232020346291951994e-04
1.673107048998031827e-04 8.362735957792752329e-05
2.571183338779220277e-04 1.284930571022893187e-04
2.537641452929411559e-05 1.268756330223269472e-05
4.475844341953440832e-05 2.237721839150986569e-05
1.877320160081078076e-05 9.386248367307045026e-06
1.765729330489214060e-05 8.828334872439215494e-06
7.144175889928110334e-06 3.572036905714909147e-06
1.638557992534186864e-05 8.192521475441443918e-06
1.190919271658329790e-05 5.954454529420488361e-06
2.050916187274408017e-05 1.025447495118406122e-05
2.626823071037885087e-05 1.313342533524477178e-05
3.805419432274285231e-05 1.902564903966587220e-05
4.222621611821799926e-05 2.111132500578133598e-05
9.227853613757652719e-05 4.613075274055656650e-05
6.303869871459188317e-05 3.151537547976031322e-05
2.153489266846958018e-04 1.076280881821236517e-04
3.074521961963503410e-04 1.536315712452291998e-04
2.025525875498904627e-04 1.012352662242220724e-04
2.870625346085635106e-04 1.434488624055058536e-04
7.582205680227395092e-04 3.785353855815970264e-04
1.434391233490438710e-03 7.151381385345050848e-04
1.240708143235296108e-02 6.049605046507443296e-03
1.897214747016458258e-02 9.228645189441931490e-03
5.380268904026041382e-02 2.464715806411183624e-02
5.967161157930975929e-03 2.985821429750809639e-03
1.767091977890653323e-02 1.014325362128890365e-02
2.081471411593081855e-02 1.170817818484142132e-02
6.714529108752073649e-02 3.399456884310930738e-02
5.834357761100749107e-01 2.430384712649094614e-01
5.834357761100749107e-01 2.430384712649094614e-01
5.834357761100749107e-01 2.430384712649094614e-01
5.834357761100749107e-01 2.430384712649094614e-01
5.834357761100749107e-01 2.430384712649094614e-01
3.113732414759875500e-01 1.499975544046630027e-01
2.905827000568320662e-01 1.156159414179321193e-01
1.159747901511159474e-01 4.548483250054891069e-02
9.093236429070422622e-02 3.724022027069048141e-02
3.797321494679146373e-03 1.884267305342565918e-03
7.733241242810470805e-04 3.869619872248646389e-04
2.803218778874740210e-04 1.401158133693983189e-04
7.702160832505141751e-05 3.850487183437672860e-05
3.271229860863553412e-05 1.635507920983750614e-05
5.863246672443244822e-05 2.931279559606203295e-05
1.014123237576767389e-04 5.069587742076930929e-05
1.425011107056062218e-05 7.124852469614787968e-06
9.601043118532526211e-05 4.799599758976623670e-05
1.306848026165768358e-05 6.534069345652492260e-06
1.529055447005875528e-05 7.645043433973376353e-06
2.142602551315642162e-05 1.071255368200892100e-05
2.591231608343735283e-05 1.295548659359386904e-05
9.328987118053934003e-06 4.664406529026318205e-06
1.846715070930119031e-05 9.233596882820763394e-06
2.503713518790697855e-05 1.251798743249064424e-05
2.348509801177949173e-05 1.174199745606112324e-05
2.817005701276160056e-05 1.408423495426869847e-05
5.309283119597229969e-05 2.654359674926174697e-05
4.154646059854197131e-05 2.077150419088272040e-05
1.718260387950024256e-04 8.588349520989322435e-05
1.509418778741774354e-04 7.544815548659254115e-05
5.955581260636605472e-05 2.977435940836782325e-05
1.142655391350390803e-04 5.711971295408572210e-05
1.941985250237547231e-04 9.706154944475595321e-05
8.720160131853837548e-04 4.352475946654401425e-04
8.965341178009112594e-03 4.402293246566450248e-03
1.404846697500869435e-02 6.842222256338197431e-03
4.794648569952601053e-02 2.180351888588169876e-02
3.146818185262933477e-03 1.569269108426604156e-03
4.502871339829906706e-03 2.255333719186635583e-03
2.025265592428886902e-02 1.128252291773964612e-02
3.388540920510998283e-02 1.792863148974991813e-02
1.912290129830515883e-01 8.734128213688940878e-02
5.834357761100749107e-01 2.430384712649094614e-01
5.834357761100749107e-01 2.430384712649094614e-01
5.834357761100749107e-01 2.430384712649094614e-01
5.834357761100749107e-01 2.430384712649094614e-01
5.834357761100749107e-01 2.430384712649094614e-01
2.288228674198451718e-01 9.491954958106152418e-02
1.076262839347806310e-01 4.363654814585770508e-02
8.733009256569419787e-02 3.606172499135094217e-02
3.915046896052891434e-04 1.955992403638580714e-04
3.701092065509003831e-04 1.854798424408920067e-04
1.249313975003355718e-04 6.245615671082045391e-05
7.490012644336389467e-05 3.744445319274071590e-05
3.027488589320155826e-05 1.513652637788493271e-05
7.852309481215582760e-05 3.925538152965903787e-05
2.265611050991732215e-04 1.132292226190486663e-04
1.648947834285390663e-04 8.242020142466759494e-05
2.005990019544494146e-04 1.002592610176395805e-04
4.979366218502159444e-05 2.489435168371700174e-05
3.056355534150735707e-05 1.528084353983856511e-05
5.095386098563787212e-05 2.547433419686959382e-05
5.888171433311224128e-05 2.943739011027331499e-05
1.789532177846783791e-05 8.947340646692364871e-06
3.003969471960338280e-05 1.501924018187481741e-05
4.404099441637950030e-05 2.201855759900056710e-05
6.979554845074962383e-05 3.489290280679127056e-05
8.376207605273615939e-05 4.187402194098341249e-05
1.099724502444189610e-04 5.497413118239671809e-05
5.450871769702580626e-05 2.725138764820793025e-05
8.781004085906945209e-05 4.389732305379296886e-05
6.045747418210339376e-05 3.022508198486721813e-05
5.395302683022097065e-05 2.697360248600634374e-05
7.256785241697070695e-05 3.627866011528093953e-05
1.536587120930313626e-04 7.680574504671359461e-05
1.419041061013283540e-02 6.893837551782247379e-03
6.808561889843783854e-02 2.940715794843560410e-02
1.392805544074532942e-01 5.026205579193990247e-02
1.790455283153253030e-01 5.804818986379058771e-02
1.095063253257357863e-03 5.463324631000443824e-04
1.709384281812136768e-03 8.522314839293199627e-04
2.187531060461967228e-02 1.051315916509107037e-02
7.571476239961046073e-02 3.594009994249705575e-02
2.603605838973615527e-01 1.308666959570858879e-01
3.598934496550288964e-01 1.703499305246275464e-01
5.834357761100749107e-01 2.430384712649094614e-01
5.834357761100749107e-01 2.430384712649094614e-01
5.834357761100749107e-01 2.430384712649094614e-01
5.834357761100749107e-01 2.430384712649094614e-01
5.834357761100749107e-01 2.430384712649094614e-01
6.351289452436593985e-02 2.810450524369816766e-02
8.534465756645485610e-03 4.197427496860952657e-03
1.293293132839468205e-04 6.467880705090194417e-05
2.646382981735400947e-04 1.322491156579098720e-04
4.779191011840706736e-05 2.389954228033358243e-05
1.388385907206917509e-04 6.940001920607257043e-05
6.787036240403928570e-05 3.393057481592678601e-05
6.026153733126150087e-05 3.012713721274922418e-05
2.225291287278311934e-04 1.112150451545890504e-04
2.346304656546678959e-04 1.172601813719206278e-04
1.896049462395092288e-04 9.476652308411612235e-05
4.742202311678296394e-05 2.370876271011499272e-05
4.749734355176631599e-05 2.374641577823868418e-05
9.719475204204714434e-05 4.858792920119905847e-05
7.630789006651540448e-05 3.814812213917129614e-05
1.377163462157559924e-05 6.885627652867649434e-06
1.316466733222382592e-05 6.582381604827544882e-06
5.500736424726031438e-05 2.750065631350872566e-05
7.856189859687561557e-05 3.927477732652666365e-05
1.656662545886173276e-04 8.280568199390101359e-05
1.254825779359710280e-04 6.272554309062006248e-05
6.535945418292570701e-05 3.267545523321176468e-05
8.768723115938209794e-05 4.383593292667063165e-05
6.294186964596677660e-05 3.146698109761725064e-05
7.891217925659416643e-05 3.944986249626206116e-05
1.016841332115027798e-04 5.083172694280441574e-05
1.495267295673347453e-04 7.474100654081226587e-05
1.700448477979239759e-02 8.213089887270007272e-03
2.286557413281639917e-01 6.204442262174975076e-02
2.546548278862224013e-01 6.293266166315177046e-02
2.466860939679525744e-01 6.429599068199595702e-02
7.280469160503074723e-03 3.633087875439445450e-03
1.814360747982343702e-02 8.886745278030469888e-03
4.140686388435136506e-02 1.971535321888256281e-02
2.513958510470726271e-01 1.310091092297841764e-01
2.954818366162114684e-01 1.556822910242274260e-01
3.173879166238536831e-01 1.639488292901541133e-01
3.113732414759875500e-01 1.499975544046630027e-01
5.834357761100749107e-01 2.430384712649094614e-01
5.834357761100749107e-01 2.430384712649094614e-01
5.834357761100749107e-01 2.430384712649094614e-01
5.834357761100749107e-01 2.430384712649094614e-01
5.834357761100749107e-01 2.430384712649094614e-01
1.282836684550269120e-02 6.794483960467960840e-03
1.272755381764315019e-03 6.360629222538934351e-04
7.848146554489762337e-04 4.034582016643668313e-04
4.956937886487093386e-04 2.480771507180680479e-04
3.788083388949165333e-04 1.900886099651418317e-04
1.211435378643431270e-04 6.055709317562675640e-05
3.814843838282900288e-04 1.910506962658714103e-04
3.914636750288567478e-04 1.955844066104626966e-04
2.335696402377757314e-04 1.167302653420470562e-04
2.380896122266738747e-04 1.189881194498866883e-04
9.939653631437098743e-05 4.968845402424868087e-05
2.029614737886777077e-04 1.014395435344963848e-04
1.936098400952473509e-04 9.676743527744196942e-05
1.468159861204464589e-04 7.338643812644270994e-05
6.688586050396510153e-05 3.343848379512199295e-05
1.157898668053661441e-04 5.788153286403920609e-05
8.591788228139090136e-05 4.295155925819973031e-05
1.649783502541368426e-04 8.246195727101584183e-05
2.040776245018499093e-04 1.019971934433544129e-04
2.166807511949004922e-04 1.082934250495118649e-04
1.115874567030551083e-04 5.578127872353009597e-05
4.650185463939741589e-04 2.322930933627884002e-04
3.585333592236843452e-04 1.791381487998266726e-04
2.721489221248991680e-04 1.360003960266358274e-04
2.412998324575130736e-04 1.205916906196125075e-04
8.752734435040131211e-02 3.610263616616692789e-02
2.624816555959165187e-01 6.330979709271801481e-02
2.867351462741549728e-01 6.935651328832173612e-02
3.287214510386304855e-01 1.069000972947219408e-01
3.068387700350030944e-01 1.017648319486009478e-01
1.754187749743120819e-02 8.482691054979171058e-03
3.845679876066018105e-02 1.810093453381167797e-02
2.152577765167821011e-01 1.216221598743633114e-01
2.587196779725566831e-01 1.426262721645859544e-01
2.875394546626188763e-01 1.526808976737955847e-01
3.616324581796250270e-01 1.520142635950007814e-01
2.905827000568320662e-01 1.156159414179321193e-01
2.288228674198451718e-01 9.491954958106152418e-02
5.834357761100749107e-01 2.430384712649094614e-01
5.834357761100749107e-01 2.430384712649094614e-01
5.834357761100749107e-01 2.430384712649094614e-01
5.834357761100749107e-01 2.430384712649094614e-01
5.834357761100749107e-01 2.430384712649094614e-01
3.200700505677224385e-03 1.606012125308557345e-03
1.515388740874758135e-03 7.875099410478329049e-04
4.809043679130947267e-04 2.409562865071688620e-04
1.618017661724304498e-04 8.087529975687199422e-05
1.964600642880770314e-04 9.819143558717843704e-05
2.897544472161077108e-04 1.447932659788699994e-04
2.514266242573134458e-04 1.256500967812713022e-04
2.199864358496670443e-04 1.099448238928756792e-04
9.513119332295334190e-07 4.756550616203724259e-07
1.004413249839847526e-06 5.022056160739473268e-07
3.768244109248435612e-06 1.884107854960550819e-06
1.817864083244546076e-06 9.089287369924479051e-07
2.953125799468507722e-06 1.476554178782266464e-06
4.201022657543981940e-06 2.100493680180621722e-06
4.202966583359479771e-06 2.101465626751638984e-06
3.461667323621750875e-05 1.730713830404281148e-05
8.071323469115604691e-05 4.035010271932371349e-05
1.572655594355748163e-04 7.860804727210050360e-05
1.678056844492039213e-04 8.387468347686848904e-05
1.576729436964787400e-04 7.881161109106546035e-05
3.517210285153036598e-04 1.757368065757519747e-04
3.829497205489052055e-04 1.913282097859841252e-04
1.065447322340118104e-03 5.315884831733773321e-04
1.518876988306328696e-02 7.363686210970992775e-03
2.260886445615637730e-01 6.192824708109676696e-02
2.778722138054813828e-01 6.172475712537531245e-02
2.806294049618584530e-01 6.317070661642418261e-02
2.228509955194888370e-01 8.321012010485184796e-02
1.045153656732267233e-01 5.300158207331337468e-02
2.194394542508057780e-02 1.077487486349963837e-02
9.513354175270431756e-02 4.161128661417182878e-02
2.389972062154417654e-01 1.369405592811432371e-01
2.567128961112608021e-01 1.423815178433899264e-01
3.037151976099141115e-01 1.318191466951924573e-01
1.746926828515165120e-01 6.041847749955506219e-02
1.159747901511159474e-01 4.548483250054891069e-02
1.076262839347806310e-01 4.363654814585770508e-02
6.351289452436593985e-02 2.810450524369816766e-02
5.834357761100749107e-01 2.430384712649094614e-01
5.834357761100749107e-01 2.430384712649094614e-01
5.834357761100749107e-01 2.430384712649094614e-01
5.834357761100749107e-01 2.430384712649094614e-01
5.834357761100749107e-01 2.430384712649094614e-01
8.081496255252357958e-03 4.133533335980752767e-03
2.572128395773690211e-03 1.288980660158754385e-03
8.982528913616589540e-04 4.483543234875116091e-04
3.784701151404657382e-04 1.890923037691551731e-04
2.482154846899038616e-04 1.240464051695957344e-04
2.886933206145479540e-04 1.442633868679817121e-04
2.108358923955460599e-04 1.053734944242508040e-04
3.654458695920643604e-06 1.827215992891961526e-06
1.831271503329811348e-06 9.156323981095867577e-07
2.109485828008553731e-05 1.054698414699691190e-05
1.136376406250444774e-05 5.681752896118555584e-06
1.683417166165119397e-05 8.416802441490063084e-06
3.795689467487186697e-05 1.897700661158257328e-05
3.093185928103836491e-05 1.546497286060060096e-05
4.295408484928978066e-05 2.147519737123964904e-05
6.537251225790072673e-05 3.268198256359145112e-05
1.356501159238924375e-04 6.780665700799605694e-05
2.030892293567742343e-04 1.015033694433063852e-04
4.586110063878920504e-04 2.290951791387659019e-04
1.016230338190856957e-03 5.070824449951689223e-04
9.656658949494517771e-04 4.819004368540573814e-04
9.086447448133065652e-02 3.717588451789693993e-02
2.205220048168033964e-01 6.163104779997943816e-02
2.798326613459908851e-01 6.161001231701541958e-02
2.859423303888395385e-01 6.717811406011664488e-02
2.834071184555231326e-01 6.482123374778485381e-02
1.918332346092772867e-01 6.000511543375928319e-02
1.498624889642556982e-02 7.268536792227168336e-03
1.731116754341788244e-01 9.651852792388382341e-02
2.335988906956660005e-01 1.335017205918767880e-01
2.537461991613562673e-01 1.397777346955696443e-01
3.344809920428771788e-01 1.387350326978432635e-01
2.775648089338556557e-01 1.122211910225777431e-01
1.140231420866809620e-01 4.494839771954892149e-02
9.093236429070422622e-02 3.724022027069048141e-02
8.733009256569419787e-02 3.606172499135094217e-02
8.534465756645485610e-03 4.197427496860952657e-03
1.282836684550269120e-02 6.794483960467960840e-03
5.834357761100749107e-01 2.430384712649094614e-01
5.834357761100749107e-01 2.430384712649094614e-01
5.834357761100749107e-01 2.430384712649094614e-01
5.834357761100749107e-01 2.430384712649094614e-01
5.834357761100749107e-01 2.430384712649094614e-01
2.859924249353983094e-02 1.437117799728699317e-02
1.007527516162012252e-03 5.077488631134561723e-04
4.217070105151719101e-04 2.108861154151753551e-04
2.524318587037965010e-04 1.261555186849818474e-04
5.139813845284924053e-05 2.570007117558957639e-05
1.582728267739336942e-07 7.913638833667915148e-08
3.122266394971091524e-07 1.561132222630801758e-07
3.767892302726684691e-07 1.883944731662101862e-07
1.923777578966528478e-07 9.618884193912469286e-08
1.767042747799907725e-07 8.835210616559465995e-08
2.162454628150654336e-06 1.081222637865308292e-06
6.557147609948192065e-06 3.278530808789317376e-06
1.821553454437284047e-05 9.107435466487682549e-06
4.206891062575558515e-05 2.103268551963655448e-05
5.060576688073069909e-05 2.530032249672376182e-05
8.983046748795839092e-05 4.490716423109008751e-05
1.012273362126564144e-03 5.051119837036110094e-04
1.227982764804363362e-03 6.124834407315250979e-04
2.371131437435436678e-03 1.179943454424123685e-03
6.275183015056955138e-02 2.743812288803884614e-02
2.805505562218659210e-01 6.156752029628945189e-02
2.806254576171000048e-01 6.176716038683395527e-02
2.818228129447010177e-01 6.302296992173639367e-02
2.201485695103812534e-01 6.513514125525582399e-02
1.001089082716746376e-01 4.335069269053402896e-02
6.121903998966069654e-02 2.686333537571353181e-02
6.932799982861455323e-03 3.418336275828363739e-03
1.819372598693636267e-01 1.037712291739740778e-01
2.174431650039662378e-01 1.208830220437957098e-01
3.000146183683182755e-01 1.257948309949018517e-01
2.018637027938275652e-01 6.830130949429874532e-02
1.103925122359256245e-01 4.313367354626174849e-02
1.047215418498232131e-01 4.157936367908689201e-02
3.797321494679146373e-03 1.884267305342565918e-03
3.915046896052891434e-04 1.955992403638580714e-04
1.293293132839468205e-04 6.467880705090194417e-05
1.272755381764315019e-03 6.360629222538934351e-04
3.200700505677224385e-03 1.606012125308557345e-03
5.834357761100749107e-01 2.430384712649094614e-01
5.834357761100749107e-01 2.430384712649094614e-01
5.834357761100749107e-01 2.430384712649094614e-01
5.834357761100749107e-01 2.430384712649094614e-01
5.834357761100749107e-01 2.430384712649094614e-01
1.451788362409837663e-01 5.285650132811660351e-02
1.625263584354056517e-02 7.862555230686569044e-03
5.566098510411939069e-04 2.780309482286904654e-04
4.488633874170469312e-04 2.242302153679599699e-04
4.990243646567920795e-07 2.495119333030794922e-07
1.676221009877068330e-06 8.381076952216601927e-07
7.689592481557144574e-07 3.844790327795318808e-07
9.906907014922440264e-07 4.953443692780559889e-07
1.244816395897334632e-06 6.224066483808078446e-07
6.326674588847687346e-06 3.163297267612490578e-06
1.720125080060876617e-05 8.600329517275277959e-06
2.271087005645762005e-05 1.135491924461008844e-05
2.866944351367142616e-05 1.433389981984432877e-05
3.551873501202806269e-05 1.775810592547717566e-05
9.468773641663680079e-04 4.725421053404133703e-04
1.923071233292985996e-03 9.578374136781739757e-04
2.195707091439062352e-03 1.093032416088135375e-03
9.163341018376597313e-02 3.742017657419428878e-02
2.745176614704230578e-01 6.189888427602173449e-02
2.838021893408807506e-01 6.135741199576325022e-02
2.829343565686784356e-01 6.464891929272613413e-02
2.823340170114570502e-01 6.487062977717761303e-02
1.923077388965821477e-01 6.196011457493281332e-02
9.654943428021204449e-03 4.734253781412312359e-03
6.453286130658128505e-02 2.810194054360471566e-02
8.223559017124128364e-04 4.105016816271252048e-04
1.838544555386130985e-01 1.015820318894731095e-01
2.781509088081427494e-01 1.116161882849416725e-01
2.499823223587540888e-01 9.768633260697566489e-02
1.113011050467330454e-01 4.362609995379778532e-02
9.480530154612126781e-02 3.850052391873411833e-02
8.690388342907663655e-02 3.590828754599876410e-02
7.733241242810470805e-04 3.869619872248646389e-04
3.701092065509003831e-04 1.854798424408920067e-04
2.646382981735400947e-04 1.322491156579098720e-04
7.848146554489762337e-04 4.034582016643668313e-04
1.515388740874758135e-03 7.875099410478329049e-04
8.081496255252357958e-03 4.133533335980752767e-03
5.834357761100749107e-01 2.430384712649094614e-01
5.834357761100749107e-01 2.430384712649094614e-01
5.834357761100749107e-01 2.430384712649094614e-01
5.834357761100749107e-01 2.430384712649094614e-01
5.834357761100749107e-01 2.430384712649094614e-01
6.369695742129517779e-02 2.789720192950388353e-02
4.014518942141541771e-03 1.996153454826046260e-03
8.165030875483733619e-05 4.093568829217415799e-05
5.892230421220820662e-07 2.947826570736735492e-07
3.645248655827920963e-04 1.821298391857950497e-04
5.468349175630171329e-06 2.734144684972379101e-06
1.731839953806145254e-06 8.659169776334470318e-07
1.594909277431553814e-06 7.974520949801736718e-07
8.156924102711273224e-06 4.078395515944819223e-06
1.626218851676121142e-04 8.128449670627058599e-05
6.319296336623797972e-05 3.159248833249998485e-05
4.481401196986110511e-05 2.240499768926171897e-05
1.068152531217328753e-03 5.329353157787183925e-04
2.347899285691555128e-03 1.168437011790026672e-03
3.068574219997703342e-03 1.524870962255217132e-03
8.590941860485257209e-03 4.221666648192391041e-03
2.815657803277798465e-01 6.150503205303974041e-02
2.857361261283958287e-01 6.122966532516814497e-02
2.874090743125720659e-01 6.316211757895930090e-02
1.994174487397352979e-01 6.323653729679698521e-02
1.000750519055273319e-01 4.331364969629862560e-02
9.420915502616382733e-03 4.621795477777696469e-03
4.976364182867811653e-03 2.463417890953376044e-03
2.375241100413607274e-03 1.181978781998320243e-03
6.357594964241027350e-04 3.174756095079850501e-04
2.002512829860608190e-01 9.778539241668737780e-02
1.833674035353722864e-01 7.125489524210648629e-02
1.185309165779221408e-01 4.599244730252990271e-02
1.022908163972704176e-01 4.097222902872248856e-02
5.136972261525971084e-03 2.552132219627452434e-03
7.052000178927999912e-04 3.521687670853297517e-04
2.803218778874740210e-04 1.401158133693983189e-04
1.249313975003355718e-04 6.245615671082045391e-05
4.779191011840706736e-05 2.389954228033358243e-05
4.956937886487093386e-04 2.480771507180680479e-04
4.809043679130947267e-04 2.409562865071688620e-04
2.572128395773690211e-03 1.288980660158754385e-03
2.859924249353983094e-02 1.437117799728699317e-02
5.834357761100749107e-01 2.430384712649094614e-01
5.834357761100749107e-01 2.430384712649094614e-01
5.834357761100749107e-01 2.430384712649094614e-01
5.834357761100749107e-01 2.430384712649094614e-01
5.834357761100749107e-01 2.430384712649094614e-01
2.848453248849074429e-02 1.356627776349043912e-02
7.378315598819788768e-03 3.651410303788482983e-03
1.995628453834924227e-03 9.938489121624138282e-04
1.468340927373567618e-02 7.141466912900097490e-03
6.080603853917187357e-03 3.051842835192963323e-03
6.293630284354345336e-03 3.111725084119517423e-03
1.133748843695607804e-04 5.667458832037458111e-05
4.568975720028858661e-04 2.282400306101408022e-04
9.512062331431696055e-04 4.746983232736143809e-04
5.741533579751491876e-04 2.867473116810553791e-04
4.940689368097277330e-04 2.467903642905435726e-04
1.746751905113340560e-03 8.703248103386531775e-04
3.552757930880562007e-03 1.763756876524846199e-03
9.954111616524549677e-02 3.998971339934608710e-02
1.165374912027792031e-01 4.468775874555176025e-02
2.312824449100450985e-01 6.464730686847264263e-02
2.888210184936382263e-01 6.433376781713655290e-02
2.885273927003510486e-01 6.436516868318185869e-02
1.024571437567638327e-01 4.073706622983159359e-02
2.809443408710720139e-02 1.325791981687879026e-02
2.886627126002750537e-02 1.359987401355626339e-02
1.753878019105197406e-03 8.738811781742899555e-04
3.830985014845391268e-03 1.900816061238725730e-03
2.511253188441646585e-04 1.254995954963177560e-04
1.439094738816754093e-01 5.812860102919250455e-02
9.544786952518102829e-02 3.861363896569453003e-02
8.712294329705388973e-02 3.597318475827489259e-02
8.357750921269264943e-02 3.480355456014860155e-02
4.546560107684072759e-04 2.271212932960757903e-04
2.386274570998940048e-04 1.192567854866650350e-04
7.702160832505141751e-05 3.850487183437672860e-05
7.490012644336389467e-05 3.744445319274071590e-05
1.388385907206917509e-04 6.940001920607257043e-05
3.788083388949165333e-04 1.900886099651418317e-04
1.618017661724304498e-04 8.087529975687199422e-05
8.982528913616589540e-04 4.483543234875116091e-04
1.007527516162012252e-03 5.077488631134561723e-04
1.451788362409837663e-01 5.285650132811660351e-02
5.834357761100749107e-01 2.430384712649094614e-01
5.834357761100749107e-01 2.430384712649094614e-01
5.834357761100749107e-01 2.430384712649094614e-01
5.834357761100749107e-01 2.430384712649094614e-01
5.834357761100749107e-01 2.430384712649094614e-01
8.100594694498228915e-03 4.001905098695838874e-03
3.026425381223910201e-03 1.504053805687514955e-03
1.723699891476610999e-02 8.360892658903563632e-03
1.569805024365844917e-02 9.103860775743993425e-03
4.792550897705042702e-03 2.393606461272830208e-03
2.035048509164426558e-05 1.017482840357866770e-05
4.659488460154344574e-04 2.327573146806141073e-04
1.523224750754992567e-03 7.592921617361836437e-04
2.836949706100307198e-03 1.411733180647058378e-03
2.697094471783562011e-03 1.341272917302055619e-03
2.688293273449058555e-03 1.336919716000457923e-03
6.722687539257053702e-02 2.909479654344775124e-02
1.903598571479204471e-01 5.899123681166561217e-02
2.874191321456568415e-01 6.110156256054752322e-02
2.912383374758532595e-01 6.455796242849494437e-02
2.189826508318661324e-01 6.488368947134201536e-02
2.780738558011059403e-01 1.435066018617081052e-01
4.494253684936114907e-02 2.045143680622438925e-02
5.205609061156088804e-03 2.577233542142405142e-03
6.831647815347029196e-02 2.949119683684177373e-02
1.023277675641530524e-03 5.107465938968432356e-04
1.122139288617001471e-03 5.598104477254428699e-04
2.455490833632749045e-04 1.227149775672439552e-04
6.726611111151066524e-02 2.926507705506440141e-02
6.554143402731725521e-02 2.847503743930144757e-02
8.296605994431179411e-04 4.141419630112906430e-04
2.931516420230285578e-04 1.464898831262934748e-04
1.669824360180255124e-04 8.346333487507424129e-05
2.465256190200568274e-04 1.232020346291951994e-04
3.271229860863553412e-05 1.635507920983750614e-05
3.027488589320155826e-05 1.513652637788493271e-05
6.787036240403928570e-05 3.393057481592678601e-05
1.211435378643431270e-04 6.055709317562675640e-05
1.964600642880770314e-04 9.819143558717843704e-05
3.784701151404657382e-04 1.890923037691551731e-04
4.217070105151719101e-04 2.108861154151753551e-04
1.625263584354056517e-02 7.862555230686569044e-03
6.369695742129517779e-02 2.789720192950388353e-02
5.834357761100749107e-01 2.430384712649094614e-01
5.834357761100749107e-01 2.430384712649094614e-01
5.834357761100749107e-01 2.430384712649094614e-01
5.834357761100749107e-01 2.430384712649094614e-01
5.834357761100749107e-01 2.430384712649094614e-01
4.416667056235986516e-02 2.061136447420043247e-02
2.515024331958505902e-02 1.207017555610722173e-02
4.643860898576356033e-02 2.664503460352091527e-02
3.455419212282562214e-02 1.744881746154865534e-02
6.103168248124242684e-04 3.047896222290764488e-04
1.799158133577635852e-03 8.963468978374185747e-04
2.932968502046255036e-03 1.457881998953656838e-03
4.095226344065635779e-03 2.033750432490497376e-03
4.667289200360875273e-03 2.311861011700632341e-03
1.003527078305616604e-01 4.135938252618505395e-02
1.787652014145198198e-01 5.801994725304175649e-02
2.852406083309903528e-01 6.655609292923447828e-02
2.988045164929920561e-01 7.162861217099011912e-02
3.168446860469749660e-01 8.627137203952135736e-02
1.067028615631117894e-01 4.301295924492347378e-02
1.878330943531299202e-02 9.040699398749683577e-03
3.686178976414724705e-03 1.829501572761200534e-03
3.872568556428920904e-04 1.941808438058657436e-04
3.610160451979942033e-03 1.792139612854392119e-03
3.840801056036134416e-04 1.919756027026257536e-04
1.258346117288543231e-02 6.133390981679836228e-03
2.475164089314009822e-04 1.237002938206686398e-04
5.411260475279077581e-02 2.412812838326363479e-02
5.062266366458007677e-02 2.274867775579284337e-02
2.545168049406821295e-04 1.271936236663438562e-04
6.819597127289138590e-04 3.405147873146716140e-04
1.317055283281864031e-04 6.583541781790100043e-05
1.673107048998031827e-04 8.362735957792752329e-05
5.863246672443244822e-05 2.931279559606203295e-05
7.852309481215582760e-05 3.925538152965903787e-05
6.026153733126150087e-05 3.012713721274922418e-05
3.814843838282900288e-04 1.910506962658714103e-04
2.897544472161077108e-04 1.447932659788699994e-04
2.482154846899038616e-04 1.240464051695957344e-04
2.524318587037965010e-04 1.261555186849818474e-04
5.566098510411939069e-04 2.780309482286904654e-04
4.014518942141541771e-03 1.996153454826046260e-03
2.848453248849074429e-02 1.356627776349043912e-02
5.834357761100749107e-01 2.430384712649094614e-01
5.834357761100749107e-01 2.430384712649094614e-01
5.834357761100749107e-01 2.430384712649094614e-01
5.834357761100749107e-01 2.430384712649094614e-01
5.834357761100749107e-01 2.430384712649094614e-01
1.870334449236301100e-01 8.759774845301353252e-02
1.093999378409817175e-01 6.098668909046536107e-02
1.318040769958034042e-01 7.131924497100156080e-02
4.428825033973785019e-02 2.381880153670289796e-02
1.439701718038429758e-02 7.127259212083254108e-03
1.907665032476900738e-02 9.647978337802910406e-03
3.468830960278351805e-02 1.778663992960574300e-02
4.617437818948672695e-02 2.163939105860605491e-02
1.914113255688273674e-01 6.111337083089073141e-02
2.914257570444441225e-01 6.532252318273357172e-02
3.225130174758303880e-01 8.871227818582545777e-02
2.195090800805030995e-01 7.517567450290139897e-02
2.730523818910658984e-01 1.295421234974478142e-01
1.221200150965073283e-01 4.658622681130148574e-02
5.995113750039280515e-02 3.034830029964504655e-02
3.697252371767534990e-03 1.835002850370704916e-03
4.994202643862561460e-04 2.503318027983821459e-04
9.396581951190718408e-04 4.693524908102060370e-04
2.909508308219049236e-04 1.459624400962437592e-04
3.620286740211609792e-03 1.797036894024452896e-03
2.798888072985707132e-04 1.398660659048343434e-04
5.484208394899591291e-03 2.712027655731108402e-03
2.051320192638517582e-04 1.025239304865986135e-04
1.098189048199954971e-04 5.489739221814188237e-05
2.670038121955257103e-04 1.334370860972067870e-04
2.134845122334145433e-04 1.066966804797437300e-04
2.571183338779220277e-04 1.284930571022893187e-04
1.014123237576767389e-04 5.069587742076930929e-05
2.265611050991732215e-04 1.132292226190486663e-04
2.225291287278311934e-04 1.112150451545890504e-04
3.914636750288567478e-04 1.955844066104626966e-04
2.514266242573134458e-04 1.256500967812713022e-04
2.886933206145479540e-04 1.442633868679817121e-04
5.139813845284924053e-05 2.570007117558957639e-05
4.488633874170469312e-04 2.242302153679599699e-04
8.165030875483733619e-05 4.093568829217415799e-05
7.378315598819788768e-03 3.651410303788482983e-03
8.100594694498228915e-03 4.001905098695838874e-03
5.834357761100749107e-01 2.430384712649094614e-01
5.834357761100749107e-01 2.430384712649094614e-01
5.834357761100749107e-01 2.430384712649094614e-01
5.834357761100749107e-01 2.430384712649094614e-01
5.834357761100749107e-01 2.430384712649094614e-01
2.041755722001032947e-01 1.026744135523170454e-01
1.877772648569135949e-01 9.446069829904844839e-02
1.423001305495663615e-01 7.511946360016003021e-02
8.796819652827052305e-02 5.016036310424810962e-02
5.319181635484747372e-02 2.589119671666408398e-02
1.120547503927872279e-01 5.276599084746214086e-02
1.908223950774716460e-01 7.048109093596868768e-02
3.263250777272110326e-01 1.014488423218398300e-01
3.609247950384760206e-01 1.245770726566119146e-01
3.459351854693897277e-01 1.139878509059772116e-01
1.238189406684148813e-01 4.827584173172617954e-02
5.522935509118681585e-02 2.596403284801337974e-02
8.378038657687656918e-03 4.195053597134444992e-03
7.121590462178009964e-03 3.550930014538173068e-03
3.663499576792803589e-04 1.835250560248022854e-04
2.596724181993805241e-04 1.303739976009965279e-04
6.911042560319080250e-03 3.408378974662848362e-03
3.768486847440898849e-03 1.870670980238021237e-03
2.151525781307229990e-02 1.029472356215309185e-02
6.930359595318214515e-03 3.417150094558741788e-03
2.255151683125650825e-04 1.127067270651434982e-04
1.131331762456269642e-06 5.656646013165780993e-07
5.548895515363743337e-06 2.774416967440431186e-06
1.249088897826931810e-05 6.245288466827191659e-06
5.958366032894604536e-05 2.978827995189482647e-05
2.537641452929411559e-05 1.268756330223269472e-05
1.425011107056062218e-05 7.124852469614787968e-06
1.648947834285390663e-04 8.242020142466759494e-05
2.346304656546678959e-04 1.172601813719206278e-04
2.335696402377757314e-04 1.167302653420470562e-04
2.199864358496670443e-04 1.099448238928756792e-04
2.108358923955460599e-04 1.053734944242508040e-04
1.582728267739336942e-07 7.913638833667915148e-08
4.990243646567920795e-07 2.495119333030794922e-07
5.892230421220820662e-07 2.947826570736735492e-07
1.995628453834924227e-03 9.938489121624138282e-04
3.026425381223910201e-03 1.504053805687514955e-03
4.416667056235986516e-02 2.061136447420043247e-02
5.834357761100749107e-01 2.430384712649094614e-01
5.834357761100749107e-01 2.430384712649094614e-01
5.834357761100749107e-01 2.430384712649094614e-01
5.834357761100749107e-01 2.430384712649094614e-01
5.834357761100749107e-01 2.430384712649094614e-01
3.617360763043529492e-01 1.674738480737402446e-01
2.037247242937670344e-01 1.007187178036147435e-01
1.889285004432641468e-01 9.093953090440989873e-02
1.239743737122584455e-01 5.875926917816906569e-02
1.600411980070107487e-01 6.149166167667428906e-02
2.943993986415313624e-01 8.907453411763845141e-02
3.153976076239101700e-01 9.254888580733663939e-02
2.731247146109145874e-01 1.010165805462796412e-01
2.580558569949775727e-01 1.087517007066669400e-01
1.150889974661715720e-01 4.550241189130592445e-02
4.888268066855049054e-02 2.310342308120342039e-02
1.407786681791007785e-02 7.077720042388466019e-03
1.588206380908111252e-03 8.117607122466241132e-04
7.219678933455903004e-05 3.612009970430201105e-05
7.870446474152610313e-05 3.974091205083804719e-05
1.640741376503330822e-04 8.201062727202808452e-05
7.711334150150610939e-03 3.796202479428556140e-03
4.399166601695978125e-03 2.180230634058511873e-03
1.682113230282861411e-03 8.382271102219381129e-04
1.522499480550713446e-03 7.589317356070794966e-04
9.389790652422927116e-05 4.694013644526499987e-05
1.704347923632487866e-05 8.521449137977960632e-06
1.845025867275617955e-05 9.224788924332998530e-06
1.569138131416319157e-04 7.843228462606131022e-05
4.475844341953440832e-05 2.237721839150986569e-05
9.601043118532526211e-05 4.799599758976623670e-05
2.005990019544494146e-04 1.002592610176395805e-04
1.896049462395092288e-04 9.476652308411612235e-05
2.380896122266738747e-04 1.189881194498866883e-04
9.513119332295334190e-07 4.756550616203724259e-07
3.654458695920643604e-06 1.827215992891961526e-06
3.122266394971091524e-07 1.561132222630801758e-07
1.676221009877068330e-06 8.381076952216601927e-07
3.645248655827920963e-04 1.821298391857950497e-04
1.468340927373567618e-02 7.141466912900097490e-03
1.723699891476610999e-02 8.360892658903563632e-03
2.515024331958505902e-02 1.207017555610722173e-02
1.870334449236301100e-01 8.759774845301353252e-02
5.834357761100749107e-01 2.430384712649094614e-01
5.834357761100749107e-01 2.430384712649094614e-01
5.834357761100749107e-01 2.430384712649094614e-01
5.834357761100749107e-01 2.430384712649094614e-01
5.834357761100749107e-01 2.430384712649094614e-01
2.545915309014633587e-01 1.265265848803794890e-01
2.198955780429444617e-01 1.098626569249722545e-01
2.670737226307818846e-01 1.309494785209919798e-01
2.323825857213380475e-01 9.996064967833191706e-02
2.515217791389396385e-01 9.084456781533077618e-02
2.551242733771973970e-01 8.967649707489082356e-02
1.520478347639204753e-01 6.318909003871608920e-02
5.299774341662069621e-02 2.445156935851079683e-02
9.496202115598918053e-03 4.667512581329275045e-03
2.485552940472145200e-02 1.191717631690803782e-02
6.177102127554462939e-03 3.068786316121285829e-03
1.550611763957957141e-03 7.775281869283053949e-04
2.691241141293105829e-04 1.359768435072392090e-04
1.272946982193929385e-04 6.369584862248790671e-05
3.278088622794387858e-04 1.637969724895304614e-04
2.821062514685578494e-03 1.402575331373794596e-03
2.609129601155260950e-03 1.297757243302015981e-03
3.219268201775402766e-03 1.599270413132745754e-03
6.390685335672573403e-04 3.191258581930328780e-04
2.483268823566190243e-04 1.241017749378085539e-04
7.601634745402035218e-06 3.800759587850214971e-06
1.615344028343125403e-05 8.076459208082636460e-06
4.533310931500067649e-05 2.266449956670017345e-05
1.877320160081078076e-05 9.386248367307045026e-06
1.306848026165768358e-05 6.534069345652492260e-06
4.979366218502159444e-05 2.489435168371700174e-05
4.742202311678296394e-05 2.370876271011499272e-05
9.939653631437098743e-05 4.968845402424868087e-05
1.004413249839847526e-06 5.022056160739473268e-07
1.831271503329811348e-06 9.156323981095867577e-07
3.767892302726684691e-07 1.883944731662101862e-07
7.689592481557144574e-07 3.844790327795318808e-07
5.468349175630171329e-06 2.734144684972379101e-06
6.080603853917187357e-03 3.051842835192963323e-03
1.569805024365844917e-02 9.103860775743993425e-03
4.643860898576356033e-02 2.664503460352091527e-02
1.093999378409817175e-01 6.098668909046536107e-02
2.041755722001032947e-01 1.026744135523170454e-01
5.834357761100749107e-01 2.430384712649094614e-01
5.834357761100749107e-01 2.430384712649094614e-01
5.834357761100749107e-01 2.430384712649094614e-01
5.834357761100749107e-01 2.430384712649094614e-01
5.834357761100749107e-01 2.430384712649094614e-01
3.014687441869096096e-01 1.428246964979878464e-01
3.215230293210858958e-01 1.497339178837018836e-01
2.843711360843943492e-01 1.321101109142043262e-01
2.163705303161512217e-01 9.606215698625186761e-02
1.511522589945648587e-01 7.134367512074563100e-02
1.250266637871971509e-01 5.293685736705246170e-02
3.534594633045907291e-02 1.676035229093251339e-02
4.052316479518474658e-03 2.009737260317943138e-03
8.835147233994216157e-03 4.347302704994725729e-03
4.988210930454392220e-03 2.474330684267442900e-03
9.076173335158332445e-05 4.543384588307889006e-05
2.816283717797374699e-05 1.408663678573784349e-05
2.380610631702234024e-05 1.190248642781319225e-05
3.347352170346497595e-04 1.672615721939505428e-04
2.457936405826085385e-03 1.222926751537957348e-03
1.303628825003796000e-03 6.501149643885172080e-04
5.072371749328981674e-03 2.510456919501100146e-03
2.416274089009688665e-04 1.207553206457522374e-04
7.136885278466964749e-05 3.567933287918702599e-05
1.294862236249873767e-05 6.474143514428282375e-06
2.413236082314153269e-05 1.206563375680607487e-05
2.569331473451989231e-05 1.284599722083789854e-05
1.765729330489214060e-05 8.828334872439215494e-06
1.529055447005875528e-05 7.645043433973376353e-06
3.056355534150735707e-05 1.528084353983856511e-05
4.749734355176631599e-05 2.374641577823868418e-05
2.029614737886777077e-04 1.014395435344963848e-04
3.768244109248435612e-06 1.884107854960550819e-06
2.109485828008553731e-05 1.054698414699691190e-05
1.923777578966528478e-07 9.618884193912469286e-08
9.906907014922440264e-07 4.953443692780559889e-07
1.731839953806145254e-06 8.659169776334470318e-07
6.293630284354345336e-03 3.111725084119517423e-03
4.792550897705042702e-03 2.393606461272830208e-03
3.455419212282562214e-02 1.744881746154865534e-02
1.318040769958034042e-01 7.131924497100156080e-02
1.877772648569135949e-01 9.446069829904844839e-02
3.617360763043529492e-01 1.674738480737402446e-01
5.834357761100749107e-01 2.430384712649094614e-01
5.834357761100749107e-01 2.430384712649094614e-01
5.834357761100749107e-01 2.430384712649094614e-01
5.834357761100749107e-01 2.430384712649094614e-01
5.834357761100749107e-01 2.430384712649094614e-01
3.198614226282613382e-01 1.447823526868144139e-01
2.622690991909679692e-01 1.209049775097641860e-01
2.526053626184916467e-01 1.121105298042611997e-01
2.018391436718397491e-01 9.322709276901591791e-02
1.024148002391662982e-01 5.115442281011676334e-02
8.087350166442941468e-02 4.402498293375185084e-02
8.015888182337217033e-03 3.944933500920534512e-03
1.116532105918468902e-02 5.467931199912638186e-03
1.291886437691148158e-02 6.304857712550675231e-03
1.596198278701870671e-04 7.983909543371036505e-05
4.731387488235486150e-05 2.365490541909666229e-05
1.388684479690433969e-04 6.942343738180079687e-05
3.786273868488866049e-03 1.891559442556784961e-03
8.898014800594223825e-03 4.369939959346812695e-03
9.009526081048055760e-03 4.428632790548393296e-03
1.221928441984867705e-02 5.960331298191181952e-03
6.018633118073939039e-05 3.008954319590869669e-05
7.478477464555729893e-06 3.739182804652677012e-06
5.907437271426586720e-06 2.953683737898177610e-06
1.284155007853880652e-05 6.420688862390235528e-06
1.939646026095650261e-05 9.697853907807595642e-06
7.144175889928110334e-06 3.572036905714909147e-06
2.142602551315642162e-05 1.071255368200892100e-05
5.095386098563787212e-05 2.547433419686959382e-05
9.719475204204714434e-05 4.858792920119905847e-05
1.936098400952473509e-04 9.676743527744196942e-05
1.817864083244546076e-06 9.089287369924479051e-07
1.136376406250444774e-05 5.681752896118555584e-06
1.767042747799907725e-07 8.835210616559465995e-08
1.244816395897334632e-06 6.224066483808078446e-07
1.594909277431553814e-06 7.974520949801736718e-07
1.133748843695607804e-04 5.667458832037458111e-05
2.035048509164426558e-05 1.017482840357866770e-05
6.103168248124242684e-04 3.047896222290764488e-04
4.428825033973785019e-02 2.381880153670289796e-02
1.423001305495663615e-01 7.511946360016003021e-02
2.037247242937670344e-01 1.007187178036147435e-01
2.545915309014633587e-01 1.265265848803794890e-01
5.834357761100749107e-01 2.430384712649094614e-01
5.834357761100749107e-01 2.430384712649094614e-01
5.834357761100749107e-01 2.430384712649094614e-01
5.834357761100749107e-01 2.430384712649094614e-01
5.834357761100749107e-01 2.430384712649094614e-01
2.496528736322695119e-01 1.172480028332865548e-01
1.845661479322436294e-01 8.750021196694049430e-02
1.222942516400487845e-01 5.773721507710675993e-02
6.768298499032579518e-02 3.242660948108377905e-02
4.729946026137992615e-02 2.188984038120603964e-02
3.788089207671424020e-03 1.879694988044056840e-03
3.112284976437796388e-03 1.546482163074231267e-03
7.650621329955340638e-03 3.769533290138741850e-03
9.474188911436907696e-05 4.736389543065265366e-05
1.216739165759213986e-05 6.083547783376320302e-06
1.881109158413120556e-05 9.405191934899016982e-06
1.505250924724009899e-03 7.582084056933902473e-04
1.789731465434136679e-03 8.916650617414726473e-04
5.871993935651644535e-03 2.914929874461628240e-03
1.143054340354324704e-02 5.584614379271337324e-03
6.303955632356874575e-05 3.151580417612290171e-05
9.731179168551874076e-06 4.865494888427926475e-06
9.369899644414448819e-06 4.684862027187878080e-06
2.401587144199367294e-05 1.200735895891571800e-05
2.272683403088336708e-05 1.136290050645661599e-05
1.638557992534186864e-05 8.192521475441443918e-06
2.591231608343735283e-05 1.295548659359386904e-05
5.888171433311224128e-05 2.943739011027331499e-05
7.630789006651540448e-05 3.814812213917129614e-05
1.468159861204464589e-04 7.338643812644270994e-05
2.953125799468507722e-06 1.476554178782266464e-06
1.683417166165119397e-05 8.416802441490063084e-06
2.162454628150654336e-06 1.081222637865308292e-06
6.326674588847687346e-06 3.163297267612490578e-06
8.156924102711273224e-06 4.078395515944819223e-06
4.568975720028858661e-04 2.282400306101408022e-04
4.659488460154344574e-04 2.327573146806141073e-04
1.799158133577635852e-03 8.963468978374185747e-04
1.439701718038429758e-02 7.127259212083254108e-03
8.796819652827052305e-02 5.016036310424810962e-02
1.889285004432641468e-01 9.093953090440989873e-02
2.198955780429444617e-01 1.098626569249722545e-01
3.014687441869096096e-01 1.428246964979878464e-01
5.834357761100749107e-01 2.430384712649094614e-01
5.834357761100749107e-01 2.430384712649094614e-01
5.834357761100749107e-01 2.430384712649094614e-01
5.834357761100749107e-01 2.430384712649094614e-01
5.834357761100749107e-01 2.430384712649094614e-01
2.961305704318822896e-01 1.313142282556413187e-01
1.973904928722864660e-01 8.605727748469219063e-02
7.059749727531161589e-02 3.154131179894992254e-02
3.901104643954826645e-02 1.829178416274850755e-02
6.099652267063135173e-03 3.012751903765978866e-03
3.131595993004868909e-03 1.556044044006803110e-03
7.716655638341007005e-03 3.800701375041470615e-03
6.661655736638986405e-04 3.326403772271978158e-04
8.244122371494026888e-05 4.121381530210251623e-05
1.438280773193482498e-04 7.189335214384874639e-05
1.492662135538768862e-03 7.784808203440014016e-04
7.201362216535974045e-04 3.601347506609152817e-04
4.090906033143367447e-03 2.112097570717787979e-03
1.233260067393587150e-02 6.014532328191279226e-03
1.172953841795614351e-04 5.863393388263088727e-05
5.528465888011033723e-05 2.763927304654768014e-05
1.591557893463363036e-05 7.957536161663989797e-06
1.790046464481241729e-05 8.949911895771708121e-06
1.887710778021071630e-05 9.438209403108261848e-06
1.190919271658329790e-05 5.954454529420488361e-06
9.328987118053934003e-06 4.664406529026318205e-06
1.789532177846783791e-05 8.947340646692364871e-06
1.377163462157559924e-05 6.885627652867649434e-06
6.688586050396510153e-05 3.343848379512199295e-05
4.201022657543981940e-06 2.100493680180621722e-06
3.795689467487186697e-05 1.897700661158257328e-05
6.557147609948192065e-06 3.278530808789317376e-06
1.720125080060876617e-05 8.600329517275277959e-06
1.626218851676121142e-04 8.128449670627058599e-05
9.512062331431696055e-04 4.746983232736143809e-04
1.523224750754992567e-03 7.592921617361836437e-04
2.932968502046255036e-03 1.457881998953656838e-03
1.907665032476900738e-02 9.647978337802910406e-03
5.319181635484747372e-02 2.589119671666408398e-02
1.239743737122584455e-01 5.875926917816906569e-02
2.670737226307818846e-01 1.309494785209919798e-01
3.215230293210858958e-01 1.497339178837018836e-01
3.198614226282613382e-01 1.447823526868144139e-01
5.834357761100749107e-01 2.430384712649094614e-01
5.834357761100749107e-01 2.430384712649094614e-01
5.834357761100749107e-01 2.430384712649094614e-01
5.834357761100749107e-01 2.430384712649094614e-01
5.834357761100749107e-01 2.430384712649094614e-01
2.137474690630334628e-01 1.030252756728650826e-01
7.903177769177024969e-02 3.655607604176915049e-02
3.877758202330681275e-02 1.838275150337379329e-02
7.471987227735391555e-03 3.680183367519982394e-03
5.057042638978400013e-03 2.502991667371432839e-03
9.272140439067377837e-03 4.552529657172683930e-03
1.584235685640566485e-03 7.897021680696553973e-04
4.142788918600822257e-04 2.069678189298002871e-04
2.343542268455838613e-04 1.171221915191667174e-04
2.794541296713325563e-03 1.451334543645057444e-03
1.786135820986782573e-03 8.914255304221261949e-04
5.843889535912456454e-03 3.053040764405532716e-03
1.590585948589250467e-02 7.703190558827383190e-03
8.612741588146753668e-04 4.298952862306957374e-04
2.278781988019605055e-04 1.138871709274910221e-04
1.079817140031742202e-04 5.397919695102804978e-05
4.066489058125259253e-05 2.033092003607628873e-05
1.708809661772044963e-05 8.544155247629178028e-06
2.050916187274408017e-05 1.025447495118406122e-05
1.846715070930119031e-05 9.233596882820763394e-06
3.003969471960338280e-05 1.501924018187481741e-05
1.316466733222382592e-05 6.582381604827544882e-06
1.157898668053661441e-04 5.788153286403920609e-05
4.202966583359479771e-06 2.101465626751638984e-06
3.093185928103836491e-05 1.546497286060060096e-05
1.821553454437284047e-05 9.107435466487682549e-06
2.271087005645762005e-05 1.135491924461008844e-05
6.319296336623797972e-05 3.159248833249998485e-05
5.741533579751491876e-04 2.867473116810553791e-04
2.836949706100307198e-03 1.411733180647058378e-03
4.095226344065635779e-03 2.033750432490497376e-03
3.468830960278351805e-02 1.778663992960574300e-02
1.120547503927872279e-01 5.276599084746214086e-02
1.600411980070107487e-01 6.149166167667428906e-02
2.323825857213380475e-01 9.996064967833191706e-02
2.843711360843943492e-01 1.321101109142043262e-01
2.622690991909679692e-01 1.209049775097641860e-01
2.496528736322695119e-01 1.172480028332865548e-01
5.834357761100749107e-01 2.430384712649094614e-01
5.834357761100749107e-01 2.430384712649094614e-01
5.834357761100749107e-01 2.430384712649094614e-01
5.834357761100749107e-01 2.430384712649094614e-01
5.834357761100749107e-01 2.430384712649094614e-01
1.266979308929975789e-01 6.471807227617212832e-02
3.604285977132374447e-02 1.723627965285870478e-02
8.174959460043203924e-03 4.021039510382322900e-03
4.519410997645074805e-03 2.239319272517209351e-03
6.730603597683024533e-03 3.323027703596505809e-03
1.745042040966633115e-03 8.725063887593649753e-04
1.073747026416863818e-03 5.357236765138554541e-04
1.022886645232364694e-03 5.103970255272745208e-04
2.536202465265197884e-03 1.301413038185407272e-03
2.746876820988779656e-03 1.369084193703681797e-03
8.130830030377083142e-03 4.465139961011325119e-03
1.507918422589306362e-02 7.339648757606329933e-03
1.211986896329587585e-04 6.058465569411063513e-05
1.962202115019375136e-05 9.810625551382856958e-06
1.152135962643540734e-05 5.760547071490062260e-06
2.630637650828042989e-05 1.315249622869522023e-05
9.508678581156524307e-06 4.754295572285474648e-06
2.626823071037885087e-05 1.313342533524477178e-05
2.503713518790697855e-05 1.251798743249064424e-05
4.404099441637950030e-05 2.201855759900056710e-05
5.500736424726031438e-05 2.750065631350872566e-05
8.591788228139090136e-05 4.295155925819973031e-05
3.461667323621750875e-05 1.730713830404281148e-05
4.295408484928978066e-05 2.147519737123964904e-05
4.206891062575558515e-05 2.103268551963655448e-05
2.866944351367142616e-05 1.433389981984432877e-05
4.481401196986110511e-05 2.240499768926171897e-05
4.940689368097277330e-04 2.467903642905435726e-04
2.697094471783562011e-03 1.341272917302055619e-03
4.667289200360875273e-03 2.311861011700632341e-03
4.617437818948672695e-02 2.163939105860605491e-02
1.908223950774716460e-01 7.048109093596868768e-02
2.943993986415313624e-01 8.907453411763845141e-02
2.515217791389396385e-01 9.084456781533077618e-02
2.163705303161512217e-01 9.606215698625186761e-02
2.526053626184916467e-01 1.121105298042611997e-01
1.845661479322436294e-01 8.750021196694049430e-02
2.961305704318822896e-01 1.313142282556413187e-01
5.834357761100749107e-01 2.430384712649094614e-01
5.834357761100749107e-01 2.430384712649094614e-01
5.834357761100749107e-01 2.430384712649094614e-01
5.834357761100749107e-01 2.430384712649094614e-01
5.834357761100749107e-01 2.430384712649094614e-01
3.950299123048310601e-02 1.857411126623888242e-02
4.886064049480437835e-03 2.419164713296683127e-03
2.879216859150106073e-03 1.431322717481424162e-03
4.746931610315746966e-03 2.351522115403823204e-03
1.157945666290846132e-03 5.776612345308023691e-04
1.839166971517189114e-03 9.162009506149446612e-04
1.823906326010171254e-03 9.086265287204416119e-04
7.035080796200431086e-03 3.927905432825330896e-03
3.410681248268617079e-03 1.696366372613033243e-03
1.436343780545698036e-02 8.778513810977862930e-03
6.753999210784622509e-02 2.920842994593031428e-02
5.570782519558223572e-05 2.785080923600309703e-05
1.742059239859641736e-05 8.709992722258689900e-06
9.394852003759287211e-06 4.697337738635471434e-06
2.583594553496172083e-05 1.291730527139917458e-05
5.720391411334293175e-06 2.860162982789247857e-06
3.805419432274285231e-05 1.902564903966587220e-05
2.348509801177949173e-05 1.174199745606112324e-05
6.979554845074962383e-05 3.489290280679127056e-05
7.856189859687561557e-05 3.927477732652666365e-05
1.649783502541368426e-04 8.246195727101584183e-05
8.071323469115604691e-05 4.035010271932371349e-05
6.537251225790072673e-05 3.268198256359145112e-05
5.060576688073069909e-05 2.530032249672376182e-05
3.551873501202806269e-05 1.775810592547717566e-05
1.068152531217328753e-03 5.329353157787183925e-04
1.746751905113340560e-03 8.703248103386531775e-04
2.688293273449058555e-03 1.336919716000457923e-03
1.003527078305616604e-01 4.135938252618505395e-02
1.914113255688273674e-01 6.111337083089073141e-02
3.263250777272110326e-01 1.014488423218398300e-01
3.153976076239101700e-01 9.254888580733663939e-02
2.551242733771973970e-01 8.967649707489082356e-02
1.511522589945648587e-01 7.134367512074563100e-02
2.018391436718397491e-01 9.322709276901591791e-02
1.222942516400487845e-01 5.773721507710675993e-02
1.973904928722864660e-01 8.605727748469219063e-02
2.137474690630334628e-01 1.030252756728650826e-01
5.834357761100749107e-01 2.430384712649094614e-01
5.834357761100749107e-01 2.430384712649094614e-01
5.834357761100749107e-01 2.430384712649094614e-01
5.834357761100749107e-01 2.430384712649094614e-01
5.834357761100749107e-01 2.430384712649094614e-01
4.227934618038444239e-03 2.096658129479797485e-03
3.328198268166483037e-03 1.653028289783898012e-03
1.539755291675421432e-02 8.033212294833365699e-03
3.156439021584619975e-03 1.568690350244292308e-03
2.475960662353854196e-03 1.231849949977997013e-03
2.397205525726168237e-03 1.192861865529815492e-03
1.080297986669522849e-02 7.056139804930229575e-03
2.968548328621309091e-03 1.475463108153993782e-03
2.476053996760756507e-02 1.354116894916692834e-02
8.299380323365655732e-02 3.460893024164585219e-02
1.895725757885668978e-05 9.478269411813433325e-06
2.878359084967614675e-05 1.439096692973587231e-05
5.791319163449439164e-05 2.895324187948190332e-05
6.469030384901164451e-05 3.234096708909374153e-05
1.894750352778485315e-05 9.473392756002490476e-06
4.222621611821799926e-05 2.111132500578133598e-05
2.817005701276160056e-05 1.408423495426869847e-05
8.376207605273615939e-05 4.187402194098341249e-05
1.656662545886173276e-04 8.280568199390101359e-05
2.040776245018499093e-04 1.019971934433544129e-04
1.572655594355748163e-04 7.860804727210050360e-05
1.356501159238924375e-04 6.780665700799605694e-05
8.983046748795839092e-05 4.490716423109008751e-05
9.468773641663680079e-04 4.725421053404133703e-04
2.347899285691555128e-03 1.168437011790026672e-03
3.552757930880562007e-03 1.763756876524846199e-03
6.722687539257053702e-02 2.909479654344775124e-02
1.787652014145198198e-01 5.801994725304175649e-02
2.914257570444441225e-01 6.532252318273357172e-02
3.609247950384760206e-01 1.245770726566119146e-01
2.731247146109145874e-01 1.010165805462796412e-01
1.520478347639204753e-01 6.318909003871608920e-02
1.250266637871971509e-01 5.293685736705246170e-02
1.024148002391662982e-01 5.115442281011676334e-02
6.768298499032579518e-02 3.242660948108377905e-02
7.059749727531161589e-02 3.154131179894992254e-02
7.903177769177024969e-02 3.655607604176915049e-02
1.266979308929975789e-01 6.471807227617212832e-02
5.834357761100749107e-01 2.430384712649094614e-01
5.834357761100749107e-01 2.430384712649094614e-01
5.834357761100749107e-01 2.430384712649094614e-01
5.834357761100749107e-01 2.430384712649094614e-01
5.834357761100749107e-01 2.430384712649094614e-01
3.542708648561054829e-02 1.709806362780829855e-02
5.455548326230121037e-02 2.678273538108882912e-02
1.162681851418168391e-02 6.441925280423528404e-03
1.129607975219596057e-02 7.166880544702472836e-03
6.124873334669499007e-03 3.519562202051985337e-03
2.082124851941060881e-02 1.378056325431227351e-02
8.903716164212077677e-02 3.659194852877119264e-02
9.303325853074366492e-02 3.859453310025924566e-02
8.742073098771434292e-02 3.606798338468014675e-02
1.508345775754958392e-04 7.539453771795554709e-05
2.581609986674211201e-04 1.290138522324776015e-04
1.608036461604536195e-04 8.037596526760831827e-05
2.274203117215475964e-04 1.136584358625902710e-04
3.729658557143242464e-05 1.864690175042092363e-05
9.227853613757652719e-05 4.613075274055656650e-05
5.309283119597229969e-05 2.654359674926174697e-05
1.099724502444189610e-04 5.497413118239671809e-05
1.254825779359710280e-04 6.272554309062006248e-05
2.166807511949004922e-04 1.082934250495118649e-04
1.678056844492039213e-04 8.387468347686848904e-05
2.030892293567742343e-04 1.015033694433063852e-04
1.012273362126564144e-03 5.051119837036110094e-04
1.923071233292985996e-03 9.578374136781739757e-04
3.068574219997703342e-03 1.524870962255217132e-03
9.954111616524549677e-02 3.998971339934608710e-02
1.903598571479204471e-01 5.899123681166561217e-02
2.852406083309903528e-01 6.655609292923447828e-02
3.225130174758303880e-01 8.871227818582545777e-02
3.459351854693897277e-01 1.139878509059772116e-01
2.580558569949775727e-01 1.087517007066669400e-01
5.299774341662069621e-02 2.445156935851079683e-02
3.534594633045907291e-02 1.676035229093251339e-02
8.087350166442941468e-02 4.402498293375185084e-02
4.729946026137992615e-02 2.188984038120603964e-02
3.901104643954826645e-02 1.829178416274850755e-02
3.877758202330681275e-02 1.838275150337379329e-02
3.604285977132374447e-02 1.723627965285870478e-02
3.950299123048310601e-02 1.857411126623888242e-02
5.834357761100749107e-01 2.430384712649094614e-01
5.834357761100749107e-01 2.430384712649094614e-01
5.834357761100749107e-01 2.430384712649094614e-01
5.834357761100749107e-01 2.430384712649094614e-01
5.834357761100749107e-01 2.430384712649094614e-01
7.211239404008712439e-02 3.343842427423476121e-02
6.838461297845598551e-03 3.382978438822282358e-03
4.972786768053565933e-03 2.461700451035192527e-03
3.499083112335205428e-03 1.738438688768711472e-03
1.523585599944619375e-02 7.387062478747338443e-03
8.781519832104459078e-02 3.619656387191232116e-02
8.777946850909308651e-02 3.618477400690167656e-02
8.727600259973687657e-02 3.602090589536027093e-02
7.046745167987786805e-05 3.522876017819268041e-05
1.137818472509908148e-04 5.687797731673156223e-05
8.119996075215867644e-05 4.059338694245318577e-05
1.811487185374814483e-04 9.054154441051295334e-05
3.639319220925673227e-05 1.819527164018918791e-05
6.303869871459188317e-05 3.151537547976031322e-05
4.154646059854197131e-05 2.077150419088272040e-05
5.450871769702580626e-05 2.725138764820793025e-05
6.535945418292570701e-05 3.267545523321176468e-05
1.115874567030551083e-04 5.578127872353009597e-05
1.576729436964787400e-04 7.881161109106546035e-05
4.586110063878920504e-04 2.290951791387659019e-04
1.227982764804363362e-03 6.124834407315250979e-04
2.195707091439062352e-03 1.093032416088135375e-03
8.590941860485257209e-03 4.221666648192391041e-03
1.165374912027792031e-01 4.468775874555176025e-02
2.874191321456568415e-01 6.110156256054752322e-02
2.988045164929920561e-01 7.162861217099011912e-02
2.195090800805030995e-01 7.517567450290139897e-02
1.238189406684148813e-01 4.827584173172617954e-02
1.150889974661715720e-01 4.550241189130592445e-02
9.496202115598918053e-03 4.667512581329275045e-03
4.052316479518474658e-03 2.009737260317943138e-03
8.015888182337217033e-03 3.944933500920534512e-03
3.788089207671424020e-03 1.879694988044056840e-03
6.099652267063135173e-03 3.012751903765978866e-03
7.471987227735391555e-03 3.680183367519982394e-03
8.174959460043203924e-03 4.021039510382322900e-03
4.886064049480437835e-03 2.419164713296683127e-03
4.227934618038444239e-03 2.096658129479797485e-03
5.834357761100749107e-01 2.430384712649094614e-01
5.834357761100749107e-01 2.430384712649094614e-01
5.834357761100749107e-01 2.430384712649094614e-01
5.834357761100749107e-01 2.430384712649094614e-01
5.834357761100749107e-01 2.430384712649094614e-01
7.160361891864776979e-03 3.603180160115834318e-03
4.939525187143854398e-03 2.447987042608594163e-03
8.971624841754856361e-02 3.681014448007283862e-02
8.932837955157540977e-02 3.668554602751918081e-02
8.815681833956544311e-02 3.630678497338668542e-02
8.926550310447348147e-02 3.666598853294290167e-02
8.658693634830698371e-02 3.579617611270393546e-02
4.080509279954491189e-04 2.038589584378866038e-04
3.539074731781554966e-04 1.768284860895063962e-04
3.237444118119251596e-04 1.617673954617831371e-04
6.979200041436694427e-04 3.484729097396508063e-04
2.322785752508638580e-04 1.160853342889113553e-04
2.153489266846958018e-04 1.076280881821236517e-04
1.718260387950024256e-04 8.588349520989322435e-05
8.781004085906945209e-05 4.389732305379296886e-05
8.768723115938209794e-05 4.383593292667063165e-05
4.650185463939741589e-04 2.322930933627884002e-04
3.517210285153036598e-04 1.757368065757519747e-04
1.016230338190856957e-03 5.070824449951689223e-04
2.371131437435436678e-03 1.179943454424123685e-03
9.163341018376597313e-02 3.742017657419428878e-02
2.815657803277798465e-01 6.150503205303974041e-02
2.312824449100450985e-01 6.464730686847264263e-02
2.912383374758532595e-01 6.455796242849494437e-02
3.168446860469749660e-01 8.627137203952135736e-02
2.730523818910658984e-01 1.295421234974478142e-01
5.522935509118681585e-02 2.596403284801337974e-02
4.888268066855049054e-02 2.310342308120342039e-02
2.485552940472145200e-02 1.191717631690803782e-02
8.835147233994216157e-03 4.347302704994725729e-03
1.116532105918468902e-02 5.467931199912638186e-03
3.112284976437796388e-03 1.546482163074231267e-03
3.131595993004868909e-03 1.556044044006803110e-03
5.057042638978400013e-03 2.502991667371432839e-03
4.519410997645074805e-03 2.239319272517209351e-03
2.879216859150106073e-03 1.431322717481424162e-03
3.328198268166483037e-03 1.653028289783898012e-03
3.542708648561054829e-02 1.709806362780829855e-02
5.834357761100749107e-01 2.430384712649094614e-01
5.834357761100749107e-01 2.430384712649094614e-01
5.834357761100749107e-01 2.430384712649094614e-01
5.834357761100749107e-01 2.430384712649094614e-01
5.834357761100749107e-01 2.430384712649094614e-01
8.326192164414863289e-03 4.102148655706264364e-03
8.514964988374765231e-02 3.532483327471371698e-02
8.856715832550060563e-02 3.668857416167976143e-02
8.936263731229097951e-02 3.672745365545453111e-02
5.695825821770059139e-02 2.538277795148054586e-02
2.409737732188538869e-03 1.199068360599344187e-03
6.913524415079831502e-03 3.408965387702011032e-03
5.877325148803483508e-03 2.904119623496983788e-03
3.645948378997356052e-03 1.809681249916364563e-03
5.943622292552106640e-03 2.938013529502575202e-03
4.835597129642382622e-04 2.415460264861170726e-04
3.074521961963503410e-04 1.536315712452291998e-04
1.509418778741774354e-04 7.544815548659254115e-05
6.045747418210339376e-05 3.022508198486721813e-05
6.294186964596677660e-05 3.146698109761725064e-05
3.585333592236843452e-04 1.791381487998266726e-04
3.829497205489052055e-04 1.913282097859841252e-04
9.656658949494517771e-04 4.819004368540573814e-04
6.275183015056955138e-02 2.743812288803884614e-02
2.745176614704230578e-01 6.189888427602173449e-02
2.857361261283958287e-01 6.122966532516814497e-02
2.888210184936382263e-01 6.433376781713655290e-02
2.189826508318661324e-01 6.488368947134201536e-02
1.067028615631117894e-01 4.301295924492347378e-02
1.221200150965073283e-01 4.658622681130148574e-02
8.378038657687656918e-03 4.195053597134444992e-03
1.407786681791007785e-02 7.077720042388466019e-03
6.177102127554462939e-03 3.068786316121285829e-03
4.988210930454392220e-03 2.474330684267442900e-03
1.291886437691148158e-02 6.304857712550675231e-03
7.650621329955340638e-03 3.769533290138741850e-03
7.716655638341007005e-03 3.800701375041470615e-03
9.272140439067377837e-03 4.552529657172683930e-03
6.730603597683024533e-03 3.323027703596505809e-03
4.746931610315746966e-03 2.351522115403823204e-03
1.539755291675421432e-02 8.033212294833365699e-03
5.455548326230121037e-02 2.678273538108882912e-02
7.211239404008712439e-02 3.343842427423476121e-02
5.834357761100749107e-01 2.430384712649094614e-01
5.834357761100749107e-01 2.430384712649094614e-01
5.834357761100749107e-01 2.430384712649094614e-01
5.834357761100749107e-01 2.430384712649094614e-01
5.834357761100749107e-01 2.430384712649094614e-01
1.314874388768414726e-01 4.945008046442755933e-02
1.063581980692102635e-01 4.572170240254866402e-02
8.997928211627512218e-02 3.689337644039529518e-02
3.192400216281681118e-03 1.586426798880437869e-03
1.814268275607664686e-03 9.038425773918200897e-04
1.667018752630036130e-03 8.307304247933978416e-04
5.234534370676252601e-04 2.614527150330346974e-04
6.899264101756136290e-04 3.444872066363490197e-04
6.921189788829927060e-04 3.455804607605663195e-04
2.377274747568554336e-04 1.188072230261734462e-04
2.025525875498904627e-04 1.012352662242220724e-04
5.955581260636605472e-05 2.977435940836782325e-05
5.395302683022097065e-05 2.697360248600634374e-05
7.891217925659416643e-05 3.944986249626206116e-05
2.721489221248991680e-04 1.360003960266358274e-04
1.065447322340118104e-03 5.315884831733773321e-04
9.086447448133065652e-02 3.717588451789693993e-02
2.805505562218659210e-01 6.156752029628945189e-02
2.838021893408807506e-01 6.135741199576325022e-02
2.874090743125720659e-01 6.316211757895930090e-02
2.885273927003510486e-01 6.436516868318185869e-02
2.780738558011059403e-01 1.435066018617081052e-01
1.878330943531299202e-02 9.040699398749683577e-03
5.995113750039280515e-02 3.034830029964504655e-02
7.121590462178009964e-03 3.550930014538173068e-03
1.588206380908111252e-03 8.117607122466241132e-04
1.550611763957957141e-03 7.775281869283053949e-04
9.076173335158332445e-05 4.543384588307889006e-05
1.596198278701870671e-04 7.983909543371036505e-05
9.474188911436907696e-05 4.736389543065265366e-05
6.661655736638986405e-04 3.326403772271978158e-04
1.584235685640566485e-03 7.897021680696553973e-04
1.745042040966633115e-03 8.725063887593649753e-04
1.157945666290846132e-03 5.776612345308023691e-04
3.156439021584619975e-03 1.568690350244292308e-03
1.162681851418168391e-02 6.441925280423528404e-03
6.838461297845598551e-03 3.382978438822282358e-03
7.160361891864776979e-03 3.603180160115834318e-03
5.834357761100749107e-01 2.430384712649094614e-01
5.834357761100749107e-01 2.430384712649094614e-01
5.834357761100749107e-01 2.430384712649094614e-01
5.834357761100749107e-01 2.430384712649094614e-01
5.834357761100749107e-01 2.430384712649094614e-01
5.942649234927251112e-02 2.664604717642559892e-02
4.487931406673506193e-03 2.223831048059937438e-03
2.927560617716238461e-03 1.455216209363397340e-03
2.886616118816499009e-04 1.442474804146508401e-04
4.819812281212797114e-04 2.407583081563785489e-04
3.716429730429182568e-04 1.856833680220469369e-04
4.180957317561151214e-04 2.088730618371448786e-04
8.381102394424513099e-04 4.183526909477673530e-04
7.721634283196063177e-04 3.854854777997688523e-04
2.870625346085635106e-04 1.434488624055058536e-04
1.142655391350390803e-04 5.711971295408572210e-05
7.256785241697070695e-05 3.627866011528093953e-05
1.016841332115027798e-04 5.083172694280441574e-05
2.412998324575130736e-04 1.205916906196125075e-04
1.518876988306328696e-02 7.363686210970992775e-03
2.205220048168033964e-01 6.163104779997943816e-02
2.806254576171000048e-01 6.176716038683395527e-02
2.829343565686784356e-01 6.464891929272613413e-02
1.994174487397352979e-01 6.323653729679698521e-02
1.024571437567638327e-01 4.073706622983159359e-02
4.494253684936114907e-02 2.045143680622438925e-02
3.686178976414724705e-03 1.829501572761200534e-03
3.697252371767534990e-03 1.835002850370704916e-03
3.663499576792803589e-04 1.835250560248022854e-04
7.219678933455903004e-05 3.612009970430201105e-05
2.691241141293105829e-04 1.359768435072392090e-04
2.816283717797374699e-05 1.408663678573784349e-05
4.731387488235486150e-05 2.365490541909666229e-05
1.216739165759213986e-05 6.083547783376320302e-06
8.244122371494026888e-05 4.121381530210251623e-05
4.142788918600822257e-04 2.069678189298002871e-04
1.073747026416863818e-03 5.357236765138554541e-04
1.839166971517189114e-03 9.162009506149446612e-04
2.475960662353854196e-03 1.231849949977997013e-03
1.129607975219596057e-02 7.166880544702472836e-03
4.972786768053565933e-03 2.461700451035192527e-03
4.939525187143854398e-03 2.447987042608594163e-03
8.326192164414863289e-03 4.102148655706264364e-03
5.834357761100749107e-01 2.430384712649094614e-01
5.834357761100749107e-01 2.430384712649094614e-01
5.834357761100749107e-01 2.430384712649094614e-01
5.834357761100749107e-01 2.430384712649094614e-01
5.834357761100749107e-01 2.430384712649094614e-01
5.518641749564851505e-03 2.730126403633887418e-03
2.023868634224562039e-03 1.007838272864848821e-03
1.368284901028531835e-04 6.839552301572277015e-05
8.904160297849362301e-04 4.444151741863701681e-04
2.073018114435081025e-03 1.032211653114764637e-03
1.856617756153122398e-03 9.248618485840981928e-04
2.244379642447608472e-03 1.117152581244370939e-03
1.598232435609650559e-03 7.965618708865904824e-04
7.582205680227395092e-04 3.785353855815970264e-04
1.941985250237547231e-04 9.706154944475595321e-05
1.536587120930313626e-04 7.680574504671359461e-05
1.495267295673347453e-04 7.474100654081226587e-05
8.752734435040131211e-02 3.610263616616692789e-02
2.260886445615637730e-01 6.192824708109676696e-02
2.798326613459908851e-01 6.161001231701541958e-02
2.818228129447010177e-01 6.302296992173639367e-02
2.823340170114570502e-01 6.487062977717761303e-02
1.000750519055273319e-01 4.331364969629862560e-02
2.809443408710720139e-02 1.325791981687879026e-02
5.205609061156088804e-03 2.577233542142405142e-03
3.872568556428920904e-04 1.941808438058657436e-04
4.994202643862561460e-04 2.503318027983821459e-04
2.596724181993805241e-04 1.303739976009965279e-04
7.870446474152610313e-05 3.974091205083804719e-05
1.272946982193929385e-04 6.369584862248790671e-05
2.380610631702234024e-05 1.190248642781319225e-05
1.388684479690433969e-04 6.942343738180079687e-05
1.881109158413120556e-05 9.405191934899016982e-06
1.438280773193482498e-04 7.189335214384874639e-05
2.343542268455838613e-04 1.171221915191667174e-04
1.022886645232364694e-03 5.103970255272745208e-04
1.823906326010171254e-03 9.086265287204416119e-04
2.397205525726168237e-03 1.192861865529815492e-03
6.124873334669499007e-03 3.519562202051985337e-03
3.499083112335205428e-03 1.738438688768711472e-03
8.971624841754856361e-02 3.681014448007283862e-02
8.514964988374765231e-02 3.532483327471371698e-02
1.314874388768414726e-01 4.945008046442755933e-02
5.834357761100749107e-01 2.430384712649094614e-01
5.834357761100749107e-01 2.430384712649094614e-01
5.834357761100749107e-01 2.430384712649094614e-01
5.834357761100749107e-01 2.430384712649094614e-01
5.834357761100749107e-01 2.430384712649094614e-01
3.792258019198659221e-04 1.894690887510911911e-04
1.274922229490914717e-04 6.372985720763323059e-05
1.998456998662021585e-03 9.956912081747126483e-04
4.475893728992708966e-03 2.217913239823118138e-03
3.028166475697082957e-03 1.505459175853911952e-03
4.535795468000433130e-03 2.247324293472683417e-03
3.522247867532429626e-03 1.748717703725878028e-03
1.434391233490438710e-03 7.151381385345050848e-04
8.720160131853837548e-04 4.352475946654401425e-04
1.419041061013283540e-02 6.893837551782247379e-03
1.700448477979239759e-02 8.213089887270007272e-03
2.624816555959165187e-01 6.330979709271801481e-02
2.778722138054813828e-01 6.172475712537531245e-02
2.859423303888395385e-01 6.717811406011664488e-02
2.201485695103812534e-01 6.513514125525582399e-02
1.923077388965821477e-01 6.196011457493281332e-02
9.420915502616382733e-03 4.621795477777696469e-03
2.886627126002750537e-02 1.359987401355626339e-02
6.831647815347029196e-02 2.949119683684177373e-02
3.610160451979942033e-03 1.792139612854392119e-03
9.396581951190718408e-04 4.693524908102060370e-04
6.911042560319080250e-03 3.408378974662848362e-03
1.640741376503330822e-04 8.201062727202808452e-05
3.278088622794387858e-04 1.637969724895304614e-04
3.347352170346497595e-04 1.672615721939505428e-04
3.786273868488866049e-03 1.891559442556784961e-03
1.505250924724009899e-03 7.582084056933902473e-04
1.492662135538768862e-03 7.784808203440014016e-04
2.794541296713325563e-03 1.451334543645057444e-03
2.536202465265197884e-03 1.301413038185407272e-03
7.035080796200431086e-03 3.927905432825330896e-03
1.080297986669522849e-02 7.056139804930229575e-03
2.082124851941060881e-02 1.378056325431227351e-02
1.523585599944619375e-02 7.387062478747338443e-03
8.932837955157540977e-02 3.668554602751918081e-02
8.856715832550060563e-02 3.668857416167976143e-02
1.063581980692102635e-01 4.572170240254866402e-02
5.942649234927251112e-02 2.664604717642559892e-02
5.834357761100749107e-01 2.430384712649094614e-01
5.834357761100749107e-01 2.430384712649094614e-01
5.834357761100749107e-01 2.430384712649094614e-01
5.834357761100749107e-01 2.430384712649094614e-01
5.834357761100749107e-01 2.430384712649094614e-01
1.300296048869704121e-03 6.484572546201561923e-04
3.349118029338730117e-03 1.663342423094923408e-03
5.475941476601167181e-03 2.707984803245422518e-03
6.424428030502213859e-03 3.175461056411436802e-03
1.078961754010318054e-02 5.285527892738467286e-03
1.333903161773095265e-02 6.517550458505080684e-03
1.240708143235296108e-02 6.049605046507443296e-03
8.965341178009112594e-03 4.402293246566450248e-03
6.808561889843783854e-02 2.940715794843560410e-02
2.286557413281639917e-01 6.204442262174975076e-02
2.867351462741549728e-01 6.935651328832173612e-02
2.806294049618584530e-01 6.317070661642418261e-02
2.834071184555231326e-01 6.482123374778485381e-02
1.001089082716746376e-01 4.335069269053402896e-02
9.654943428021204449e-03 4.734253781412312359e-03
4.976364182867811653e-03 2.463417890953376044e-03
1.753878019105197406e-03 8.738811781742899555e-04
1.023277675641530524e-03 5.107465938968432356e-04
3.840801056036134416e-04 1.919756027026257536e-04
2.909508308219049236e-04 1.459624400962437592e-04
3.768486847440898849e-03 1.870670980238021237e-03
7.711334150150610939e-03 3.796202479428556140e-03
2.821062514685578494e-03 1.402575331373794596e-03
2.457936405826085385e-03 1.222926751537957348e-03
8.898014800594223825e-03 4.369939959346812695e-03
1.789731465434136679e-03 8.916650617414726473e-04
7.201362216535974045e-04 3.601347506609152817e-04
1.786135820986782573e-03 8.914255304221261949e-04
2.746876820988779656e-03 1.369084193703681797e-03
3.410681248268617079e-03 1.696366372613033243e-03
2.968548328621309091e-03 1.475463108153993782e-03
8.903716164212077677e-02 3.659194852877119264e-02
8.781519832104459078e-02 3.619656387191232116e-02
8.815681833956544311e-02 3.630678497338668542e-02
8.936263731229097951e-02 3.672745365545453111e-02
8.997928211627512218e-02 3.689337644039529518e-02
4.487931406673506193e-03 2.223831048059937438e-03
5.518641749564851505e-03 2.730126403633887418e-03
5.834357761100749107e-01 2.430384712649094614e-01
5.834357761100749107e-01 2.430384712649094614e-01
5.834357761100749107e-01 2.430384712649094614e-01
5.834357761100749107e-01 2.430384712649094614e-01
5.834357761100749107e-01 2.430384712649094614e-01
3.427958786688276201e-03 1.702228491900904849e-03
2.198111504249859044e-02 1.050895027654385853e-02
2.450753368583883512e-02 1.165678100159904182e-02
4.758130492721866084e-02 2.184131148811267048e-02
1.050757926488404305e-02 5.175139231622052742e-03
1.897214747016458258e-02 9.228645189441931490e-03
1.404846697500869435e-02 6.842222256338197431e-03
1.392805544074532942e-01 5.026205579193990247e-02
2.546548278862224013e-01 6.293266166315177046e-02
3.287214510386304855e-01 1.069000972947219408e-01
2.228509955194888370e-01 8.321012010485184796e-02
1.918332346092772867e-01 6.000511543375928319e-02
6.121903998966069654e-02 2.686333537571353181e-02
6.453286130658128505e-02 2.810194054360471566e-02
2.375241100413607274e-03 1.181978781998320243e-03
3.830985014845391268e-03 1.900816061238725730e-03
1.122139288617001471e-03 5.598104477254428699e-04
1.258346117288543231e-02 6.133390981679836228e-03
3.620286740211609792e-03 1.797036894024452896e-03
2.151525781307229990e-02 1.029472356215309185e-02
4.399166601695978125e-03 2.180230634058511873e-03
2.609129601155260950e-03 1.297757243302015981e-03
1.303628825003796000e-03 6.501149643885172080e-04
9.009526081048055760e-03 4.428632790548393296e-03
5.871993935651644535e-03 2.914929874461628240e-03
4.090906033143367447e-03 2.112097570717787979e-03
5.843889535912456454e-03 3.053040764405532716e-03
8.130830030377083142e-03 4.465139961011325119e-03
1.436343780545698036e-02 8.778513810977862930e-03
2.476053996760756507e-02 1.354116894916692834e-02
9.303325853074366492e-02 3.859453310025924566e-02
8.777946850909308651e-02 3.618477400690167656e-02
8.926550310447348147e-02 3.666598853294290167e-02
5.695825821770059139e-02 2.538277795148054586e-02
3.192400216281681118e-03 1.586426798880437869e-03
2.927560617716238461e-03 1.455216209363397340e-03
2.023868634224562039e-03 1.007838272864848821e-03
3.792258019198659221e-04 1.894690887510911911e-04
5.834357761100749107e-01 2.430384712649094614e-01
5.834357761100749107e-01 2.430384712649094614e-01
5.834357761100749107e-01 2.430384712649094614e-01
5.834357761100749107e-01 2.430384712649094614e-01
4.418514235434416876e-03 2.189733849668471996e-03
8.710907648881232104e-03 4.280810718321989040e-03
9.564681016322634441e-03 4.692605674872923904e-03
5.190661288672560741e-02 2.415908591077103179e-02
2.940889658355063524e-02 1.425738830886096216e-02
5.380268904026041382e-02 2.464715806411183624e-02
4.794648569952601053e-02 2.180351888588169876e-02
1.790455283153253030e-01 5.804818986379058771e-02
2.466860939679525744e-01 6.429599068199595702e-02
3.068387700350030944e-01 1.017648319486009478e-01
1.045153656732267233e-01 5.300158207331337468e-02
1.498624889642556982e-02 7.268536792227168336e-03
6.932799982861455323e-03 3.418336275828363739e-03
8.223559017124128364e-04 4.105016816271252048e-04
6.357594964241027350e-04 3.174756095079850501e-04
2.511253188441646585e-04 1.254995954963177560e-04
2.455490833632749045e-04 1.227149775672439552e-04
2.475164089314009822e-04 1.237002938206686398e-04
2.798888072985707132e-04 1.398660659048343434e-04
6.930359595318214515e-03 3.417150094558741788e-03
1.682113230282861411e-03 8.382271102219381129e-04
3.219268201775402766e-03 1.599270413132745754e-03
5.072371749328981674e-03 2.510456919501100146e-03
1.221928441984867705e-02 5.960331298191181952e-03
1.143054340354324704e-02 5.584614379271337324e-03
1.233260067393587150e-02 6.014532328191279226e-03
1.590585948589250467e-02 7.703190558827383190e-03
1.507918422589306362e-02 7.339648757606329933e-03
6.753999210784622509e-02 2.920842994593031428e-02
8.299380323365655732e-02 3.460893024164585219e-02
8.742073098771434292e-02 3.606798338468014675e-02
8.727600259973687657e-02 3.602090589536027093e-02
8.658693634830698371e-02 3.579617611270393546e-02
2.409737732188538869e-03 1.199068360599344187e-03
1.814268275607664686e-03 9.038425773918200897e-04
2.886616118816499009e-04 1.442474804146508401e-04
1.368284901028531835e-04 6.839552301572277015e-05
1.274922229490914717e-04 6.372985720763323059e-05
1.300296048869704121e-03 6.484572546201561923e-04
5.834357761100749107e-01 2.430384712649094614e-01
5.834357761100749107e-01 2.430384712649094614e-01
5.834357761100749107e-01 2.430384712649094614e-01
