4.431485387113306778e-04 4.429521580839686961e-04
2.990525034575263288e-04 2.989630710577021117e-04
6.543419181295155726e-04 6.539137547836942031e-04
1.711412466232059733e-03 1.708483533602485338e-03
3.406204190816363494e-03 3.394601963826828373e-03
7.520001551374984848e-03 7.463451128042302742e-03
5.607779154632341889e-03 5.576331967585212816e-03
1.468410023363724524e-02 1.446847743396574050e-02
6.385745656664052958e-03 6.344967909072449230e-03
5.306817433483895785e-02 5.025194320760609928e-02
3.078360595075648625e-04 3.077412964680317038e-04
1.356398776721442784e-04 1.356214794957293578e-04
4.136240552521450045e-04 4.134529703930617749e-04
4.544596310645195904e-04 4.542530975082522890e-04
8.739189671599530401e-04 8.731552327987911200e-04
1.518603221988382200e-03 1.516297066242548773e-03
6.070000627836118689e-04 6.066316137073925760e-04
3.269059279102331898e-04 3.267990604245303555e-04
3.399947476404874811e-04 3.398791512120643708e-04
2.927762455370805394e-04 2.926905276071297703e-04
8.139329958547143241e-06 8.139263709854969336e-06
1.901628191621800501e-04 1.901266572643883301e-04
1.680858223970841086e-04 1.680575695533932114e-04
6.177031719610061354e-04 6.173216147523554603e-04
5.442452672390581982e-04 5.439490643281460602e-04
1.049763189335230868e-03 1.048661186581547515e-03
1.277547356227887437e-03 1.275915228980482657e-03
4.654756500317382487e-03 4.633089742240135631e-03
9.759865222943774554e-05 9.758912673252074870e-05
6.794387385455497041e-05 6.793925748456061100e-05
6.954779942155940847e-04 6.949943045751558884e-04
1.949834768416798406e-03 1.946032912792671410e-03
1.276102674591421881e-04 1.275939830787812049e-04
8.092308366173798411e-04 8.085759820704473870e-04
5.839703778550180613e-04 5.836293564528059708e-04
1.764232008226118101e-04 1.763920756768233024e-04
3.683867732506512327e-05 3.683732023691806492e-05
9.996328847683713604e-05 9.995329581779403090e-05
4.766041563175872848e-04 4.763770047957681083e-04
6.538212804510052604e-04 6.533937981842346870e-04
1.868846452318023363e-02 1.833920581694606713e-02
6.741778532591877204e-03 6.696326954809360757e-03
2.027093123572374332e-04 2.026682212919210990e-04
7.953515818539975957e-05 7.952883234401218325e-05
1.682711221048160065e-04 1.682428069342815804e-04
1.649427190092705433e-03 1.646706580037288334e-03
2.630945445229569777e-03 2.624023571293795758e-03
3.762457289472154014e-03 3.748301204617051925e-03
3.659941669888546866e-03 3.646546496861560217e-03
1.471544772093541856e-02 1.449890331930783587e-02
1.659199614303595929e-02 1.631670180702543896e-02
5.623012357042539433e-02 5.306829677368008619e-02
6.612977522208338338e-04 6.608604375037415530e-04
4.332110271566006816e-05 4.331922599771956505e-05
8.262038070018715955e-05 8.261355457288012101e-05
2.794144798343417124e-04 2.793364073828005995e-04
5.466953369074781894e-04 5.463964611160818325e-04
1.128916126348425636e-03 1.127641674728096068e-03
8.161469238282792991e-04 8.154808280270049725e-04
4.956050599196187281e-04 4.953594355442007607e-04
3.979401949438037228e-04 3.977818385450518010e-04
5.005230612948540717e-04 5.002725379599661350e-04
1.443994816899155354e-05 1.443973965688842985e-05
9.084484810813185944e-05 9.083659532170406542e-05
1.325801613858097533e-04 1.325625838866166778e-04
5.904242061228122699e-04 5.900756053796365206e-04
4.659633239574177059e-04 4.657462021381442857e-04
8.694634881717428366e-04 8.687075214144791141e-04
9.372277955125182759e-04 9.363493995718370462e-04
3.088667652790850690e-03 3.079127784921454301e-03
5.820960793766513208e-05 5.820621957920887846e-05
5.385588761474417502e-05 5.385298715811340274e-05
9.440212259058247202e-04 9.431300498308639677e-04
6.003497008593385769e-04 5.999892810960166800e-04
1.152257059690523096e-04 1.152124290057362436e-04
8.371941888457293994e-04 8.364932947358923784e-04
3.645917137761030486e-04 3.644587866583488258e-04
4.132623609869108430e-05 4.132452824090099871e-05
1.252955395290215457e-05 1.252939696317989534e-05
4.613344543167848064e-05 4.613131713689108486e-05
2.045176535845050301e-03 2.040993788782279137e-03
2.109321288548292837e-03 2.104872052249969795e-03
6.856473133039682477e-02 6.386360894798732979e-02
3.321670981920653298e-02 3.211336000799316220e-02
9.136969707948675370e-04 9.128621286404278072e-04
1.990144839291649857e-04 1.989748771643513902e-04
1.022219410913262393e-03 1.021174478389214437e-03
1.725056862915668159e-03 1.722081041735375661e-03
3.273609865357628677e-03 3.262893343807062030e-03
3.458020074257488630e-03 3.446062171423520948e-03
2.163391438391498636e-03 2.158711175875792886e-03
7.964078033563170775e-03 7.900651494638488009e-03
4.579236822308371119e-03 4.558267412433585943e-03
8.226088844438917552e-03 8.158420306762314764e-03
3.628279655271160779e-04 3.626963213945475569e-04
2.164228460339026326e-05 2.164181621490740754e-05
2.105984504094541101e-04 2.105540987021392390e-04
6.721580022704525545e-04 6.717062058904363147e-04
1.127227532463389746e-03 1.125956890553446313e-03
1.925680314826550823e-03 1.921972070151640446e-03
1.093812032618680105e-03 1.092615607855978782e-03
5.128728988829423007e-04 5.126098602725336810e-04
4.692459824732927954e-04 4.690257906812254928e-04
5.961181256723079285e-04 5.957627688525528103e-04
7.482274413869230039e-06 7.482218429438825700e-06
1.895544360081872993e-04 1.895185051239769178e-04
4.572761314426039298e-04 4.570670299822168162e-04
8.312355030837855060e-04 8.305445506221985612e-04
1.226699275569291927e-03 1.225194484456609790e-03
2.080684267962968834e-03 2.076355020940020332e-03
1.275899117516656389e-03 1.274271198958576608e-03
2.840634000178620874e-03 2.832564798655649949e-03
1.915156685841720870e-04 1.914789903328588492e-04
4.062786333518425314e-04 4.061135710239242641e-04
9.031052952493256059e-04 9.022896960750182837e-04
1.695404095486809830e-03 1.692529700439816299e-03
1.431841164479755873e-04 1.431636147567726125e-04
6.731183803863758502e-03 6.685874968462360290e-03
6.177312217215969728e-04 6.173496298593072898e-04
2.084788571099057872e-04 2.084353936760439453e-04
9.143171343633565626e-05 9.142335367811375510e-05
1.354355346028465225e-04 1.354171918188133640e-04
4.074698461881512716e-04 4.073038145125986711e-04
1.390204507549612067e-03 1.388271838976800742e-03
3.579594191529566344e-02 3.451459245769244316e-02
2.486081339320333344e-02 2.424275335063165449e-02
4.361234485875311196e-04 4.359332449251232620e-04
1.526993065042150412e-03 1.524661357221463636e-03
1.606669073020067012e-03 1.604087687509867747e-03
2.413206073604813422e-03 2.407382510051130249e-03
3.000347513542546158e-03 2.991345428340525230e-03
4.049632468774680590e-03 4.033232945642526400e-03
2.739848677302986289e-03 2.732341906528467420e-03
5.214849937036845386e-03 5.187655277171032003e-03
4.856484003604032325e-03 4.832898566726770082e-03
4.385664966911456339e-03 4.366430909709461544e-03
2.456061532542077111e-04 2.455458308716913893e-04
8.451002926078323828e-04 8.443860981032665341e-04
2.545549251472425489e-04 2.544901269373258420e-04
1.902131609385717716e-03 1.898513504726293422e-03
6.389569293654763808e-04 6.385486634078922728e-04
2.581238415605122821e-03 2.574575623846927196e-03
1.765989098850426035e-03 1.762870381353167509e-03
1.926827319050622607e-03 1.923114655533182714e-03
1.146867271603812990e-03 1.145551967065137032e-03
3.412408027624527253e-03 3.400763499077530828e-03
1.466712550854079209e-04 1.466497426283395989e-04
7.159359426065355862e-04 7.154233783326196519e-04
1.343660210594489540e-03 1.341854787832954653e-03
1.517953387870138839e-03 1.515649205382392506e-03
3.558464262426208700e-03 3.545801594519244065e-03
5.482334732505923271e-03 5.452278738386682165e-03
4.946459961346548646e-03 4.921992495197344102e-03
8.886537886795957755e-03 8.807567331182498613e-03
1.422486591861605015e-03 1.420463123757578902e-03
2.528813423870828608e-03 2.522418526538079426e-03
5.132168460226414590e-03 5.105829307122272155e-03
4.839415476274742424e-03 4.815995534122734754e-03
5.576805513115623341e-04 5.573695437142511897e-04
2.538764172777009491e-03 2.532318849252033263e-03
1.768978436712776228e-03 1.765849152003221532e-03
6.334527637189495781e-04 6.330515013150863745e-04
5.273588501896755119e-04 5.270807428328021889e-04
6.706481875997523899e-04 6.701984186082215415e-04
3.038740380541625832e-03 3.029506437441291476e-03
3.626909807142591688e-03 3.613755332393444545e-03
4.365170261143064279e-02 4.174623147055386146e-02
5.110388824365060673e-02 4.849228085003107896e-02
9.469634291570249926e-03 9.379960317954166155e-03
4.132485249709381622e-03 4.115407815370316150e-03
4.698463397150603148e-03 4.676387838856239411e-03
3.185205079889515557e-03 3.175059548488561468e-03
3.788766795567618563e-03 3.774412041736422904e-03
2.552852733802412916e-03 2.546335676721930494e-03
1.656748537234078176e-03 1.654003721518450916e-03
2.244299526883130821e-03 2.239262646516762979e-03
1.076814660129638175e-03 1.075655130317368022e-03
7.090119171024986035e-04 7.085092192039052061e-04
2.372912802816211537e-03 2.367282087646442254e-03
1.548051191432884893e-04 1.547811545183755194e-04
4.214184635200774603e-02 4.036591113805151898e-02
9.513290635316910826e-04 9.504240365445710322e-04
3.755564671539506159e-03 3.741460405537390399e-03
1.341389586662840609e-03 1.339590260639633018e-03
9.480723199398980328e-04 9.471734788160618250e-04
1.320390418550865903e-04 1.320216075465125718e-04
1.332451224405335147e-03 1.330675798139915834e-03
1.820265720139016725e-03 1.816952352847103465e-03
2.850981729597045693e-04 2.850168919914796177e-04
2.929090429752679269e-03 2.920510859007010348e-03
2.080900435951683718e-03 2.076570289327339669e-03
2.557672536025907238e-03 2.551130847224366161e-03
4.668294390038446769e-03 4.646501417526382322e-03
9.508332292616331755e-03 9.417923909629520932e-03
1.048715068979698233e-02 1.037717036020647382e-02
2.380160836008198347e-02 2.323509179955525819e-02
4.054735783659071946e-03 4.038294901383786620e-03
3.911260953281595759e-03 3.895962991036930681e-03
5.693848168160106984e-03 5.661428261198047165e-03
2.058473774284948557e-03 2.054236460005529844e-03
9.014054053133857525e-05 9.013241521429129111e-05
4.787560289193483021e-04 4.785268215841217043e-04
3.546584899223114784e-04 3.545327072778374933e-04
9.483368132644503720e-03 9.393433861505246993e-03
2.098059099828176695e-04 2.097618914629539519e-04
7.834928832899166855e-04 7.828790221917507125e-04
3.364908574093216330e-03 3.353585964381210378e-03
1.052389567024917920e-02 1.041314329017089049e-02
1.026345550571893320e-02 1.015811698680106102e-02
1.184265100595699102e-02 1.170240262310809701e-02
1.722919433177819192e-03 1.719950981804597512e-03
1.950878744588336808e-03 1.947072816712250342e-03
1.979234292501353722e-03 1.975316924116740560e-03
3.046769847488998637e-03 3.037487040985430500e-03
1.554065552039271374e-03 1.551650432299236243e-03
2.054765189601889374e-03 2.050543129617489642e-03
7.919072171367825186e-04 7.912801000962291567e-04
2.786911263815427826e-04 2.786134576376189729e-04
8.879776548054117420e-05 8.878988043738683504e-05
4.255115947557984836e-04 4.253305346385268860e-04
3.515941061227991827e-04 3.514704877073389182e-04
8.709502404847897436e-04 8.701916861633892135e-04
2.603178149705650808e-04 2.602500496057740345e-04
2.647514990375495272e-03 2.640505654751232421e-03
3.349159876427835027e-04 3.348038189240047798e-04
3.888389648741314916e-03 3.873270074680876338e-03
8.906245021002979871e-04 8.898312900965565844e-04
2.699805422031262151e-04 2.699076527099579167e-04
1.375748563998704498e-03 1.373855879887360019e-03
5.420249917280557314e-03 5.390870808114777216e-03
9.280771123629350623e-04 9.272157852364431479e-04
2.958949895990990817e-03 2.950194511504005551e-03
2.119021441386603061e-03 2.114531189517546844e-03
2.362291643969730275e-03 2.356711222158561127e-03
4.828007338712613124e-03 4.804697683849949892e-03
1.177157266367498227e-02 1.163300274069880257e-02
2.097282503397441059e-02 2.053296564406870833e-02
5.238540006032301605e-02 4.964116992084292856e-02
1.321751861795469364e-02 1.304281581953871394e-02
8.166810843458592942e-03 8.100114044105759248e-03
6.438157224918082330e-03 6.396707356465317074e-03
2.636102079148449056e-03 2.629153044976758388e-03
1.161400758885489944e-04 1.161265873713215901e-04
2.288445139968538883e-04 2.287921441852674455e-04
4.773738292234044715e-04 4.771459434505770478e-04
1.691469123169149220e-04 1.691183016389685798e-04
8.165855274698460018e-04 8.159187155461727729e-04
3.862410469041684113e-03 3.847492254410321468e-03
1.257539680109042400e-02 1.241725619638554823e-02
1.233056337454196440e-02 1.217852058140836934e-02
1.259506806157218578e-02 1.243643232209654982e-02
1.266277017315241456e-02 1.250242442469433682e-02
1.130132179131286248e-03 1.128854980388978215e-03
1.597272486436473408e-03 1.594721207040546498e-03
8.932071198219614094e-04 8.924093008630607426e-04
1.093742261188058789e-03 1.092545989054150100e-03
1.960382140229027705e-03 1.956539042093298660e-03
6.414509523787195137e-04 6.410394930544119005e-04
7.717950339059450877e-05 7.717354671485089591e-05
2.699137498118268203e-04 2.698408963794893299e-04
5.591977721369078983e-05 5.591665019220716060e-05
7.709888996298183521e-05 7.709294572414831246e-05
8.023133477718145208e-04 8.016696410638017318e-04
2.678350200861693133e-05 2.678278465263708678e-05
8.785371959405334844e-03 8.708189198940228734e-03
5.462131227454385249e-04 5.459147739699792435e-04
9.839369180934736205e-06 9.839272367748856955e-06
3.010242969652848245e-03 3.001181406916503865e-03
9.289951083397816499e-05 9.289088051486497281e-05
1.085460326427447869e-06 1.085459148203327572e-06
1.515380366873732548e-03 1.513083989217426208e-03
6.765569091103620014e-04 6.760991798590970095e-04
4.096842780863510958e-04 4.095164368786399409e-04
1.254985782642368142e-03 1.253410793327733742e-03
5.254852171769510251e-04 5.252090824634795185e-04
1.096151941936662419e-03 1.094950392856850916e-03
3.694679941842689969e-03 3.681029281970035153e-03
1.734516638120797358e-02 1.704431158441618507e-02
3.291689981072041388e-02 3.183337751757140538e-02
6.874111692085431435e-02 6.401577576532775649e-02
2.653365473340823025e-02 2.582961989989651305e-02
8.584064829683667880e-03 8.510378660683456595e-03
6.092932664122380909e-03 6.055808835672851428e-03
3.518401384563990346e-04 3.517163469733700304e-04
9.032617495542262200e-06 9.032535907363440917e-06
5.490145139592160598e-05 5.489843722655622491e-05
1.113557520207445389e-04 1.113433519172364350e-04
1.609741153875534963e-04 1.609482027217287042e-04
1.182465691108791237e-03 1.181067465998141821e-03
1.000716851377237045e-02 9.907025092109333908e-03
1.208443588795256839e-02 1.193840229722253204e-02
1.350544745233933641e-02 1.332305034145143778e-02
8.393834665380241547e-03 8.323378204990503071e-03
7.757823239743349801e-03 7.697639418324247682e-03
5.221962151258771265e-04 5.219235262387853869e-04
5.782851604067888686e-04 5.779507466800421584e-04
6.630353445572233261e-04 6.625957286890912529e-04
5.212331067140985649e-04 5.209614227625636871e-04
6.598089293354390166e-04 6.593735815122082769e-04
2.267398634519461988e-04 2.266884524862680000e-04
4.359325593139627524e-05 4.359135555943357686e-05
3.821859571548534237e-05 3.821713505442688076e-05
2.026741148116350166e-05 2.026700071319535590e-05
3.228664097745928335e-05 3.228559855027367606e-05
1.237039073475202158e-03 1.235508807805897873e-03
4.491029864014011222e-05 4.490828170521616534e-05
4.111611015092455105e-04 4.109920480578512078e-04
6.398268678251938912e-04 6.394174894044029429e-04
9.331629377680032665e-06 9.331542298373190280e-06
5.462078472935964248e-03 5.432244171691453724e-03
2.538016680985654078e-04 2.537372528118357834e-04
7.453183218885420441e-06 7.453127668945325874e-06
4.739066497213440671e-03 4.716607745948430026e-03
1.163067632065477265e-03 1.161714905748718971e-03
1.712000688361751694e-03 1.709069742004800611e-03
4.632792343903606273e-03 4.611329579001874172e-03
1.095874892032731689e-03 1.094673950253743965e-03
2.843526238287531500e-03 2.835440596819702001e-03
5.688825979029477065e-03 5.656463238009796363e-03
4.522802450982656153e-02 4.318245030876508711e-02
7.321136373057041125e-02 6.785145995128052943e-02
1.246472312625139384e-01 1.091102990011033058e-01
1.143772423899170748e-01 1.012950888131952387e-01
2.225497813062891905e-02 2.175969407903414685e-02
3.168312145953793707e-02 3.067930127411810232e-02
2.654093047048286763e-04 2.653388626058047648e-04
2.567400503582369201e-05 2.567334588128911119e-05
3.216469019065090339e-04 3.215434451770029893e-04
8.833634376057915641e-03 8.755601279768043810e-03
1.412153963597851877e-03 1.410159784780946847e-03
5.603041069177538275e-03 5.571646999954648141e-03
1.888891609439914687e-02 1.853212494317789741e-02
1.803533035770047213e-02 1.771005721658908127e-02
1.779251571262255305e-02 1.747594209723863160e-02
5.183138817409573516e-03 5.156273889409035416e-03
2.880288391464070740e-03 2.871992330246068200e-03
7.467040834260825011e-04 7.461465164378773204e-04
8.555868206504920912e-04 8.548547918428212912e-04
1.479154265085393842e-03 1.476966367745473525e-03
1.809311252218330718e-03 1.806037645010926751e-03
2.754650365583047756e-03 2.747062266946440848e-03
3.295824619026082604e-04 3.294738373034144770e-04
3.788096513134328315e-05 3.787953016382400283e-05
1.861566015252572349e-05 1.861531360972280965e-05
3.738317093988371746e-06 3.738303118973676593e-06
6.878102390863021371e-06 6.878055082570522174e-06
1.403701094550880747e-02 1.383997326922447278e-02
1.901164349490244227e-05 1.901128205231406552e-05
1.419161691566904818e-02 1.399021492498794469e-02
5.288115132998755344e-05 5.287835491382156895e-05
2.180544619758539911e-06 2.180539864983701183e-06
1.483704220176462318e-03 1.481502841963492842e-03
6.909640041616631949e-05 6.909162610361584513e-05
8.848812783962407921e-07 8.848804953813639474e-07
2.168586029050576739e-03 2.163883263685183189e-03
7.765674341778236109e-04 7.759643771979980688e-04
5.273036478862784971e-04 5.270255987492042729e-04
3.151407464602255706e-03 3.141476095594304858e-03
2.836459774138682787e-04 2.835655223733652124e-04
3.355021570585062837e-03 3.343765400845971712e-03
9.510175086354701870e-04 9.501130743337389680e-04
2.889240917326363345e-02 2.805763786542834343e-02
4.331285069152105566e-02 4.143684765649505858e-02
1.287447893197873616e-01 1.121695685427909206e-01
1.610295111974515414e-01 1.350990077209613671e-01
8.720231171218362221e-02 7.959806854423479017e-02
1.056049702588106598e-01 9.445256051544637099e-02
4.401397531651949496e-03 4.382025231420317267e-03
4.699996818561242673e-05 4.699775918860297884e-05
7.285083553057301485e-05 7.284552828633550576e-05
2.299948071313771629e-04 2.299419095200697723e-04
1.813027507041687541e-03 1.809740438300397715e-03
7.573639142861988797e-03 7.516279132995697630e-03
5.317823981839436831e-02 5.035031462821170506e-02
1.735966735200566297e-02 1.705830930143337199e-02
1.663674323811188682e-02 1.635996201254102597e-02
6.571481760081494654e-05 6.571049916356263578e-05
1.195903654053635042e-04 1.195760635498657092e-04
2.699056239050545009e-03 2.691771334468987149e-03
3.192891081742140619e-03 3.182696528282272144e-03
5.173310173915565517e-03 5.146547035760027332e-03
6.894954206313631991e-03 6.847413812806469810e-03
1.100429153725539060e-02 1.088319710501848073e-02
5.352337331966232695e-03 5.323689817051073005e-03
2.532626634368490958e-03 2.526212436699378384e-03
3.553545877392835003e-03 3.540918189090099585e-03
5.893858213944903977e-04 5.890384457480295861e-04
5.693113536338402806e-04 5.689872382164638809e-04
6.869622608318291801e-02 6.397705460511113329e-02
4.825029495357808368e-03 4.801748585726735123e-03
4.721973049802358213e-02 4.499002754971760665e-02
1.591448028696090507e-03 1.588915321868049780e-03
1.100388164021010790e-06 1.100386953166899246e-06
2.631033935339211968e-02 2.561810539650146573e-02
4.877349581026020056e-04 4.874970727132466497e-04
3.358394045864607040e-03 3.347115235297308013e-03
2.617158641237480720e-03 2.610309121884076509e-03
9.042149372719835224e-03 8.960388907441257239e-03
1.119816085247917706e-03 1.118562097183137651e-03
8.329800312912676724e-03 8.260414739659676167e-03
1.140266198623477497e-03 1.138965991619754221e-03
1.122027435898335923e-02 1.109437980229249950e-02
2.264842556046342634e-03 2.259713044242664219e-03
2.167664783418139784e-02 2.120677077285427689e-02
2.642699468524609130e-02 2.572860863715206725e-02
1.332283479870972898e-01 1.154785552797261972e-01
1.726604994096410384e-01 1.428488513532543969e-01
1.744439131186006631e-01 1.440132342944707711e-01
1.791083282392389731e-01 1.470285349945840148e-01
1.203154045732094390e-01 1.058396079955943730e-01
4.915591225723778615e-03 4.891428188625365943e-03
1.186218955515132680e-03 1.184811840104709347e-03
4.059233101125641480e-03 4.042755727756367629e-03
1.756738343626119414e-01 1.448125382829495156e-01
1.747957901056876040e-01 1.442422218670160183e-01
1.844380145453594078e-01 1.504206333359252024e-01
7.613919913585924515e-02 7.034202149080921729e-02
7.561716193393111518e-02 6.989920675498875746e-02
3.743378694870153067e-03 3.729365810816945379e-03
3.241084886524835725e-03 3.230580255283175932e-03
1.675572677286305554e-03 1.672765133489437055e-03
1.838032109986035114e-03 1.834653747948695492e-03
1.815481650293121734e-03 1.812185676670570716e-03
2.661524362299951072e-03 2.654440650368834840e-03
3.287278045599075112e-03 3.276471848649997482e-03
8.968014460038770813e-04 8.959971931703224505e-04
1.273222388369504865e-04 1.273060278844480233e-04
4.197162861935590497e-05 4.196986700174694363e-05
2.729993117762389508e-07 2.729992372476147373e-07
1.028087680047587224e-05 1.028077110404808616e-05
2.058159585042524840e-04 2.057735982954774477e-04
3.508206860788297602e-06 3.508194553272919702e-06
5.116915714053855632e-03 5.090732887629124438e-03
6.809195836209620952e-04 6.804559321416035452e-04
9.305448194344200039e-04 9.296789057734437421e-04
8.834158332719575790e-02 8.053734798243988857e-02
1.608439080705971816e-02 1.582568317942549194e-02
1.239945632501448407e-04 1.239791885984292458e-04
8.107206330553933882e-04 8.100633651105316243e-04
7.639507579707692411e-05 7.638923958947087907e-05
7.058452493286615059e-05 7.057954275770614587e-05
5.773259235221101914e-05 5.772925929999131185e-05
2.389258191401973162e-05 2.389201105854921214e-05
9.206433047596448895e-04 9.197957206650461378e-04
1.515065112947512572e-04 1.514835570717865403e-04
3.374905058648669997e-04 3.373766060233180796e-04
3.399441533587666247e-03 3.387885330847385280e-03
3.832208379622235872e-02 3.685350168973767354e-02
8.115131214536117077e-02 7.456577668244732116e-02
5.104544488255746693e-02 4.843980743929925115e-02
1.792250791496720064e-01 1.471034501534658201e-01
4.329298633210439118e-02 4.141870366655261287e-02
1.018152028179259566e-01 9.144886729307055706e-02
4.625708585292991233e-03 4.604311405376937567e-03
1.545841209337483202e-01 1.306878704888885800e-01
1.938440851675382048e-01 1.562685558130983976e-01
1.811860833604925503e-01 1.483576865569772030e-01
1.638049573467566522e-01 1.369728932953838962e-01
1.005550837071597821e-03 1.004539704585662423e-03
1.902362401791536780e-05 1.902326211964459372e-05
4.615030932247512043e-04 4.612901081196952137e-04
1.753677736732532763e-03 1.750602351128221525e-03
9.372439427776034200e-04 9.363655165693301552e-04
9.275163457587692461e-04 9.266560591871194925e-04
8.267789661519684514e-04 8.260954026930971816e-04
2.044749453781658736e-03 2.040568453452918426e-03
1.549174105135917067e-03 1.546774164727893327e-03
7.479533612556178539e-04 7.473939270250042370e-04
2.622399764836183512e-04 2.621712066783522289e-04
1.572738894051272426e-03 1.570265386422410722e-03
1.440371812779855053e-04 1.440164345683950069e-04
3.348246048151343407e-04 3.347124972991447111e-04
1.420525836820050710e-03 1.418507943166977302e-03
9.186661338761060590e-06 9.186576944014506778e-06
1.265281418597815344e-01 1.105187711772925296e-01
2.606162391692006387e-04 2.605483183450819440e-04
6.338971014929861269e-04 6.334952759577049076e-04
8.244803791539209378e-03 8.176827001978229439e-03
1.132290310718886157e-03 1.131008229371138372e-03
5.839658712540776557e-04 5.836248551152880756e-04
9.973374988941957804e-05 9.972380306855256897e-05
2.664398052204920622e-03 2.657299035224327047e-03
5.243976333993640708e-07 5.243973584064861968e-07
5.298001003080182693e-04 5.295194121617319326e-04
1.351717891135296307e-04 1.351535177009574866e-04
4.098172666929626728e-04 4.096493165008830047e-04
2.853452751925969068e-05 2.853371329999894422e-05
8.580974236441599754e-05 8.580237905253134984e-05
5.647586738625338639e-04 5.644397215028309177e-04
9.057395019037983849e-04 9.049191378584893952e-04
2.578554065715399747e-04 2.577889171608417998e-04
8.483946503413794527e-02 7.764173020685923021e-02
1.769801892894614370e-01 1.456582018885278496e-01
1.751715548464492789e-01 1.444864812191266890e-01
1.793641123609903965e-01 1.471926275579444054e-01
3.107017531682762512e-01 2.141661737464357895e-01
2.013168850307248403e-01 1.607883968322507684e-01
1.942886522659069970e-01 1.565405718666044721e-01
1.936201089542575748e-01 1.561313623627990088e-01
1.559270088380619035e-01 1.316137767528768598e-01
7.736056790319707516e-04 7.730072132853402700e-04
1.213110952913895298e-04 1.212963789095487284e-04
4.162317250392862794e-02 3.989068401463682911e-02
1.672051680689240786e-03 1.669255923866345102e-03
1.756985967131311855e-03 1.753898967442615430e-03
2.059932428587805432e-03 2.055689106977457575e-03
1.959710930881656838e-03 1.955870463949039954e-03
4.711235728884172885e-03 4.689039986791058469e-03
6.896378448460442276e-03 6.848818412756052867e-03
6.308068883008043429e-03 6.268277149975269233e-03
5.118932124194158946e-03 5.092728658102052379e-03
4.668230105873386222e-03 4.646437733552003652e-03
5.891838952224384566e-04 5.888367575600490051e-04
4.326182773120287178e-02 4.139024199255859904e-02
9.264129177884782048e-06 9.264043353795357774e-06
7.468161352438279053e-08 7.468160794703939807e-08
7.356731279383837930e-06 7.356677157888720785e-06
3.913914543247695987e-06 3.913899224520644536e-06
1.110251119565174895e-02 1.097924544080217633e-02
2.882177173282262327e-03 2.873870228024072871e-03
4.013541753152648911e-02 3.852456579109652529e-02
1.859495670656763485e-04 1.859149898241844448e-04
8.445864770780056596e-02 7.732538453517019683e-02
3.719750145963670485e-06 3.719736309422522096e-06
2.840541724884833639e-05 2.840461038111925565e-05
5.041249838485591980e-06 5.041224424285658249e-06
1.443788300062569946e-05 1.443767454816015981e-05
2.297501371647409242e-05 2.297448586521881982e-05
1.145665218417523112e-07 1.145665087162643859e-07
1.292838208570779332e-06 1.292836537140145849e-06
8.014782371900395610e-06 8.014718135163926215e-06
3.853059427236003127e-04 3.851574820541022143e-04
4.125534749122247487e-06 4.125517729085280945e-06
6.441357059186730155e-06 6.441315568105966568e-06
1.092814307144054919e-01 9.733899961541808699e-02
9.347244766108893377e-02 8.473534918933392501e-02
3.052072429497291739e-01 2.120557818007541839e-01
2.725612559155641268e-01 1.982716176892944659e-01
3.181165842330488935e-01 2.169184230689464032e-01
2.000992483978577818e-01 1.600595391884701846e-01
3.958556570029088612e-05 3.958399868327907656e-05
5.467666050676418127e-06 5.467636155304376139e-06
8.201363365873102519e-05 8.200690742262511880e-05
3.971800438039845439e-04 3.970222918167884201e-04
9.447954912636741254e-02 8.555316392324574526e-02
7.442231790325113186e-03 7.386844976304187717e-03
4.012623547019416627e-03 3.996522399289321840e-03
8.525653795942988175e-04 8.518385118678160894e-04
7.839593574866591781e-04 7.833447652124683139e-04
2.507408550838022797e-03 2.501121453197207006e-03
1.826773893366380724e-03 1.823436790508895866e-03
8.409367413604705230e-03 8.338649953307708876e-03
5.509441563860845506e-03 5.479087617515247810e-03
5.685097129362122644e-03 5.652776799991840982e-03
3.026976513569823186e-03 3.017813926756120028e-03
1.106402070524290099e-01 9.839895163582465520e-02
9.907086341575989125e-04 9.897271305598044286e-04
9.793305106521877073e-05 9.792346018272782488e-05
2.166746071249194341e-02 2.119798185876456062e-02
3.941299937600077109e-03 3.925766092401950479e-03
8.082789584344794720e-02 7.429474709696867740e-02
2.538256282314180624e-04 2.537612007818709726e-04
7.694836135456811711e-05 7.694244030425296057e-05
3.647608904803096045e-04 3.646278399730856247e-04
5.103422136184912125e-03 5.077377218684809949e-03
2.688602142042434786e-04 2.687879283894615396e-04
2.240171874107644490e-07 2.240171372270641825e-07
7.280314279093809122e-05 7.279784249333785795e-05
1.004334082489967172e-05 1.004323995620474600e-05
2.721841433302418909e-06 2.721834024881630961e-06
2.752870322144663655e-07 2.752869564315162709e-07
9.412345300824368963e-06 9.412256708580307089e-06
3.983681239728539873e-05 3.983522542566342035e-05
1.840366697565998079e-05 1.840332828070183005e-05
5.848988651476939526e-06 5.848954440808694687e-06
5.770469117262897927e-05 5.770136134124565034e-05
7.628001441141356656e-04 7.622182800542750712e-04
3.057683619065043601e-01 2.122740707635173418e-01
3.713838518530424015e-01 2.334578864358398675e-01
3.687632092322172261e-01 2.327769047489731957e-01
3.735934875276218925e-01 2.340213936045705267e-01
3.492776157849049601e-01 2.272827628965172764e-01
6.630195651680669683e-03 6.586236157301104087e-03
1.826131547436804766e-05 1.826098199872519263e-05
8.638618109745400953e-02 7.892360881285188923e-02
1.051375092121452836e-03 1.050269702537119350e-03
1.681288797570216764e-01 1.398615595486706331e-01
1.106359509302542099e-03 1.105135477938718044e-03
3.109778382092363500e-03 3.100107660506634579e-03
3.950550218747102618e-03 3.934943371716259977e-03
5.185782600007172310e-03 5.158890258832635189e-03
5.787183525577797860e-03 5.753692032419079061e-03
1.050939490146496000e-02 1.039894752027002191e-02
1.433485630194958164e-02 1.412936819675203806e-02
9.643436070337726984e-03 9.550440211095035867e-03
9.001947182923242252e-03 8.920912129839102603e-03
1.573913953989899148e-03 1.571436748855335004e-03
8.644954725890051372e-02 7.897602303763164022e-02
2.470526171744200149e-04 2.469915821787672786e-04
2.668036028558102331e-06 2.668028910141852779e-06
8.684320249327774285e-03 8.608902831134889952e-03
3.430499717709590592e-04 3.429322884878269998e-04
2.473267518796265843e-03 2.467150466576733397e-03
7.717694265458581264e-05 7.717098637410830858e-05
1.185147010074053464e-03 1.183742436638566013e-03
3.015073670342964630e-06 3.015064579673727135e-06
2.268012040519569103e-02 2.216573254360151846e-02
1.338240913588129011e-05 1.338223004700701069e-05
2.644365018132423598e-03 2.637372351783301080e-03
4.458316633473171064e-05 4.458117867601128195e-05
4.127197699722181222e-04 4.125494323636922224e-04
1.050237556739217750e-03 1.049134557813632268e-03
2.574572982626540480e-04 2.573910140022253666e-04
2.612793971290066036e-04 2.612111302056425088e-04
4.496699127401628904e-04 4.494677097097391633e-04
3.049795068122255343e-03 3.040493818164712644e-03
2.135082253702732074e-05 2.135036667940431223e-05
2.701080905575296517e-04 2.700351321769450200e-04
1.566797541371704461e-01 1.321312087806862656e-01
1.950352572598959833e-01 1.569965056854621677e-01
3.317133407700659231e-01 2.216796003252280434e-01
2.252020954614486203e-01 1.744861116612211882e-01
1.814676638149001209e-01 1.485371508044625033e-01
2.715197766466743295e-02 2.641474777356483256e-02
6.599917051867672246e-02 6.164328000952335601e-02
4.769565259166531034e-03 4.746816506405082854e-03
2.907698976102736734e-04 2.906853504769173983e-04
3.900661889611742924e-04 3.899140373294036140e-04
3.596369550692556788e-02 3.467030811241070959e-02
1.314319680256180369e-03 1.312592244034271752e-03
4.010414266619803832e-03 3.994330844029896251e-03
3.068657827775644713e-03 3.059241166911676191e-03
4.684270348494772897e-03 4.662327959796985777e-03
1.029745976518915175e-02 1.019142208757346270e-02
8.211089286245032426e-03 8.143667298978344085e-03
2.076403314627694313e-02 2.033288807377725549e-02
1.391589964265104069e-02 1.372224737978670547e-02
1.045531304087897462e-02 1.034599947009620137e-02
4.675031164354100273e-03 4.653175247966418078e-03
1.477742626170782392e-01 1.259370299250570369e-01
2.367999584390171643e-03 2.362392162358499526e-03
3.333453786785813694e-03 3.322341872637176851e-03
1.026025381664404448e-02 1.015498100826208588e-02
2.125841480730802230e-03 2.121322278729606374e-03
1.304737893413222306e-02 1.287714483708138520e-02
1.011575874026447372e-03 1.010552588277535040e-03
1.284833980989758193e-06 1.284832330191399515e-06
3.777329112515713603e-04 3.775902290993287769e-04
5.176428300504839960e-05 5.176160346405337401e-05
5.765433047654271815e-05 5.765100645472001937e-05
2.707457017984161815e-06 2.707449687660657790e-06
8.638476436435658090e-07 8.638468974108143308e-07
2.697777742560033548e-05 2.697704962512551094e-05
7.014440944010702007e-05 7.013948920193132459e-05
1.558524150018929287e-04 1.558281250266310019e-04
7.022278821394232866e-04 7.017347581409692477e-04
4.051005191524602051e-04 4.049364127218425965e-04
2.093110801382763611e-04 2.092672690100076975e-04
3.173972901430180881e-05 3.173872160390390910e-05
1.948992629481525185e-01 1.569135402504194254e-01
1.949102760208842600e-01 1.569202603223469605e-01
1.950717546107867684e-01 1.570187651638557669e-01
1.958239727618426573e-01 1.574769444536117668e-01
2.783766290839337909e-01 2.008830814637997397e-01
1.765559477404137212e-01 1.453839450578980341e-01
1.748368709462886084e-01 1.442689395039994382e-01
1.792895824123449111e-01 1.471448280507519080e-01
1.108084931481542329e-01 9.852997099438969009e-02
2.836485947363054719e-02 2.756029422067173690e-02
4.803255133463743944e-04 4.800948007476029105e-04
2.989365674888772723e-02 2.900002603506740551e-02
8.786751606334798105e-04 8.779030905955655280e-04
3.233061168208430764e-04 3.232015899756692954e-04
3.153589651577880129e-04 3.152595138808826419e-04
3.768671478287008002e-03 3.754468593575754042e-03
6.262190676213631908e-03 6.222975644148374778e-03
6.408360131579934546e-03 6.367293052003911158e-03
9.898596798151462414e-03 9.800614579579088742e-03
1.295329833198609294e-03 1.293651953821834929e-03
5.834406296246837272e-03 5.800365999417152370e-03
7.911320429070928641e-04 7.905061529977784650e-04
1.371010457865321219e-01 1.183043490307713469e-01
2.187207118764382396e-02 2.139368368960646583e-02
3.705520315173355117e-02 3.568211507111730685e-02
7.273652805962163570e-02 6.744592554545350560e-02
2.269174459340988961e-03 2.264025306614063371e-03
8.782255244016362117e-04 8.774542443299257087e-04
6.647841721704412874e-07 6.647837302324456721e-07
1.664520810300005099e-06 1.664518039670477200e-06
1.241363435504326500e-06 1.241361894521147537e-06
3.576114143191344007e-06 3.576101354598978914e-06
2.067170562312930421e-06 2.067166289118796674e-06
7.002544492184684005e-06 7.002495456555318940e-06
3.165964332361622389e-05 3.165864099060084223e-05
1.237905928753608303e-02 1.222581817869175004e-02
5.164346249469595196e-02 4.897641527625488239e-02
7.459241674271888892e-04 7.453677645636369370e-04
3.403447065273388240e-03 3.391863613347270278e-03
8.491885541320831274e-03 8.419773421273937797e-03
3.357642875081272987e-02 3.244905218315432410e-02
5.980611605502978573e-02 5.622934453744209138e-02
1.949198004459477551e-01 1.569260718400596610e-01
1.949607836991802401e-01 1.569510765185817003e-01
1.951115691211701975e-01 1.570430447162450283e-01
1.845030261815938178e-04 1.844689848149236441e-04
1.448204520402913335e-04 1.447994790769621903e-04
1.395906001043754896e-01 1.201050644668758133e-01
8.311446751316084458e-02 7.620645280316457049e-02
1.823465329079885511e-01 1.490962748444243924e-01
8.476411335588404650e-02 7.757915844287488483e-02
3.026648585692847671e-01 2.110588419565196105e-01
6.373763022947215480e-03 6.333138167874526221e-03
4.575617560223305819e-02 4.366254799649067070e-02
1.353233953589072795e-04 1.353050829375758131e-04
1.051493747950106280e-03 1.050388108848128183e-03
6.161312505985100559e-03 6.123350734188692107e-03
7.359388171725791267e-03 7.305227577463653359e-03
3.175786802790628999e-02 3.074930584622837665e-02
1.236279737613201792e-02 1.220995861716872057e-02
7.148099477444908034e-02 6.637146216050426872e-02
9.218658645629599496e-03 9.133674978404957359e-03
1.913569642986492209e-02 1.876952155200897754e-02
3.114752582524409064e-03 3.105050898874066583e-03
1.439316360123786553e-01 1.232153201671788018e-01
5.522089899641123741e-03 5.491596422781405001e-03
1.336716937011081519e-01 1.158035720041852706e-01
3.197098465820565928e-03 3.186877027220413709e-03
3.214043273411704149e-02 3.110742531778074027e-02
1.585832903240070389e-05 1.585807754580100435e-05
2.309925629623357858e-05 2.309872272059214110e-05
1.193233495228206899e-06 1.193232071422032730e-06
8.085299238510698928e-07 8.085292701304321154e-07
1.565591924644066088e-06 1.565589473565991571e-06
1.095787670710549576e-02 1.083780164517737093e-02
1.483357918577805645e-05 1.483335915070659614e-05
3.232530355483527441e-04 3.231485430233615097e-04
5.396838302857183281e-04 5.393925716490464333e-04
3.950742385903829867e-02 3.794658731906058735e-02
3.906097521042780946e-04 3.904571761258391520e-04
1.608735857521655490e-03 1.606147826462379479e-03
2.366419986309206691e-02 2.310420550793169936e-02
1.483489197610848298e-01 1.263415177668040512e-01
1.946636430013646835e-01 1.567697090948019234e-01
1.949113785351051231e-01 1.569209330526500912e-01
1.949669988667132314e-01 1.569548682196202638e-01
1.949134860815779080e-01 1.569222190251044480e-01
1.168038640239609796e-04 1.167902208813100532e-04
1.140560890711556774e-04 1.140430802797014713e-04
7.339029334180251999e-04 7.333643199023456285e-04
1.155235496708976184e-01 1.021778591423332661e-01
1.853568831085564139e-01 1.509997089928373781e-01
1.788549711987292568e-01 1.468658704762309808e-01
2.868290412955562529e-01 2.045581423650283392e-01
9.879881338597321094e-02 8.903760785949685341e-02
2.061098491407790251e-02 2.018617221494955691e-02
1.951526571292238157e-04 1.951145725696392188e-04
2.451104727398489488e-03 2.445096813013814159e-03
6.812738791535348157e-03 6.766325381693657701e-03
8.427762953487447084e-03 8.356735765087271867e-03
4.049418387625586258e-02 3.885440494845184001e-02
1.004850398561002098e-02 9.947531553261199783e-03
5.101959605438783490e-02 4.841659687283492858e-02
6.827794372876118748e-03 6.781175596877840085e-03
2.433269740961705938e-02 2.374061724638907439e-02
6.408623760042570991e-03 6.367553301544788893e-03
7.783135668496991844e-02 7.177363660154691127e-02
1.625500101188730520e-02 1.599077595399084686e-02
1.365489683512854102e-01 1.179033475934850583e-01
4.538743634830013501e-02 4.332741697002914089e-02
1.075172554436350097e-01 9.595729522550314194e-02
4.940728152248174271e-03 4.916317357573756971e-03
6.550211443394202875e-05 6.549782390694670929e-05
2.943685148386262475e-06 2.943676483104009511e-06
1.215540208458544255e-06 1.215538730920545815e-06
5.888839200927342677e-05 5.888492416655999117e-05
1.580645701769326558e-05 1.580620717360981464e-05
9.891853666023783201e-05 9.890875178334283574e-05
5.075342571161354805e-04 5.072766660939890745e-04
1.743487449663545449e-02 1.713089964792202657e-02
5.959166092535285453e-02 5.604049487351062814e-02
1.454711590981256665e-02 1.433549732851904443e-02
1.977710144533268224e-02 1.938596770375370162e-02
1.566006657803536983e-01 1.320768972575036559e-01
1.836671649774080650e-01 1.499335374865696235e-01
1.919599969433469222e-01 1.551113565168571462e-01
1.941577376414830580e-01 1.564605105554240927e-01
1.581813092271530663e-02 1.556791765682714532e-02
1.478549048167735597e-04 1.478330437438951899e-04
1.082962350125699053e-04 1.082845069380520105e-04
1.006881707007804106e-04 1.006780325930613478e-04
2.627655537854461584e-02 2.558609801598289366e-02
3.244409632100928725e-02 3.139147693492235630e-02
2.237387187367340380e-01 1.736797044747786511e-01
1.041759829225771816e-01 9.332334750469209461e-02
2.747013056793348174e-01 1.992404983374034821e-01
3.593024028432082601e-02 3.463925811743179262e-02
1.241812900636658917e-01 1.087602972617895680e-01
4.608127256367654592e-03 4.586892419556776006e-03
1.874101745327767105e-02 1.838979171809361143e-02
1.760176336998346691e-02 1.729194129625057433e-02
1.896801005581244190e-02 1.860822465033503889e-02
9.320964524790280314e-02 8.452160728066290818e-02
2.142869037569096816e-02 2.096950160447373646e-02
7.598015446264176631e-02 7.020717059047486275e-02
1.044274799613618618e-02 1.033369701042538037e-02
1.642822083965002691e-02 1.615833439969371552e-02
2.720554643311875586e-03 2.713153225744629853e-03
3.834733646124766776e-02 3.687681824757553517e-02
7.058327994068381954e-03 7.008507999996532387e-03
1.164197869143666214e-01 1.028662201291800915e-01
9.937877001017166728e-03 9.839115601729821192e-03
1.261724236612903338e-01 1.102529431687261918e-01
4.416577944955648108e-03 4.397071784211779508e-03
2.714545387484498112e-03 2.707176630823784642e-03
1.091722449723135082e-03 1.090530591815905672e-03
1.422056001014545371e-07 1.422055798790218391e-07
5.183478766972078339e-04 5.180791921759313754e-04
1.236395435485308607e-02 1.221108698756419482e-02
2.688490808963828953e-04 2.687768010680840754e-04
6.792788053957492245e-03 6.746646084411504936e-03
5.117229825739260003e-03 5.091043784649824239e-03
3.632093107873095306e-02 3.500172104430503139e-02
2.046098852405026439e-02 2.004233647266894652e-02
3.801398501701925420e-02 3.656892196014509266e-02
1.127109421046903620e-01 1.000071856345634974e-01
1.880770471924676224e-01 1.527040715118299363e-01
1.922378754870939510e-01 1.552824747153025153e-01
1.919582622045392650e-01 1.551102877759526211e-01
5.057016230271221911e-04 5.054458888955899298e-04
3.677542907568846688e-03 3.664018585731836954e-03
7.179973232248984831e-05 7.179457712092826040e-05
2.678161696113797222e-04 2.677444441106743866e-04
3.113635050140534447e-02 3.016687817885898085e-02
1.454058272204869495e-02 1.432915417615195433e-02
4.117121952133617063e-02 3.947615020446211542e-02
9.996952897190970744e-02 8.997562224904420702e-02
1.882497209009004191e-01 1.528117634816335002e-01
1.730155205933719964e-01 1.430811502271764624e-01
1.756272402892792017e-01 1.447823127576509938e-01
6.791288461119811271e-02 6.330072471498419950e-02
4.715101752380244232e-03 4.692869567844945231e-03
5.847151597742752949e-03 5.812962415935767242e-03
2.047629424094420635e-03 2.043436637836003236e-03
2.391443287933895170e-02 2.334253277939854487e-02
3.069360742370517633e-03 3.059939767003712514e-03
1.687910172714055315e-02 1.659419765202539351e-02
6.704885716070262602e-04 6.700390166823706403e-04
4.063040166967522675e-03 4.046531871569131016e-03
4.820126539158529227e-04 4.817803177173179074e-04
2.824535076385472146e-03 2.816557077987740312e-03
1.314383048940318671e-04 1.314210288660384396e-04
1.690342395044538287e-02 1.661769820919689264e-02
3.763286112344648902e-04 3.761869880108312226e-04
6.656680805455301997e-02 6.213566811998131462e-02
2.438081193267323081e-03 2.432136953362359216e-03
1.381734367940184961e-03 1.379825178076637959e-03
2.654839791899654775e-03 2.647791617579000993e-03
6.532969643052384391e-07 6.532965375083148392e-07
1.255067956137178231e-03 1.253492760562655971e-03
1.308921195711575302e-05 1.308904062964609413e-05
2.355094378059050387e-04 2.354539731106093962e-04
2.747654830661010118e-04 2.746899869954164391e-04
1.490344207792229604e-03 1.488123081934529740e-03
2.077324549400009004e-02 2.034171776564609388e-02
1.906663524475651905e-02 1.870309866519992772e-02
6.537494774931519592e-02 6.110106395608950330e-02
1.540089240987091990e-01 1.302901753966672349e-01
1.545566336480188874e-01 1.306688806434109784e-01
9.428756180191044667e-02 8.539741749136137150e-02
1.743623877373908296e-02 1.713221635116424224e-02
6.038521153600615553e-04 6.034874779828367864e-04
4.028614949080446309e-04 4.026991975239650810e-04
3.759331315974241136e-05 3.759189990254808186e-05
1.448270444701007121e-04 1.448060695972907760e-04
3.115443374478983618e-02 3.018383500283133500e-02
2.839536763308166383e-04 2.838730466405148256e-04
1.391603174626713743e-04 1.391409518687150603e-04
1.496958519246645303e-03 1.494717634438300297e-03
1.342271790826557731e-01 1.162102434781684263e-01
8.761651016072354026e-02 7.993985730797936728e-02
1.735417928285215572e-01 1.434250389703840556e-01
6.709068625958052035e-02 6.258952607679905966e-02
6.580028715912163671e-03 6.536731938009934968e-03
5.194310009246058506e-03 5.167329152773904657e-03
1.657100110755277888e-03 1.654354129978212679e-03
1.393817697220762000e-02 1.374390419489904085e-02
5.585641841307459159e-03 5.554442446528094594e-03
9.107890656126060164e-03 9.024936983922111217e-03
1.256865847984971109e-03 1.255286136225140098e-03
3.414233033143306700e-03 3.402576045938699931e-03
1.029802895894955462e-03 1.028742401890561870e-03
5.472484634497848041e-03 5.442536546423033111e-03
8.359193431838358589e-05 8.358494670690049997e-05
1.597988923941891801e-03 1.595435355340850793e-03
5.486526269023305619e-04 5.483516071973237611e-04
2.783399676692100908e-02 2.705926539090004052e-02
3.826613228509784855e-03 3.811970259709178670e-03
1.313401050848403764e-02 1.296150827644706842e-02
4.825254378198965376e-03 4.801971298384636808e-03
7.698110269327850962e-05 7.697517660310663752e-05
4.454804730921611139e-03 4.434959445730969965e-03
3.063782874207511260e-05 3.063689006552508374e-05
5.389775481441949102e-04 5.386870513467913353e-04
6.589098875590651463e-04 6.584757253191420414e-04
6.709795789489831968e-04 6.705293653536166130e-04
1.614475141729383723e-02 1.588409841896762723e-02
1.404901865771361787e-02 1.385164373246883240e-02
6.836821537999809850e-02 6.369400250575228684e-02
1.362371716205675043e-01 1.176766046893955447e-01
1.118707166277942144e-01 9.935565938897797378e-02
3.233569523452416768e-03 3.223113551589416610e-03
1.479053946341186542e-03 1.476866345764999170e-03
3.306787907478809813e-03 3.295853061213761554e-03
1.813163622755374627e-03 1.809876060432491236e-03
1.524597674345725242e-03 1.522273276277104912e-03
1.772617049671921944e-03 1.769474878467134369e-03
2.499367355577462174e-02 2.436898983796199555e-02
1.325893055766186887e-03 1.324135063370857979e-03
3.853999256064734942e-04 3.852513925038160447e-04
2.831690581723343529e-04 2.830888734568281573e-04
1.427274883808118608e-02 1.406903747868623773e-02
2.912536795446126273e-02 2.827708089597850277e-02
1.295887889645979951e-01 1.127955347392868846e-01
8.978718486152449663e-02 8.172544629616691758e-02
3.480307421757498909e-03 3.468194882007558533e-03
1.875324811365948431e-03 1.871807968217823696e-03
1.168425514251106171e-03 1.167060296068753210e-03
1.436015472148591959e-02 1.415394067786090483e-02
6.109663633024898545e-03 6.072335643316191869e-03
1.259243372606914067e-02 1.243386433892369747e-02
8.164404520796656774e-04 8.157738770678736205e-04
1.852399597463531573e-03 1.848968213194848590e-03
1.408003142975048044e-04 1.407804895689985310e-04
7.220365410045652670e-04 7.215152042380194473e-04
6.496480418970772057e-06 6.496438214712937563e-06
8.321095787847953033e-04 8.314171724336899246e-04
5.723520940966709370e-05 5.723193354047092759e-05
1.519352337948262632e-02 1.496268022679974122e-02
1.200169918955641245e-03 1.198729511121275236e-03
1.088952417961792062e-02 1.077094244275943712e-02
1.477852518167617306e-03 1.475668470102163001e-03
2.671961669164509110e-04 2.671247731248360549e-04
3.473652059479733455e-03 3.461585800849405550e-03
4.874796541814145233e-05 4.874558905400904287e-05
1.259617309930680063e-04 1.259458646353932320e-04
3.498263694983298495e-04 3.497039910095334778e-04
5.190980369022919413e-04 5.188285741303760943e-04
7.636033343365494427e-03 7.577724338144504676e-03
9.669717502920069721e-03 9.576214066333790451e-03
4.380313643739360691e-02 4.188442167564068730e-02
8.888791834598280817e-02 8.098685631810070840e-02
5.845232340705707602e-02 5.503564929537388406e-02
1.217380576113347894e-03 1.215898560646249890e-03
5.025967085858177447e-04 5.023441051343364040e-04
2.523804852341968424e-03 2.517435261409263752e-03
1.555546079367393615e-03 1.553126355762358317e-03
6.296272632731814752e-04 6.292308327825246262e-04
9.383639273692487770e-04 9.374834005090609433e-04
1.840981127157466368e-02 1.807089012051966634e-02
6.793122369529540610e-04 6.788507718376800802e-04
1.614970243176098584e-04 1.614709430287464113e-04
2.145777007059530340e-04 2.145316571163127892e-04
6.464162805058466582e-04 6.459984264981436094e-04
3.708059310553521361e-03 3.694309606702938543e-03
6.925542986412612512e-02 6.445911529846123922e-02
4.616711832003660143e-02 4.403571550606034252e-02
3.043293743640113763e-03 3.034032106830034711e-03
2.338680060664464003e-03 2.333210636238314262e-03
1.462840615661463841e-03 1.460700712994635010e-03
8.409764922884640365e-03 8.339040776826459750e-03
3.071031407834240445e-03 3.061600173926336266e-03
3.867404485438546632e-03 3.852447667984556286e-03
7.292289553202428937e-04 7.286971804509654151e-04
1.496505921134229193e-03 1.494266391162239489e-03
2.255069532771972435e-04 2.254560998912208826e-04
9.213583890528926007e-04 9.205094877718144946e-04
3.790794284411128491e-05 3.790650583198061006e-05
2.092040403132865069e-03 2.087663770084524813e-03
6.833183746256847818e-04 6.828514506245837072e-04
7.468781624680594436e-03 7.412998925723428105e-03
1.332716321596588184e-03 1.330940188802738275e-03
5.641228936152851287e-03 5.609405472242762723e-03
8.963246211296226409e-03 8.882906428651910283e-03
2.354958629782979550e-03 2.349412799634990109e-03
2.094648091392052602e-02 2.050772585124328862e-02
6.817068862356159484e-04 6.812421619568748664e-04
4.074380517329962564e-03 4.057779940729964487e-03
2.717376482635211390e-03 2.709992347686832493e-03
3.533773977599221662e-03 3.521286419074464141e-03
2.037761854963723862e-02 1.996237121188271929e-02
1.731914546527830306e-02 1.701919266563083413e-02
5.757716691781848695e-02 5.426203676753615229e-02
7.050878093508815281e-02 6.553729274613590006e-02
7.185090122291369619e-02 6.668834921636879187e-02
7.025309411290714574e-03 6.975954438966344533e-03
7.824190997669530287e-03 7.762973032901517717e-03
7.708022656119598894e-03 7.648609042852345594e-03
1.129071828839126566e-02 1.116323796892345309e-02
3.591065176375187080e-03 3.578169427274212507e-03
7.536632574124772603e-03 7.479831743567414391e-03
2.092234331507321701e-02 2.048459886527942767e-02
2.532726904964729790e-03 2.526312199389597456e-03
9.871143018768007739e-04 9.861399072318311355e-04
5.020869971729612861e-04 5.018349058202311534e-04
1.747500854717817060e-03 1.744447095480577536e-03
7.706701433259605973e-03 7.647308186278200560e-03
4.650000035108147606e-02 4.433775031843090186e-02
4.218608665751354125e-02 4.040642075003830075e-02
7.025171135136022140e-04 7.020235832188227070e-04
3.856375395165597179e-04 3.854888232046753448e-04
5.913869523950616384e-04 5.910372138675985300e-04
1.876430347675044248e-03 1.872909356825368373e-03
1.164048266651640864e-03 1.162693258284546111e-03
1.066216869895828369e-03 1.065080051482177829e-03
4.520778786034450997e-04 4.518735041951224898e-04
3.409576852334138155e-04 3.408414330902940809e-04
1.186924494444758122e-04 1.186783615469206888e-04
1.731128100017330915e-04 1.730828419567463953e-04
4.493918713720585547e-05 4.493716760666530228e-05
2.816532741738753164e-04 2.815739456070224492e-04
3.482291637339086498e-05 3.482170373788611860e-05
1.401143870758597481e-03 1.399180666612033020e-03
1.350773616973211227e-03 1.348949027608900304e-03
2.438170699212509861e-03 2.432226022854011224e-03
7.623768964590662070e-03 7.565647111365206116e-03
3.346919042579476794e-04 3.345798855871718420e-04
1.520931769579335693e-02 1.497799435102178424e-02
1.624743643911018634e-04 1.624479664720175675e-04
7.300644777100577043e-04 7.295314835684435940e-04
1.302876761390271481e-03 1.301179273534900640e-03
1.461182801069988227e-03 1.459047745891845459e-03
8.643312557502823637e-03 8.568605705536138165e-03
1.153492898769267229e-02 1.140187440094155881e-02
2.376417568758756177e-02 2.319943964147703347e-02
2.400977913837374147e-02 2.343330964410025516e-02
3.208040495536500225e-02 3.105125257326479468e-02
1.933393169168803796e-03 1.929655160022215269e-03
7.640210791948040710e-04 7.634373509853501069e-04
3.511764586379462032e-03 3.499432095869313159e-03
3.656985597941916650e-03 3.643612054278362253e-03
7.831235511259172994e-04 7.825102686295892090e-04
5.759569351734894656e-03 5.726396712617451076e-03
4.461155704054824492e-03 4.441253793839003254e-03
1.916654588276890366e-03 1.912981023466127492e-03
2.761965638189884417e-04 2.761202792771229992e-04
3.064856037336587732e-04 3.063916703083627855e-04
5.381838827717961128e-04 5.378942408801207784e-04
1.197719582929600941e-03 1.196285050730267916e-03
1.333620772100951521e-02 1.315835328463160064e-02
1.049900808805396060e-02 1.038877891722093764e-02
9.513297620904573619e-04 9.504247337742183135e-04
7.386230711112760396e-04 7.380775070700982187e-04
9.286443120702531648e-04 9.277819318119127044e-04
2.291396478764534325e-03 2.286145980941639826e-03
1.492242642217358247e-03 1.490015854114106397e-03
1.306186326713167567e-03 1.304480203993075042e-03
4.996882345026215080e-04 4.994385461709211502e-04
3.350403473627326981e-04 3.349280953283717316e-04
3.505725919798290385e-04 3.504496908375816038e-04
6.019976709120942755e-04 6.016352697163106960e-04
3.447339056467193011e-04 3.446150641810168851e-04
3.435716541090848026e-04 3.434536126275775396e-04
2.432659571759165397e-04 2.432067788499958248e-04
1.309338158984458145e-03 1.307623792569885318e-03
3.057190846574685348e-03 3.047844430702305492e-03
2.031639866364449813e-03 2.027512305817848453e-03
1.034769272579008290e-02 1.024061798104271455e-02
6.662449359323556778e-04 6.658010536177001682e-04
1.374366909833070124e-02 1.355478065804629172e-02
3.319811431224200756e-04 3.318709316430312273e-04
1.287906080513224029e-03 1.286247378441001104e-03
3.150047798076228804e-03 3.140124996946064111e-03
2.590643546082456276e-03 2.583932112099597556e-03
1.020077779660120108e-02 1.009672192894556925e-02
1.160741200121365516e-02 1.147267998784773715e-02
1.815012123912243536e-02 1.782069433812759340e-02
1.658071218692909812e-02 1.630579217030331957e-02
3.213456980567105242e-02 3.110193922907550715e-02
2.568640972584958822e-03 2.562043056138916825e-03
1.658891771624326729e-03 1.656139849714363807e-03
4.290716600279714799e-03 4.272306351335799016e-03
2.263293359315742947e-03 2.258170862485420205e-03
1.136872481283027246e-03 1.135580002244328604e-03
4.475173644977983173e-03 4.455146465825277763e-03
2.572130435334017261e-03 2.565514580357645697e-03
2.824004792456899331e-03 2.816029789389079985e-03
6.570905864041872921e-04 6.566588183654463321e-04
5.181515048987525877e-04 5.178830239167237599e-04
6.754226593269915075e-04 6.749664635582592036e-04
1.046618419792370381e-03 1.045523009675721621e-03
6.742484978565645160e-03 6.697023874879462144e-03
6.324616018366792380e-03 6.284615250587010683e-03
1.701868778172492417e-03 1.698972420834374058e-03
1.283375839870566117e-03 1.281728786324202573e-03
1.489528578244587141e-03 1.487309882859179887e-03
2.536114528272925307e-03 2.529682651372408379e-03
1.985513869994721611e-03 1.981571604666780301e-03
9.981653690381562301e-04 9.971690349342091780e-04
2.140583438004117940e-04 2.140125228258612144e-04
1.785383945974505847e-04 1.785065186391051478e-04
1.516016700739676538e-04 1.515786870075984383e-04
6.821695889207173621e-04 6.817042335726691176e-04
8.022702632771379393e-04 8.016266257017991281e-04
8.902044323689662763e-04 8.894119684375569263e-04
9.048432922777753431e-04 9.040245508941952956e-04
2.197267523379198631e-03 2.192439538809901663e-03
5.531988455278752902e-03 5.501385559009415276e-03
2.092869559125120141e-03 2.088489456133607678e-03
8.443458831770098150e-03 8.372166834726302298e-03
6.593064597504369592e-04 6.588717747425682772e-04
8.271267058034459732e-03 8.202853199289133340e-03
3.973681750628745100e-04 3.972102735963217051e-04
1.148247195610085447e-03 1.146928723987858997e-03
5.131792372167692101e-03 5.105457079216653947e-03
4.784518227081271079e-03 4.761626612415997828e-03
1.523930076334121392e-02 1.500706447558564256e-02
1.620214740294929207e-02 1.593963782248239425e-02
1.743577314869601547e-02 1.713176696340322491e-02
1.616214572599504115e-02 1.590093077152674242e-02
2.906885334822045114e-02 2.822385511324010388e-02
2.371640411727558243e-03 2.366015733485018775e-03
8.888493654084460554e-04 8.880593122140590387e-04
3.616489441626665000e-03 3.603410445745267986e-03
9.313466199442135829e-04 9.304792134177320611e-04
1.008524412047012405e-03 1.007507290557317723e-03
3.107723559897623659e-03 3.098065614172881062e-03
3.281366575996296636e-03 3.270599209390231184e-03
3.992307293157736428e-03 3.976368775634736216e-03
1.348932998867323225e-03 1.347113378631889990e-03
9.265750864834160347e-04 9.257165450925243250e-04
8.967377476815640040e-04 8.959336090934470276e-04
2.090406793208113290e-03 2.086036992647022619e-03
8.174287940061020913e-03 8.107468956733993731e-03
8.282847269062506082e-03 8.214241710179889452e-03
3.518916081753764753e-03 3.506533311363339671e-03
1.486081085938805542e-03 1.483872648944820419e-03
2.064411835123931317e-03 2.060150038898931561e-03
2.812178541653314028e-03 2.804270193503178524e-03
1.770308383399191035e-03 1.767174391626857508e-03
1.175596328384367764e-03 1.174214301657057003e-03
7.475296811343347305e-04 7.469708805101579622e-04
3.628020715593447266e-04 3.626704462162169663e-04
1.883578838917276043e-04 1.883224051993034355e-04
7.671911633919780826e-04 7.666025811107913396e-04
1.122172954766303835e-03 1.120913682625894903e-03
1.017839488774328286e-03 1.016803491549419809e-03
1.017804303146457347e-03 1.016768377546953912e-03
2.001962774945346968e-03 1.997954919993080117e-03
4.695050344916317821e-03 4.673006847175018887e-03
2.581850034852373708e-03 2.575184085249906420e-03
5.866800313807142737e-03 5.832380967885054945e-03
3.257492806169784427e-03 3.246881546787536328e-03
4.738346251130124559e-03 4.715894325934525885e-03
2.055179694341251022e-03 2.050955930765218510e-03
1.912345911153307942e-03 1.908688844269403268e-03
8.509359368461012763e-03 8.436950171599398238e-03
5.014590977298986722e-03 4.989444854629378548e-03
1.052884556259861028e-02 1.041798897371755753e-02
7.853414154156961036e-03 7.791738040280248197e-03
9.129154361036723522e-03 9.045812901689088276e-03
1.340304612567313515e-02 1.322340448022621406e-02
2.845603194874916225e-02 2.764628619448093044e-02
6.799280652921974727e-03 6.753050435524775991e-03
4.104610124300573162e-03 4.087762300028062283e-03
1.121308691328930934e-02 1.108735359516432872e-02
1.434375273714186402e-03 1.432317841288343685e-03
2.658761918431843101e-03 2.651692903492939516e-03
1.018973121494184779e-03 1.017934815271857255e-03
2.694290798600453788e-03 2.687031595693030808e-03
1.281597621597868868e-03 1.279955129134183536e-03
4.761124145243353194e-04 4.758857314930711410e-04
3.868984252499610530e-04 3.867487348585001324e-04
5.604158907859598405e-04 5.601018248153143793e-04
8.132641523550774047e-04 8.126027537735716058e-04
3.925409821798092613e-03 3.910000979529023278e-03
4.968162445127538920e-03 4.943479807046363521e-03
5.786292091224539379e-04 5.782943973608042302e-04
3.880600311163681301e-04 3.879094405286181166e-04
4.478157126259833505e-04 4.476151737135086414e-04
6.602455708586767950e-04 6.598096466448382866e-04
3.890748533809735752e-04 3.889234741394401694e-04
1.685261953892726924e-04 1.684977943107403200e-04
4.740451997576130647e-06 4.740429525690988960e-06
4.095367251963100705e-05 4.095199531633815905e-05
3.802552103626326383e-05 3.802407509601318255e-05
4.010029467746640056e-04 4.008421434113420417e-04
3.345389390477268945e-04 3.344270227459876987e-04
5.038087778838175931e-04 5.035549545991447641e-04
3.236245875093151270e-04 3.235198546356745438e-04
1.391838248071974480e-03 1.389901034363178346e-03
4.027002596865625512e-03 4.010785846950463106e-03
2.883051680362832235e-04 2.882220481663668159e-04
6.405639215674969501e-03 6.364607001913576492e-03
8.619315697098184088e-04 8.611886436789559836e-04
3.759670311744101566e-03 3.745535190891091486e-03
6.892366672525106219e-05 6.891891625341620370e-05
4.982543450026394706e-04 4.980060876103254092e-04
6.612940123943272623e-03 6.569209146860413920e-03
8.745019756187228212e-04 8.737372219133617912e-04
8.522999627720569821e-03 8.450358105066444955e-03
3.408513878878893441e-03 3.396895912016383457e-03
4.687297304702219176e-03 4.665326548679550600e-03
7.913837519157623096e-03 7.851208694877995567e-03
3.124219320575456066e-02 3.026611856944886464e-02
7.126746213142930164e-03 7.075955701556383391e-03
8.003643902342622019e-03 7.939585586627115679e-03
1.773104290106904471e-02 1.741665301870949298e-02
5.517094890574859682e-03 5.486656554543252809e-03
4.621035566531127466e-03 4.599681596823982158e-03
6.081183172397778034e-05 6.080813364510015206e-05
2.197843843687786894e-04 2.197360791931663186e-04
3.226117531680788397e-04 3.225076748247966631e-04
6.626926503019719571e-05 6.626487341470954943e-05
1.357992873613716115e-05 1.357974432167268299e-05
1.294847174799203607e-04 1.294679511878595144e-04
1.979387249851500261e-04 1.978995452463012852e-04
3.439639946721973905e-04 3.438456834425665499e-04
4.868371260287577976e-04 4.866001156414778489e-04
4.738334291050246808e-04 4.736089109864872375e-04
2.481272599098022355e-04 2.480656927726918645e-04
2.879805558369559070e-04 2.878976230364157650e-04
2.221167973633470199e-04 2.220674614916760641e-04
1.341397814517359462e-04 1.341217879707680199e-04
3.283708218373798221e-05 3.283600390977163775e-05
5.506609130587578087e-06 5.506578807843460824e-06
4.196030578271410256e-05 4.195854511545272315e-05
1.114320915927268516e-04 1.114196744816901158e-04
4.306333875121137419e-04 4.304479423976736042e-04
3.111368497079306959e-04 3.110400435686845252e-04
3.595502180123808650e-04 3.594209416531081338e-04
8.545100427901403844e-05 8.544370240488175080e-05
1.853653611280698559e-04 1.853310008109637142e-04
1.083438350568469155e-03 1.082264511908986654e-03
2.891250836036755715e-04 2.890414902897067554e-04
1.333229802513031517e-03 1.331452300806722526e-03
3.181556105069090570e-04 3.180543875144120126e-04
5.758612698317433151e-03 5.725451078108210329e-03
4.669319125545488185e-05 4.669101100134526530e-05
3.519569491341900143e-05 3.519445617647856532e-05
4.926775474321220746e-03 4.902502357746847325e-03
2.004536641373621164e-04 2.004134824658960177e-04
6.550773731611778290e-03 6.507861095129002967e-03
1.813732850424427034e-03 1.810443223571718335e-03
2.063596011239015367e-03 2.059337582741413777e-03
6.051139361584446930e-03 6.014523074011130475e-03
3.493026818589976823e-02 3.371014455036088625e-02
4.640279163260135203e-03 4.618746972547148680e-03
9.534207465275968199e-03 9.443306353285043850e-03
1.904729799673171228e-02 1.868449843575541169e-02
9.221771832362161969e-03 9.136730756634013281e-03
1.446736420698228366e-02 1.425805957988481205e-02
3.126179874417040519e-05 3.126082144410968235e-05
8.114742474945589080e-05 8.114083984491241800e-05
1.564725859853700792e-05 1.564701376183535799e-05
5.073161010525895861e-07 5.073158436829631692e-07
4.199828292956226227e-06 4.199810654398535680e-06
6.179404170767364925e-05 6.179022320408308119e-05
2.411090411710060423e-04 2.410509076012716490e-04
3.285778886327169260e-04 3.284699252038185760e-04
4.600055237243258488e-03 4.578894729057569543e-03
2.653218332036293039e-04 2.652514375284547492e-04
2.380745884905833697e-04 2.380179089808983988e-04
4.001830786262725124e-04 4.000229321298537041e-04
2.488938906897047477e-03 2.482744090014781489e-03
1.354643836652470821e-03 1.352808776728290242e-03
1.983238221770177757e-03 1.979304987925887670e-03
2.600888896812102754e-04 2.600212434506746955e-04
7.983257515582078230e-04 7.976884275526068815e-04
4.275662060972112451e-10 4.275662059143983844e-10
1.019283514386514671e-03 1.018244575503814489e-03
1.086353981246636474e-05 1.086342179596910777e-05
4.630858608609495712e-05 4.630644160094966232e-05
3.775120655952294723e-06 3.775106404416327717e-06
2.490818043348305472e-05 2.490756001603054823e-05
3.748404667855890051e-04 3.746999614100489416e-04
1.780004130456759668e-04 1.779687288986315304e-04
1.401076931591218027e-03 1.399113915022981002e-03
1.399025699172055405e-04 1.398829971881361013e-04
8.180656090558442381e-03 8.113732956486451042e-03
2.071703111695910539e-04 2.071273916317609403e-04
4.014842131205744423e-03 3.998723173867240084e-03
3.271780404868136587e-03 3.261075857850457334e-03
9.082309302340439792e-04 9.074060468114101413e-04
2.026250071935645561e-02 1.985193178395453645e-02
4.793509264318328127e-03 4.770531533251222422e-03
3.858114453839334764e-03 3.843229406700410852e-03
6.651541773309742160e-03 6.607298765347657810e-03
4.778912983027745059e-02 4.550532890034234001e-02
6.989297147359287317e-03 6.940446872745202785e-03
2.127648240329165288e-02 2.082379369983407280e-02
2.149915059811781035e-02 2.103693712167726063e-02
2.092511135247220044e-02 2.048725106735883872e-02
2.167866921670271591e-02 2.120870451769550288e-02
1.488466865945110157e-02 1.466311529834945539e-02
2.477929018474826078e-02 2.416527696268830003e-02
5.859200672670768202e-07 5.859197239647516235e-07
6.350127305369115607e-06 6.350086981252321461e-06
8.130896407224353338e-05 8.130235292460502897e-05
2.361056122034311416e-04 2.360498663433171834e-04
2.206770148969475903e-02 2.158071804065648386e-02
1.509055521772393466e-02 1.486283036094475894e-02
5.551989228151420902e-02 5.243743384256326773e-02
3.083982868558796911e-04 3.083031773525440607e-04
2.459885708528747805e-04 2.459280604758845210e-04
1.435197042239392466e-04 1.434991063184387291e-04
5.378816475178401640e-04 5.375923308511036062e-04
4.297019325211923701e-04 4.295172887703799236e-04
1.326041351448803245e-03 1.324282965783051165e-03
2.168344753326177806e-04 2.167874581429250151e-04
4.696849105585037035e-04 4.694643066432973460e-04
1.805986526314461128e-04 1.805660367581138110e-04
2.571836178616092924e-03 2.565221837286454486e-03
8.711493469663612138e-09 8.711493393773493397e-09
3.160860566188126476e-04 3.159861462236237921e-04
1.579928992598031555e-06 1.579926496422409912e-06
8.885891196354412692e-04 8.877995290119067512e-04
2.173048075882562293e-04 2.172575862088552720e-04
2.122535596187551631e-03 2.118030438830468404e-03
8.934813696471663978e-04 8.926830606892598424e-04
5.587548771515795168e-04 5.584426701388388748e-04
2.360834590142530894e-04 2.360277236146329576e-04
1.982403483756512970e-05 1.982364184520788930e-05
3.959944369498670801e-05 3.959787557904575713e-05
1.549655192278430200e-03 1.547253761063474781e-03
4.778682504454283655e-05 4.778454146389499684e-05
2.494531674905819518e-03 2.488308986628711295e-03
1.880270501541596415e-04 1.879916959825699799e-04
1.754766636694056578e-04 1.754458716099131083e-04
1.192594151961416486e-03 1.191171871150123809e-03
1.767871497705807843e-02 1.736617801381801912e-02
1.294863527488618045e-04 1.294695860333135954e-04
3.835523311837279060e-04 3.834052187929714445e-04
1.138726212987362617e-02 1.125759239105917145e-02
9.893489035811348781e-03 9.795607910509629077e-03
2.194092861431108654e-02 2.145952426585279182e-02
1.233906097606459265e-02 1.218680855029355241e-02
5.897202059817877734e-02 5.549432138474675452e-02
2.276754341189508206e-04 2.276235980156495723e-04
6.202979882538886764e-04 6.199132186596568268e-04
3.016976758138846179e-03 3.007874609379696234e-03
3.661865880610737801e-03 3.648456618883156536e-03
3.593894250248325095e-02 3.464733491428645396e-02
1.044054475803493816e-02 1.033153978319040732e-02
3.056063042854710934e-02 2.962667829635686964e-02
9.609701486364302951e-05 9.608778022737732489e-05
5.691310189080346123e-05 5.690986278963663079e-05
4.835425189581849914e-05 4.835191376214209493e-05
6.458136524442652454e-04 6.453965771705818481e-04
5.412064020689082459e-04 5.409134976992678286e-04
1.682843433108868270e-03 1.680011471088510566e-03
2.040490358065258055e-04 2.040073997975122349e-04
1.912313189749007426e-03 1.908656248013319411e-03
3.101525085159963566e-06 3.101515465702109801e-06
4.434322943019292952e-03 4.414659723056305399e-03
9.826168996709373248e-10 9.826168987054014490e-10
3.294998421100658946e-04 3.293912719641153494e-04
1.401141153964757939e-06 1.401139190768224669e-06
2.210282730820021298e-03 2.205397381069860128e-03
1.279502868336415211e-04 1.279339155577407020e-04
1.021021914373839226e-03 1.019979428624207592e-03
1.273139047055167694e-05 1.273122838224836362e-05
8.928227667911294637e-05 8.927430535418394062e-05
1.824635591719053437e-04 1.824302662214796755e-04
1.674312971523860886e-08 1.674312943490621584e-08
3.774894947569133217e-09 3.774894933319301077e-09
2.833499370646837238e-06 2.833491341928153601e-06
3.219933452323578533e-06 3.219923084352140991e-06
4.261403007758078372e-06 4.261384848202483719e-06
4.249964917372491945e-04 4.248158697192602512e-04
9.807830806240269872e-07 9.807821186885756667e-07
3.010249014143023420e-05 3.010158398151752034e-05
7.860982632515014839e-04 7.854803127720144185e-04
8.128545040141519180e-07 8.128538432817072171e-07
6.362902879590127492e-06 6.362862393057072180e-06
3.474384899994487340e-05 3.474264186490154150e-05
1.263203705010364046e-02 1.247246869006844901e-02
1.107733482130106167e-01 9.850261353868972058e-02
1.543336208607699322e-01 1.305147543327740411e-01
1.731411679178262997e-01 1.431633038898773858e-01
8.195612929601002461e-02 7.523932216682571728e-02
2.558534437482980943e-04 2.557879827636202075e-04
5.973403902971438608e-06 5.973368221417250208e-06
3.272583959750563472e-07 3.272582888769986076e-07
8.979362501233163762e-03 8.898733550304611592e-03
8.878654747838519068e-05 8.877866442737205829e-05
1.726784989492618702e-02 1.696967125493248352e-02
4.442400005772703707e-04 4.440426513991575026e-04
7.813137287114019355e-04 7.807032775687290649e-04
5.160474936797223742e-04 5.157811886639892575e-04
1.503961447554452192e-02 1.481342447197151434e-02
1.998591748477677055e-03 1.994597379500594007e-03
1.201950772183757107e-02 1.187503915596225743e-02
2.794119430040001729e-03 2.786312326650674815e-03
3.077428363961353785e-03 3.067957798626039928e-03
4.617371437324945677e-03 4.596051318334721733e-03
5.405774660010025795e-02 5.113550663261960672e-02
2.405807703566148308e-03 2.400019792859610195e-03
2.629181150311417012e-02 2.560055215099888218e-02
4.081113573434673805e-03 4.064458085435400901e-03
1.367484852842881793e-01 1.180483370567410040e-01
6.984603334598472012e-03 6.935818650856787580e-03
5.767991350930373609e-04 5.764664378507932535e-04
8.732619571771172567e-04 8.724993707312644767e-04
1.579752949694341757e-07 1.579752700132403526e-07
1.378590265031878476e-05 1.378571259920690099e-05
8.255274619513495636e-07 8.255267804557591273e-07
5.942595164987230264e-05 5.942242020614281174e-05
1.721409320150192406e-04 1.721112995145442353e-04
1.141801352375531806e-02 1.128764249092665921e-02
1.352172651321992096e-02 1.333888942532160567e-02
1.138547799998424100e-02 1.125584889069611641e-02
1.875023904636027080e-03 1.871508189993070564e-03
2.070970933492596367e-04 2.070542041431859168e-04
2.910187711195681400e-04 2.909340791944242015e-04
7.716185689838359150e-05 7.715590294622358500e-05
5.727304169273567070e-04 5.724023967968829615e-04
2.638076289520823814e-04 2.637380344869890716e-04
5.445973141905870304e-04 5.443007279559634697e-04
1.526685672261229344e-02 1.503377980842352142e-02
9.941196695482835965e-02 8.952922778100047552e-02
1.734162772732286417e-01 1.433430720499233313e-01
1.347145554045297566e-01 1.165665439666896397e-01
1.536299752776579264e-01 1.300278059738441405e-01
1.564352466543217357e-02 1.539880480147418941e-02
9.332032231728239549e-03 9.244945406154224041e-03
5.063384067066017957e-02 4.807005484959837871e-02
9.227589689319394550e-03 9.142441277844961731e-03
1.951771341965768264e-02 1.913677228252579771e-02
1.249939737084296417e-03 1.248377387737954107e-03
2.847581682638735973e-03 2.839472961199436454e-03
1.657428252657140288e-03 1.654681184244434240e-03
5.481726842865642518e-02 5.181233551067705029e-02
3.329732875017541241e-03 3.318645753998568718e-03
4.828607897233628404e-02 4.595453354981358929e-02
1.190247668295769251e-02 1.176080773176934116e-02
1.730934790435556189e-02 1.700973437948154199e-02
1.851066069051002932e-02 1.816801613131083584e-02
1.017628963252671104e-01 9.140720925676004693e-02
2.733540953479875798e-03 2.726068707335524248e-03
4.162037388290504292e-02 3.988811836075224077e-02
6.924669612064591334e-04 6.919874507140966061e-04
2.330916942799559841e-02 2.276585204857259348e-02
3.631185700545939716e-03 3.618000190954090336e-03
6.731784990431474887e-04 6.727253297515734800e-04
8.087594497040807850e-02 7.433502649555159825e-02
1.508184010601185598e-03 1.505909391591352597e-03
6.025764472358131896e-02 5.662666097594797054e-02
4.527126737534344601e-03 4.506631861036646154e-03
1.234028301509129157e-02 1.218800043019874040e-02
3.983038215336547581e-03 3.967173621911716623e-03
1.120972799971094343e-02 1.108406999788343929e-02
1.362106272491438695e-02 1.343552937515833483e-02
9.663960569013975779e-03 9.570568435134518478e-03
7.800160793949027825e-04 7.794076543107881410e-04
8.062956591702136969e-04 8.056455464802169970e-04
9.748755151908879363e-04 9.739251329207692775e-04
1.123972747047136356e-04 1.123846415573525855e-04
6.709919769284039635e-04 6.705417466953017026e-04
1.599235570201409593e-03 1.596678015792412112e-03
2.233117850540033544e-03 2.228131035205633062e-03
1.165397610516695232e-03 1.164039458926097170e-03
1.637632961852945879e-01 1.369448790078220679e-01
1.757205878826579859e-01 1.448428628768310689e-01
1.756898330037447442e-01 1.448229155828610337e-01
1.756221655355017230e-01 1.447790205081225523e-01
8.576346991940794751e-02 7.840809714679075615e-02
1.029051889238494482e-03 1.027992941447749111e-03
2.739343058862712260e-02 2.664303054921319039e-02
2.339355072863042416e-03 2.333882490706112259e-03
1.899347391370492105e-02 1.863272186239433095e-02
4.236355705795127012e-03 4.218408996129104430e-03
8.664659818647399772e-03 8.589583488874516851e-03
5.127558861270185321e-03 5.101267001394394623e-03
5.260483100841765319e-02 4.983756276299347587e-02
3.552731761136703088e-03 3.540109858170113581e-03
3.421207191354569410e-02 3.304160604892807107e-02
3.178215994650347622e-03 3.168114937741696446e-03
1.393768777951762995e-03 1.391826186545369951e-03
7.102379676963990968e-04 7.097335297256415418e-04
6.518984402052920013e-02 6.094012825710827530e-02
6.611421073355345374e-04 6.607049984494425040e-04
1.087323559308133250e-02 1.075500834081868223e-02
3.240482446211342873e-03 3.229981719727138822e-03
1.691724074004461939e-02 1.663104770578799352e-02
9.288134994950644416e-03 9.201865543266216779e-03
9.804611154361882186e-03 9.708480754473645252e-03
1.085990468338788109e-02 1.074196715365561064e-02
5.440422895299425188e-03 5.410824694019726946e-03
6.153174700351330718e-03 6.115313141458286750e-03
1.962277845203930920e-02 1.923772501786149072e-02
2.059671966741779062e-02 2.017249480635959630e-02
1.906686253986414337e-02 1.870331729275006780e-02
1.767874050846135470e-02 1.736620264249584197e-02
1.594204004548454776e-02 1.568789140467271442e-02
1.081274252760851783e-02 1.069582712664016340e-02
3.446101765590697959e-04 3.444914203852816989e-04
2.108811119260204021e-04 2.108366410826532434e-04
3.621138367983584233e-04 3.619827103675575877e-04
8.506544669252392543e-05 8.505821056230292935e-05
1.073925070233529267e-04 1.073809738727881633e-04
1.706045544611911071e-04 1.705754485471882014e-04
1.803248497701632970e-04 1.802923327187186528e-04
2.261223222888937752e-05 2.261172091584300406e-05
1.753558536159802053e-04 1.753251039405828043e-04
5.896641781903201596e-02 5.548937938862336106e-02
5.178028592344200570e-02 4.909908791312860010e-02
1.755508171388680261e-01 1.447327277407437496e-01
3.927089375622374451e-02 3.772869065981113157e-02
1.504301459374340066e-01 1.278009171306763170e-01
1.293214767113176145e-03 1.291542362679296658e-03
3.161559403547915771e-04 3.160559857761699302e-04
9.644314216465662637e-04 9.635012936795069993e-04
3.162383259017103286e-03 3.152382591140191499e-03
9.174443847595520687e-03 9.090273427682838206e-03
3.096155149010552769e-03 3.086568972303808250e-03
3.580754595599690282e-02 3.452536560860607062e-02
3.169728369812096873e-03 3.159681191873705414e-03
1.818546699184672363e-02 1.785475578213517600e-02
2.684846858807152410e-03 2.677638456151905724e-03
1.838305682137806240e-03 1.834926314356826122e-03
1.061076940682226114e-03 1.059951056408178641e-03
5.395115254529334048e-02 5.104042568432783089e-02
2.044603076759220434e-04 2.044185036585071194e-04
1.842417957381988977e-02 1.808472918085152897e-02
1.476703065984313282e-03 1.474522414039225893e-03
2.118451247469942469e-02 2.073572890590872839e-02
7.999823685385798119e-03 7.935826506388538731e-03
1.094224072925039336e-02 1.082250809707352782e-02
1.144683641347774700e-02 1.131580634960082689e-02
4.659578883297986127e-03 4.637867207928309497e-03
6.408773895481276357e-03 6.367701512637873908e-03
2.204187484861043489e-02 2.155603060176862831e-02
2.071563030026253929e-02 2.028649296152538334e-02
1.983296926302729329e-02 1.943962259323910730e-02
1.427312058263777508e-02 1.406939861147125763e-02
1.292257400681587516e-03 1.290587471491971274e-03
4.786624851290849266e-05 4.786395733516179285e-05
3.290259501060705346e-05 3.290151242984862376e-05
6.609362891901512525e-05 6.608926055123143890e-05
5.206409927408483103e-05 5.206138860365160592e-05
1.556273721146356131e-05 1.556249501267404741e-05
2.365714108026853484e-05 2.365658141994444200e-05
2.971379262450566378e-05 2.971290971503353100e-05
3.133267672855423957e-04 3.132285936224447963e-04
3.426209333310938711e-05 3.426091944206982354e-05
1.029424787846458186e-04 1.029318816307074928e-04
6.319882834045301980e-04 6.315888742141695725e-04
9.777883245109453281e-02 8.821813237559530951e-02
1.755182399557309036e-01 1.447115873985733714e-01
1.226448590765649160e-01 1.076030976186544419e-01
1.169051364329199982e-01 1.032383255085203566e-01
9.662094106019855633e-04 9.652758499768496767e-04
3.590369082353439979e-04 3.589080007338688169e-04
4.547613422990562544e-03 4.526932635145598446e-03
7.365676412695045493e-04 7.360251093793392053e-04
1.340829124080538141e-03 1.339031301340555665e-03
8.108231816468810344e-04 8.101657474149851065e-04
1.726618945952064846e-02 1.696806816106858490e-02
2.770448176500404577e-03 2.762772793401730310e-03
9.929939164674612961e-03 9.831335472860474808e-03
2.201231661936899932e-03 2.196386241107386485e-03
2.472060640466758070e-03 2.465949556656612997e-03
4.768126282742317541e-04 4.765852779917499724e-04
4.694948852546067253e-02 4.474523405265831005e-02
2.675993520955566668e-05 2.675921911542324664e-05
8.190589295988497456e-03 8.123503542972936378e-03
1.349902481617247215e-03 1.348080244907370840e-03
1.047413436879107707e-02 1.036442687801558682e-02
7.486623383463411607e-03 7.430573853777590505e-03
7.626198807798146781e-03 7.568039899542085280e-03
1.148162685999873020e-02 1.134979910464648661e-02
3.332927654590838590e-02 3.221843587083474819e-02
3.314606002853714983e-02 3.204739873312176246e-02
2.653835267379645729e-02 2.583406851115765610e-02
2.170052587877433284e-02 2.122961305535897916e-02
1.988611874029820939e-02 1.949066102174496981e-02
6.773044279024608523e-04 6.768456866144045760e-04
1.899521427784232126e-04 1.899160609618771097e-04
2.469608813271220003e-05 2.469547823594314245e-05
1.965344166169728598e-05 1.965305540392813554e-05
3.849884944768441626e-05 3.849736728627561964e-05
8.126911839695270736e-05 8.126251372734768531e-05
9.784061160078476527e-06 9.783965432225692578e-06
2.177474478965182555e-05 2.177427065014117253e-05
6.232337497995418460e-04 6.228453294926526891e-04
6.868445548818638037e-04 6.863727994392929566e-04
6.855914839623642593e-04 6.851214482794825604e-04
2.773238576234387924e-04 2.772469491014316507e-04
5.584124062871248805e-05 5.583812238455753552e-05
3.710369666425708535e-02 3.572701235810388232e-02
1.669772621446215521e-01 1.390958560713078940e-01
1.719308773082527664e-01 1.423706507362673124e-01
1.755826982898656408e-01 1.447534143511156612e-01
1.086674053402803958e-01 9.685880035689159451e-02
8.732197082284300603e-04 8.724571955695915393e-04
8.106757139951894717e-03 8.041037628625733943e-03
9.199214897786377621e-04 9.190752342312811726e-04
1.624168640333314853e-03 1.621530716561072781e-03
2.469404751134841956e-03 2.463306791309914472e-03
1.866048433739701806e-02 1.831227066169077711e-02
2.748533070790622115e-03 2.740978636749392180e-03
3.428514953340556365e-03 3.416760238555276684e-03
1.146700596402908025e-03 1.145385674145117183e-03
5.939809759697467799e-04 5.936281625699327920e-04
3.807634530093936419e-05 3.807489549286788906e-05
4.056752386572338998e-02 3.892179987312735512e-02
1.005225808761199205e-04 1.005124760868539297e-04
4.300039401661830130e-02 4.115136013103387613e-02
5.307588873186164669e-04 5.304771823221488165e-04
1.794162857655556484e-02 1.761972654057648857e-02
4.408761173969436595e-04 4.406817456460526651e-04
7.866175463390708607e-04 7.859987791748623180e-04
2.416595764097020579e-02 2.358196413226503960e-02
2.781097733554057858e-02 2.703752687518262698e-02
3.342670489525142313e-02 3.230936029509719892e-02
2.444013268292954955e-02 2.384281259737034905e-02
8.018971672980802767e-03 7.954667766288734190e-03
1.707982684650264345e-05 1.707953512601753724e-05
8.622725136557989054e-06 8.622650785169207673e-06
1.044551111543507403e-04 1.044442002841044782e-04
3.467752893546086052e-05 3.467632640444779328e-05
1.855733663643520165e-04 1.855389288900482245e-04
4.440873847661922337e-04 4.438901711608837591e-04
1.660495416191708001e-04 1.660219691688988634e-04
9.876251543712143838e-05 9.875276140266596567e-05
5.275854982545832199e-04 5.273071517966146371e-04
6.574631977393347298e-04 6.570309398829531121e-04
7.780716212763712485e-04 7.774662258285356536e-04
6.330046301692083188e-04 6.326039353073926530e-04
3.199473614345727597e-04 3.198449951204838004e-04
1.903936993590305579e-05 1.903900743829549871e-05
1.182841977252594746e-02 1.168850825821086438e-02
2.829707869255818076e-02 2.749635403002535089e-02
3.448284906460340193e-02 3.329378218499118303e-02
1.759054842170377497e-01 1.449627448394072426e-01
9.020953021838172547e-02 8.207177087616060462e-02
1.675419789007351334e-01 1.394716642067607704e-01
7.732028550490548276e-03 7.672244284984947038e-03
7.163512163826397244e-04 7.158380573174268459e-04
8.304581852088911481e-04 8.297685244115106775e-04
2.609139970515349845e-03 2.602332359129609033e-03
6.792744917841535279e-03 6.746603534322673235e-03
4.641256943941106557e-03 4.619715677921424658e-03
7.004941792657958140e-03 6.955872583139431804e-03
1.966569674316508056e-03 1.962702278032566784e-03
3.164184319348189826e-03 3.154172256941380724e-03
2.788511212745467104e-04 2.787733633267106318e-04
1.494856313855282871e-02 1.472510359864552879e-02
1.074007800830555331e-04 1.073892451554930855e-04
8.956010464913865795e-04 8.947989452569101061e-04
2.442915522491968458e-03 2.436947686241936178e-03
1.451996968343967885e-04 1.451786138824359988e-04
2.135086297044360912e-03 2.130527703548534216e-03
2.228188599960956653e-02 2.178540355590996916e-02
2.234187305998871359e-02 2.184271376816006305e-02
3.000709356038337022e-02 2.910666789644177077e-02
3.344583765105783174e-02 3.232721359487691209e-02
3.330338417701898812e-02 3.219426877937686671e-02
1.112700888361737098e-02 1.100319855692127174e-02
8.143125585649077167e-03 8.076815091345425357e-03
8.502020373010054808e-05 8.501297529505823410e-05
8.368494679243996094e-05 8.367794362212030727e-05
1.271700100638568969e-05 1.271683928427109262e-05
7.229884154269339118e-05 7.229361442020497473e-05
1.928829650030572948e-04 1.928457611648689283e-04
1.667580488753915590e-04 1.667302406285268404e-04
7.049944833527330753e-04 7.044974661311753259e-04
7.016617571463346862e-04 7.011694279248929709e-04
7.472445753136493576e-04 7.466862008583136914e-04
1.037123461905742859e-03 1.036047836830507459e-03
7.284990605003122989e-04 7.279683496191624581e-04
4.967321317861460696e-04 4.964853889753972080e-04
6.412223127195240983e-04 6.408111466651947741e-04
1.048664472920305443e-04 1.048554503202628888e-04
2.635088740570449748e-04 2.634394371303381893e-04
1.044735053300190064e-01 9.355879201407749091e-02
1.764301318462168644e-01 1.453025404229434103e-01
2.021823658281684533e-01 1.613046567762931316e-01
1.905387360144331077e-01 1.542337260924552811e-01
1.158138166506332140e-01 1.024009765234467212e-01
2.233280912178160511e-03 2.228293368545461190e-03
2.509264667179629451e-03 2.502968258009673468e-03
2.657780764217626025e-03 2.650716965626980729e-03
5.688801410719892399e-03 5.656438949229283461e-03
2.765690411426400663e-03 2.758041367974544637e-03
2.183789295444432590e-03 2.179020359757534789e-03
2.381028561569298210e-04 2.380461631868197199e-04
1.325512727268986939e-04 1.325337028869971680e-04
2.508632683004467758e-06 2.508626389766529574e-06
1.020883829435392971e-03 1.019841625642190245e-03
5.867405088379952475e-06 5.867370661937480943e-06
1.482220603577184782e-03 1.480023625659515965e-03
5.354554010304890923e-04 5.351686885439963784e-04
4.178127800683635942e-03 4.160671048764790284e-03
1.390195831709994424e-02 1.370869387204956026e-02
2.224065384484740990e-02 2.174600716140108470e-02
2.234269910153516281e-02 2.184350289839342291e-02
2.236651862602976118e-02 2.186625747058122335e-02
1.092591899749269062e-02 1.080654329155291901e-02
1.123409516744690133e-03 1.122147467802377552e-03
1.106495841519634232e-02 1.094252511046631821e-02
4.984338252384523486e-03 4.959494624570339946e-03
6.282474670826937967e-03 6.243005182837355754e-03
2.610746775765730460e-03 2.603930777038559324e-03
1.107276236868105996e-03 1.106050176203373205e-03
5.667944758781984140e-04 5.664732199003123239e-04
6.483159865628254680e-04 6.478956729443924875e-04
1.667788879034029503e-04 1.667510727059526440e-04
7.436754231503377513e-04 7.431223700153399055e-04
6.740854978159882419e-04 6.736311065576223740e-04
6.307797903181259786e-04 6.303819071742522298e-04
2.086713507679821328e-04 2.086278070353507854e-04
6.990051700593742905e-05 6.989563092365973283e-05
2.790346736014246578e-05 2.790268875665174694e-05
1.045800005970822085e-03 1.044706308318333601e-03
9.405999101440545157e-03 9.317526282344244792e-03
1.314501004016108013e-03 1.312773091126548733e-03
6.593464618929244063e-03 6.549990843248172136e-03
9.072741871055324536e-02 8.249595420467320528e-02
9.506861091994459056e-02 8.603057013769678518e-02
1.765735389497634644e-01 1.453953242925198341e-01
4.929007640917187905e-02 4.686056477674988008e-02
3.543040077582969467e-03 3.530486944591610440e-03
3.700731498235545341e-03 3.687036084613512683e-03
3.641062193920844691e-03 3.627804860020845002e-03
7.867600408647392601e-03 7.805701272457244225e-03
3.102034521516609019e-03 3.092411903343928077e-03
4.460956483795817072e-03 4.441056351045497008e-03
1.824459418766861312e-03 1.821130766596134242e-03
1.444720178651976057e-03 1.442632962257371773e-03
1.564229290509342807e-03 1.561782477236055419e-03
8.995409168715694410e-04 8.987317430104432630e-04
2.849624347098797007e-03 2.841503988179218572e-03
5.679480441064565718e-03 5.647223942984130711e-03
4.536719999684460033e-03 4.516138171328922674e-03
1.827927626918370019e-02 1.794514432825855890e-02
2.118657273505979155e-02 2.073770187080181335e-02
2.233132972630946442e-02 2.183264143896431267e-02
2.203121456364938099e-02 2.154584014849982368e-02
2.142346222008097156e-02 2.096449748658573559e-02
5.979527310479669099e-05 5.979169763011101186e-05
3.655350514097486722e-03 3.641988926716573788e-03
1.101496332690253370e-02 1.089363390980952612e-02
1.046217501863382603e-02 1.035271791251330016e-02
9.260284187297474975e-03 9.174531324067963095e-03
6.930988207945389980e-03 6.882949610406712340e-03
4.965577893337113583e-04 4.963112196955633219e-04
2.336654116785415506e-04 2.336108121539266379e-04
8.577496048664139984e-04 8.570138704817655559e-04
5.069024255190627409e-04 5.066454754500656146e-04
6.907202126249103276e-04 6.902431182127816839e-04
7.666399108232364434e-04 7.660521740703693690e-04
6.839455044016215296e-04 6.834777229486303654e-04
1.860947961689395980e-04 1.860601648957784459e-04
1.540091001024566063e-05 1.540067282221651822e-05
2.628152235051885494e-05 2.628083163210179514e-05
5.226831783443553663e-04 5.224099806394312496e-04
2.286035783584333496e-04 2.285513187623950749e-04
7.882154998836914757e-05 7.881533715162657367e-05
4.456423189312997860e-05 4.456224592236575512e-05
1.518746009414656192e-04 1.518515350470544796e-04
1.290726922808147492e-01 1.124129323881968567e-01
1.764548043656422316e-01 1.453185063819251721e-01
1.770508534855553817e-01 1.457038487655917813e-01
