0.000000000000000000e+00 0.000000000000000000e+00
1.446954589037654365e-02 1.426017813210283050e-02
1.429462540841683060e-01 1.225126225274727060e-01
5.175953740464640795e-02 4.908048769230341501e-02
2.183276048561757013e-02 2.135609105519522752e-02
6.839703161207300042e-02 6.371887767873009312e-02
2.732411015670480614e-01 1.985804019814741972e-01
3.012452192772722137e-01 2.104965371398603846e-01
4.103515937876476838e-01 2.419631632635850793e-01
2.012259222059143982e-01 1.607340504382936963e-01
2.715375766377182282e-02 2.641643110850897674e-02
2.388088465378930287e-03 2.382385498860454566e-03
1.621965706371261348e-03 1.619334933618616929e-03
7.500699441560769063e-04 7.495073392349506283e-04
1.180116332176190698e-02 1.166189586601500822e-02
1.759371621830695467e-02 1.728417736793663728e-02
2.267572507995152184e-02 2.216153657204997934e-02
3.604626215674538656e-03 3.591632885519810674e-03
1.463088493923137001e-02 1.441682214512634251e-02
1.103915607044380492e-01 9.820526402967641455e-02
1.273955701873441537e-01 1.111659388839856266e-01
2.823029285359018870e-01 2.026079850759553436e-01
2.498112556093331493e-01 1.874055921802215696e-01
2.577795209703782620e-01 1.913292395386605727e-01
2.682512977577816149e-01 1.962925390090475841e-01
2.041783741822840448e-01 1.624895656985632653e-01
2.886777875696749374e-01 2.053429225335525743e-01
3.513543833308603870e-01 2.279044806450511995e-01
3.074611667053309128e-01 2.129287976735276255e-01
1.020914409329442829e-01 9.166877862117943365e-02
2.666262760330837672e-02 2.595173189259567664e-02
2.401117362261967828e-02 2.343463716388409154e-02
1.509873825368094613e-01 1.281901928514926348e-01
6.543545140150565376e-02 6.115365310138684563e-02
9.994495282871482256e-03 9.894605346912142135e-03
1.764454103216664682e-01 1.453124274980852337e-01
1.830674336054808893e-01 1.495537483585837324e-01
8.927248309218375338e-03 8.847552546843932830e-03
4.363257418374872124e-04 4.361353616844971691e-04
1.877467780525226388e-04 1.877115291998535270e-04
0.000000000000000000e+00 0.000000000000000000e+00
0.000000000000000000e+00 0.000000000000000000e+00
0.000000000000000000e+00 0.000000000000000000e+00
1.714440049842556879e-02 1.685047002997515364e-02
1.657894246879259570e-01 1.383032913495724769e-01
6.640563638516593092e-02 6.199592784144705715e-02
2.499050762417094965e-02 2.436598215285720390e-02
9.177991307513433394e-02 8.335636063105511528e-02
3.703747600542651175e-01 2.331972971690106644e-01
4.284286601740743272e-01 2.448775433155218617e-01
3.468231800382373109e-01 2.265368618264017586e-01
4.375171957871575035e-02 4.183750661262117254e-02
2.766149445228278589e-03 2.758497862474941671e-03
1.857857961512648015e-03 1.854406325307492165e-03
6.261868664839305432e-03 6.222657665663608798e-03
5.329668885358316253e-03 5.301263514930759993e-03
4.544877697466368632e-03 4.524221784181441282e-03
5.836394502140565196e-03 5.802331001355948321e-03
8.932001566952957631e-04 8.924023501753752807e-04
2.795920865472120806e-05 2.795842693737261026e-05
1.522510439533906372e-03 1.520192401495416628e-03
1.592427386893020130e-02 1.567069137067750653e-02
4.761009402205709090e-02 4.534337296926797822e-02
2.157703621847976982e-01 1.692135129874389188e-01
1.754379090112081208e-01 1.446594490929831722e-01
2.584837616632050805e-01 1.916699066196444756e-01
4.718493850054814587e-01 2.492075428754303990e-01
4.150847240290273521e-01 2.427893959067735641e-01
3.758429805742017904e-01 2.345850345273019777e-01
2.297817892777016813e-01 1.769821185940395891e-01
1.108992229649311961e-01 9.860058531070567400e-02
8.400529749481425168e-03 8.329960849409501905e-03
4.911669877657044280e-04 4.909257427558336379e-04
9.407638947274442115e-04 9.398788580218214554e-04
8.319308763249384786e-03 8.250097864951106905e-03
1.065025364475820531e-02 1.053682574206052033e-02
8.079437556034107723e-03 8.014160244812253142e-03
8.407861863817299788e-03 8.337169722696265856e-03
1.282916514902907208e-02 1.266457767060800987e-02
1.468383912861395517e-02 1.446822399705894116e-02
5.950930905250136245e-03 5.915517326611075336e-03
3.026244778816778412e-04 3.025328963070646974e-04
3.485223686124584412e-06 3.485211539340442165e-06
0.000000000000000000e+00 0.000000000000000000e+00
