5.523721185806190759e-01 2.472571611953775506e-01
3.772793348004193081e-01 2.349396383329724336e-01
1.071732140772004710e-01 9.568711626156302386e-02
1.556403899499560761e-01 1.314164589661816762e-01
1.802402397966544889e-01 1.477536957546989882e-01
3.078617493926032456e-01 2.130828926535291989e-01
1.235399374806827183e-01 1.082778213279517177e-01
1.744315223141139348e-01 1.440051663372947099e-01
1.299182936585716874e-01 1.130395306314168208e-01
6.755204021215735488e-02 6.298876207533242455e-02
4.726635436962174641e-02 4.503224611422708412e-02
3.271563360875232029e-02 3.164532092633019766e-02
1.029041118814335090e-02 1.018451862572228479e-02
2.591491192338713986e-02 2.524332926339022815e-02
1.689676394698487460e-01 1.404175762818359596e-01
1.525966385311081641e-01 1.293109044401144769e-01
1.584702478218424360e-01 1.333574283771262747e-01
1.852671434588539223e-01 1.509432290134503640e-01
2.488268728133275765e-01 1.869120601792676750e-01
2.583511077593889094e-01 1.916058128788855341e-01
2.591401857041540358e-01 1.919865498573705975e-01
1.531102202753047703e-01 1.296674807225524084e-01
1.726400720722238991e-01 1.428354775871212290e-01
1.903119021979751413e-01 1.540932820797634717e-01
1.723675645190604622e-01 1.426569872208279799e-01
2.322140549545684551e-01 1.782906876361251003e-01
1.513816206566630240e-01 1.284652255840252055e-01
1.336999277745847814e-01 1.158242570876555910e-01
2.122546195220709475e-01 1.672025960136118428e-01
2.034292222940977390e-01 1.620457738109163104e-01
1.514083219892342347e-01 1.284838420216385946e-01
1.215380949163354651e-01 1.067665864004433002e-01
5.721053421569088221e-02 5.393748899044614742e-02
1.222123658549740116e-01 1.072765034871039913e-01
1.168706826002515187e-01 1.032119261488027850e-01
5.149159572804815760e-02 4.884021129742741052e-02
3.572422778507401420e-01 2.296202327667547227e-01
3.163727175418042381e-01 2.162810211370179703e-01
2.840477174483444292e-02 2.759794068695829716e-02
6.952265660006231966e-03 6.903931662198929675e-03
2.002778532464440445e-02 1.962667313963436383e-02
4.895207757252741931e-01 2.498901858585999836e-01
5.408402402575901435e-01 2.483320747757022939e-01
4.075577822769068659e-01 2.414544363824362438e-01
1.286816237220149983e-01 1.121226634382807424e-01
1.841088037189552995e-01 1.502127521121304765e-01
2.252915694952267456e-01 1.745352782096041555e-01
3.902705973282247220e-01 2.379594581892953975e-01
1.810847922039676150e-01 1.482930902364134884e-01
1.397700769195668324e-01 1.202344025174651998e-01
1.752146727809465176e-01 1.445144912232123602e-01
5.706825220081176292e-02 5.381146679155630885e-02
2.615400312613894163e-02 2.546997124661685638e-02
2.028600078806418877e-02 1.987447896009084808e-02
3.822848054261416412e-02 3.676706381801713580e-02
4.158532570454438748e-02 3.985598639059134696e-02
3.148423830231650983e-02 3.049298104083945568e-02
2.060983080537970302e-01 1.636217954711592093e-01
5.441776004867878574e-02 5.145646743996320355e-02
1.362946437621851727e-02 1.344370207703590725e-02
1.582889050314402815e-02 1.557833672858350421e-02
5.612323268901991957e-02 5.297341544155404619e-02
1.114347712240742194e-01 9.901706298631246517e-02
1.507850206089464129e-01 1.280488981689060224e-01
1.212822750989692583e-01 1.065728848457871969e-01
1.468307220295539672e-01 1.252714610978338250e-01
8.574873937484515929e-02 7.839589307047004074e-02
1.537385581344825614e-01 1.301030138772128752e-01
8.214951387460289745e-02 7.540097124476932700e-02
1.225238580020602541e-01 1.075117622223512315e-01
2.941200384416630120e-01 2.076134414287376662e-01
8.760962237350518322e-02 7.993417644107700393e-02
2.131262395766560930e-02 2.085839601770474866e-02
8.559397198019663006e-03 8.486133917626195386e-03
1.914143150746134073e-02 1.877503710730650532e-02
1.822652949604514072e-02 1.789432311857493824e-02
4.071241786025280203e-03 4.054666776345001479e-03
8.829562709553328420e-03 8.751601531911392881e-03
2.925124129549769997e-02 2.839560617817027052e-02
3.467998696358529781e-02 3.347728546779085018e-02
1.680927429315683466e-02 1.652672259089425083e-02
2.126585989262649856e-02 2.081362309565367927e-02
1.442181209067618652e-01 1.234192545088844822e-01
5.724411717960319335e-01 2.447522766288177665e-01
