1.609914865459984371e-02 1.583996606719693945e-02
2.707551027312603015e-03 2.700220194747101395e-03
5.136353435758331948e-03 5.109971309141305915e-03
5.929891916987695805e-05 5.929540280806224237e-05
6.616158895024940034e-02 6.178423309782763578e-02
6.822951388459935936e-03 6.776398722810648458e-03
5.524620154688979212e-02 5.219405876153022233e-02
5.331527231380363621e-03 5.303102048761412952e-03
3.565934202195592830e-05 3.565807043328248697e-05
4.096182712445951921e-04 4.094504841164577557e-04
1.753874082979091471e-11 1.753874082948330692e-11
0.000000000000000000e+00 0.000000000000000000e+00
0.000000000000000000e+00 0.000000000000000000e+00
0.000000000000000000e+00 0.000000000000000000e+00
0.000000000000000000e+00 0.000000000000000000e+00
3.376818839286792155e-05 3.376704810232058568e-05
4.298438275948041239e-03 4.279961704335906100e-03
5.031713240014838023e-04 5.029181426201863704e-04
8.331541289995766583e-03 8.262126709728862331e-03
8.570770772897915715e-04 8.563424961733759940e-04
6.173646893493386998e-04 6.169835501896832938e-04
1.065129417821520464e-04 1.065015967753849571e-04
1.310577083174365885e-03 1.308859470883424157e-03
1.010089306472353177e-03 1.009069026065303369e-03
1.384785534380511031e-02 1.365609224618215788e-02
2.011289971038750148e-03 2.007244683691148876e-03
5.107935541304273186e-03 5.081844535810153482e-03
7.019894654257456635e-05 7.019401865047887904e-05
1.950314817638357581e-02 1.912277538759360115e-02
9.670323089679264865e-04 9.660971574813386961e-04
3.522487544199606052e-02 3.398408359209192237e-02
2.328795528696862589e-03 2.323372240082384292e-03
4.462969532074570554e-06 4.462949613977526370e-06
6.868151779272880456e-04 6.863434628386567895e-04
0.000000000000000000e+00 0.000000000000000000e+00
0.000000000000000000e+00 0.000000000000000000e+00
0.000000000000000000e+00 0.000000000000000000e+00
0.000000000000000000e+00 0.000000000000000000e+00
0.000000000000000000e+00 0.000000000000000000e+00
0.000000000000000000e+00 0.000000000000000000e+00
4.421787152719148031e-03 4.402234951095196185e-03
7.968548188648810109e-04 7.962198412625328629e-04
1.066396231604888403e-02 1.055024222377077409e-02
7.201998922496498498e-04 7.196812043648533920e-04
2.357596971620933989e-04 2.357041145272874391e-04
7.012308129630911394e-05 7.011816404977862585e-05
9.067924178091524160e-04 9.059701453201562732e-04
1.197249876422806563e-03 1.195816469156212080e-03
1.880849663085868914e-02 1.845473708534566687e-02
2.545508431147676734e-03 2.539028817974632937e-03
5.274831315592439993e-03 5.247007470184485677e-03
7.531455415080281829e-05 7.530888186873587744e-05
4.101426641082552699e-02 3.933209636160735906e-02
3.366387931612345626e-03 3.355055363906240228e-03
3.866305682489217660e-02 3.716822486184733626e-02
2.480540959976736820e-03 2.474387876522614674e-03
1.254526998177970000e-06 1.254525424339980941e-06
2.720266097816770572e-04 2.719526113052477424e-04
0.000000000000000000e+00 0.000000000000000000e+00
0.000000000000000000e+00 0.000000000000000000e+00
0.000000000000000000e+00 0.000000000000000000e+00
2.126426557751585643e-06 2.126422036061680071e-06
0.000000000000000000e+00 0.000000000000000000e+00
8.887503318638013501e-12 8.887503318559025830e-12
4.470473420826031122e-03 4.450488288219718765e-03
4.383880242782831104e-04 4.381958402184524867e-04
9.898961566390297034e-03 9.800972126297425452e-03
6.579264190965776211e-04 6.574935519236323276e-04
2.587277382922099109e-04 2.586607982496480973e-04
9.556389549107237368e-05 9.555476303295095124e-05
6.333371577826684253e-04 6.329360418272401978e-04
9.990805463744162600e-04 9.980823844362724916e-04
2.541238634171963731e-02 2.476659696213881837e-02
6.674888803567093423e-03 6.630334663027107923e-03
1.848490904597799994e-02 1.814321718353991905e-02
6.881000460160549819e-04 6.876265643427277065e-04
1.237540562678853262e-01 1.084389898251303941e-01
3.617269558024471116e-02 3.486423167470365653e-02
1.052139196330186682e-01 9.414395074847535516e-02
2.053466501664543559e-03 2.049249776991085136e-03
2.198971380867917318e-07 2.198970897320403951e-07
7.103957483995561447e-04 7.098910862802119623e-04
0.000000000000000000e+00 0.000000000000000000e+00
0.000000000000000000e+00 0.000000000000000000e+00
0.000000000000000000e+00 0.000000000000000000e+00
2.730377724775565117e-05 2.730303175150365747e-05
0.000000000000000000e+00 0.000000000000000000e+00
0.000000000000000000e+00 0.000000000000000000e+00
9.702174865341377588e-03 9.608042668223714874e-03
2.119656215963454729e-03 2.115163273489582309e-03
1.808932334818021126e-02 1.776209972898519507e-02
1.390943227639021952e-03 1.389008504576507048e-03
5.829741457072517034e-04 5.826342868526885807e-04
1.097024643900012565e-03 1.095821180830688609e-03
6.236983364142507360e-04 6.233093367994048308e-04
2.747279154946979766e-03 2.739731612191773427e-03
2.121952380121647913e-02 2.076925561086608724e-02
2.681471673728714252e-03 2.674281383391704809e-03
4.263394218408420033e-03 4.245217688146861457e-03
1.642705712584779378e-04 1.642435864378963511e-04
1.935583299156925716e-02 1.898118472077173560e-02
4.442482529687138103e-03 4.422746878660562680e-03
2.006591112945795702e-02 1.966327034000265109e-02
3.490203274274887840e-03 3.478021755379128582e-03
3.265072863435988662e-05 3.264966256427952879e-05
7.706638702299241361e-05 7.706044779498364024e-05
2.524817197207309984e-18 2.524817197207309984e-18
0.000000000000000000e+00 0.000000000000000000e+00
0.000000000000000000e+00 0.000000000000000000e+00
1.855588488772792444e-06 1.855585045564152881e-06
0.000000000000000000e+00 0.000000000000000000e+00
7.944923982889422618e-06 7.944860861072328308e-06
4.342664904113615991e-03 4.323806165644195759e-03
6.469280090232699346e-04 6.465094931744111125e-04
8.097099963738229808e-03 8.031536935915460293e-03
3.951250618041112763e-04 3.949689379896455807e-04
1.844117452292240813e-04 1.843777375374455860e-04
1.321997459715380395e-04 1.321822691987030994e-04
3.116845433221747462e-04 3.115873960676287776e-04
6.588103978811499185e-04 6.583763667407935630e-04
1.884609723946661583e-02 1.849092185830718618e-02
4.372431970890242742e-03 4.353313809550179644e-03
1.411806455552606226e-02 1.391874480873206074e-02
1.709490718853200360e-04 1.709198483001415924e-04
7.411316602211069637e-02 6.862040464428975639e-02
1.290117044108449879e-02 1.273473024233458609e-02
6.058904432459696898e-02 5.691801203242899398e-02
1.265338312375467907e-03 1.263737231330702660e-03
1.699524480854937397e-05 1.699495597020327019e-05
3.646785284875277546e-05 3.646652294446137458e-05
0.000000000000000000e+00 0.000000000000000000e+00
0.000000000000000000e+00 0.000000000000000000e+00
0.000000000000000000e+00 0.000000000000000000e+00
1.508442967892044807e-05 1.508420213890171004e-05
0.000000000000000000e+00 0.000000000000000000e+00
0.000000000000000000e+00 0.000000000000000000e+00
6.124383789483877315e-03 6.086875712682984080e-03
8.418952291028105640e-04 8.411864415260244610e-04
8.832555715760534790e-03 8.754541675288520647e-03
4.269910945317786639e-04 4.268087731369691966e-04
1.689958021157406262e-04 1.689672425346078861e-04
4.768766203973161949e-04 4.766492090862346504e-04
1.877820785978606948e-04 1.877468164888181535e-04
1.156778614890431340e-03 1.155440478126563498e-03
8.824161716211162063e-03 8.746295886217315962e-03
1.152008266992440031e-03 1.150681143945221164e-03
9.625453920023551444e-04 9.616188983706901432e-04
3.042673171574524325e-07 3.042672245788521511e-07
1.947636166718344497e-02 1.909703300339251134e-02
2.913167183164579784e-04 2.912318528860873067e-04
8.178265118021428234e-03 8.111381097680782706e-03
7.182098589816561301e-04 7.176940335801176938e-04
9.449858949934786403e-06 9.449769650100613486e-06
1.461532152727575318e-06 1.461530016651341804e-06
0.000000000000000000e+00 0.000000000000000000e+00
0.000000000000000000e+00 0.000000000000000000e+00
0.000000000000000000e+00 0.000000000000000000e+00
0.000000000000000000e+00 0.000000000000000000e+00
0.000000000000000000e+00 0.000000000000000000e+00
2.896446213839105724e-06 2.896437824438436015e-06
2.141649007966592907e-03 2.137062347493268438e-03
9.030822873139988569e-05 9.030007315522327934e-05
3.195293278113064787e-03 3.185083378979910399e-03
6.172646951990562414e-06 6.172608850420168694e-06
1.388018771960477128e-07 1.388018579300866041e-07
2.257709443764942461e-08 2.257709392792423055e-08
1.397859058163945896e-05 1.397839518064481035e-05
3.036705733933466495e-05 3.036613518116321322e-05
8.679397421849434011e-03 8.604065482243027779e-03
1.544743063901391020e-03 1.542356832767919662e-03
2.112094568470335599e-03 2.107633625004173665e-03
2.454991563671585355e-05 2.454931293835808305e-05
3.522107675183259318e-02 3.398055250427411272e-02
4.686427373354084039e-04 4.684231113201511604e-04
4.510002875212756369e-03 4.489662749278328785e-03
2.440719201840783502e-04 2.440123490818559991e-04
5.417181029764025173e-05 5.416887571260932741e-05
1.871592585358737278e-05 1.871557556770681681e-05
2.162304642408991219e-07 2.162304174852854532e-07
8.037287690365980847e-14 8.037287690365334613e-14
0.000000000000000000e+00 0.000000000000000000e+00
2.532744935478007685e-18 2.532744935478007685e-18
3.225927265919453007e-06 3.225916859312728123e-06
7.251827835847985047e-06 7.251775246841024052e-06
3.294154765141964203e-03 3.283303309525256557e-03
3.613438591651503464e-04 3.612132897805939830e-04
3.901672299761768051e-03 3.886449253027039578e-03
1.871538126439054847e-05 1.871503099889467724e-05
2.810632503135472917e-08 2.810632424138922384e-08
9.137553854788834033e-07 9.137545505299789074e-07
1.934199284036886874e-08 1.934199246625618071e-08
1.452122829402935321e-07 1.452122618536864282e-07
3.875984631115974872e-03 3.860961374255327677e-03
4.129351151332455103e-04 4.127645997239354236e-04
7.949538299515628145e-04 7.943218783598081324e-04
5.457551134212178405e-06 5.457521349347796061e-06
4.500193015252457879e-02 4.297675643507187920e-02
1.883390887209219128e-05 1.883355415596878738e-05
1.435396371497700465e-03 1.433336008754391641e-03
6.915167315249671011e-06 6.915119495710673526e-06
7.480172364834205916e-05 7.479612835048129180e-05
6.147848640486989814e-06 6.147810844444083898e-06
0.000000000000000000e+00 0.000000000000000000e+00
0.000000000000000000e+00 0.000000000000000000e+00
0.000000000000000000e+00 0.000000000000000000e+00
0.000000000000000000e+00 0.000000000000000000e+00
0.000000000000000000e+00 0.000000000000000000e+00
0.000000000000000000e+00 0.000000000000000000e+00
8.550706141282092077e-04 8.543394683730636072e-04
5.501221763069429821e-06 5.501191499628543048e-06
2.074170836711136320e-03 2.069868652051273534e-03
5.275787777507640369e-09 5.275787749673703453e-09
8.745522098831915980e-09 8.745522022347759137e-09
6.486451614092361525e-10 6.486451609884955936e-10
9.703734154215429065e-09 9.703734060052973311e-09
4.746366079659450911e-09 4.746366057131459898e-09
2.031646056790776395e-02 1.990370199790041442e-02
2.263663555821364762e-02 2.212421828881826549e-02
3.471574659692039377e-02 3.351056353513880148e-02
3.647110278285578024e-03 3.633808864903601520e-03
2.133366270737368786e-01 1.678241106225381862e-01
6.486436625741007211e-02 6.065698024743463451e-02
1.214555865275200180e-01 1.067041270287761162e-01
2.524636052722970675e-02 2.460898180735884497e-02
8.828096212642342006e-04 8.820302684368375471e-04
1.113802165471855591e-04 1.113678109945474571e-04
3.327061886131013022e-06 3.327050816790218820e-06
7.818374030827430504e-14 7.818374030826819610e-14
1.539395184122236576e-07 1.539394947148483255e-07
2.642390920425893236e-06 2.642383938196116787e-06
3.449428495133661969e-08 3.449428376148092412e-08
6.139037459787697573e-05 6.138660581978371412e-05
3.592932368830046436e-02 3.463840738760179394e-02
7.311506558145700399e-03 7.258048429995892642e-03
1.553579867627891131e-02 1.529443763576904258e-02
2.601778473162638097e-04 2.601101548040297040e-04
1.228269842786550061e-04 1.228118978105880138e-04
4.228204093273296816e-06 4.228186215563442180e-06
1.639680411110244393e-07 1.639680142255059264e-07
4.274801149980898844e-06 4.274782876056027270e-06
3.714710063175318683e-03 3.700910992321862665e-03
9.304177446071319269e-04 9.295520674276520510e-04
4.813837726638155201e-04 4.811520423272314453e-04
5.046142532102992827e-06 5.046117068548538890e-06
3.365589687255274385e-03 3.354262493312315258e-03
4.426883955720964321e-07 4.426881995990808674e-07
1.435085922920282068e-05 1.435065328204220450e-05
3.302342475928187750e-06 3.302331570462359375e-06
4.642481919678328561e-05 4.642266393294582945e-05
8.791701731924072357e-09 8.791701654630052754e-09
0.000000000000000000e+00 0.000000000000000000e+00
0.000000000000000000e+00 0.000000000000000000e+00
0.000000000000000000e+00 0.000000000000000000e+00
3.048340019326682351e-08 3.048339926402913682e-08
0.000000000000000000e+00 0.000000000000000000e+00
2.641953374024651121e-05 2.641883574848346002e-05
3.729972960968400142e-02 3.590845978072846473e-02
2.156161390508021074e-03 2.151512358566103414e-03
4.103035591757532574e-02 3.934686581085241469e-02
9.435554320759978523e-06 9.435465291074638110e-06
1.760035307921506598e-08 1.760035276944263666e-08
8.781599473747268573e-06 8.781522357257950552e-06
2.292023273080608916e-07 2.292022747743540574e-07
4.989753526669638243e-06 4.989728629029381286e-06
1.848953005285914307e-04 1.848611142564338811e-04
9.206998180955467933e-05 9.206150492800427277e-05
1.483953108251574683e-03 1.481750991424085184e-03
6.908852264536799687e-05 6.908374942140667514e-05
2.269733778858692153e-01 1.754564636169476388e-01
2.969347691377508170e-06 2.969338874351795948e-06
6.157066680971379213e-03 6.119157210857451359e-03
7.735728697170330196e-07 7.735722713020482337e-07
7.746644825857928280e-06 7.746584815351869506e-06
2.051313923691958617e-05 2.051271844803823351e-05
0.000000000000000000e+00 0.000000000000000000e+00
0.000000000000000000e+00 0.000000000000000000e+00
0.000000000000000000e+00 0.000000000000000000e+00
9.506521565531268847e-15 9.506521565531178917e-15
0.000000000000000000e+00 0.000000000000000000e+00
0.000000000000000000e+00 0.000000000000000000e+00
2.013966178354692539e-06 2.013962122294925157e-06
1.317695137602130512e-07 1.317694963970083057e-07
1.414790303853318291e-04 1.414590140692930688e-04
3.040245041832372859e-07 3.040244117523381629e-07
1.120254482005025581e-08 1.120254469455324554e-08
2.489296940153903293e-06 2.489290743554646935e-06
1.097025318686420274e-08 1.097025306651774836e-08
1.178129017547818378e-05 1.178115137667998426e-05
1.566915489213174806e-02 1.542363247709813145e-02
1.804274267223276952e-03 1.801018861591912766e-03
1.438332426731308070e-04 1.438125546714329411e-04
3.806142680103013961e-05 3.805997812882000762e-05
8.888575117499439987e-03 8.809568349880010640e-03
6.213488275978136519e-06 6.213449668541580851e-06
6.664515589544983340e-04 6.660074012740654437e-04
4.476908423372060097e-06 4.476888380663028653e-06
1.607252515689492288e-04 1.606994189624573249e-04
3.486991975156604739e-05 3.486870384026256745e-05
0.000000000000000000e+00 0.000000000000000000e+00
0.000000000000000000e+00 0.000000000000000000e+00
4.268203108353007252e-12 4.268203108334789892e-12
3.035388893392329487e-17 3.035388893392329487e-17
1.939338854153903020e-09 1.939338850392867871e-09
5.391608675610827920e-15 5.391608675610798732e-15
7.727101853911308438e-02 7.130020823304113187e-02
8.011689414464538000e-03 7.947502247190695382e-03
9.137024141114531706e-02 8.302172039561434014e-02
7.265915130893413088e-07 7.265909851541144382e-07
1.228781716267467448e-08 1.228781701168422408e-08
8.872566847754871942e-11 8.872566846967648030e-11
1.601668844863206099e-06 1.601666279520117428e-06
6.534717656556303261e-06 6.534674954021452671e-06
1.069015336520031008e-03 1.067872542730316076e-03
6.431295117640938182e-05 6.430881502072036831e-05
4.215929751255328116e-03 4.198155687587808160e-03
5.821564383269332496e-04 5.818175322082477308e-04
2.845351350247717903e-01 2.035748919612066776e-01
4.867609882450565223e-02 4.630673622773261167e-02
7.755654886376653345e-02 7.154153059210872911e-02
3.089734281902491923e-04 3.088779636109215696e-04
1.543144802454746406e-04 1.542906672866612176e-04
3.612155240495983294e-04 3.610850473947839283e-04
4.541177715558463924e-14 4.541177715558257558e-14
0.000000000000000000e+00 0.000000000000000000e+00
1.015700545005279235e-23 1.015700545005279235e-23
1.164779600584606321e-07 1.164779464913454511e-07
3.926825042384243188e-06 3.926809622429329450e-06
3.688027124771170960e-05 3.687891109330440642e-05
4.922792220958509951e-05 4.922549882126002447e-05
1.962970779785472113e-04 1.962585454357242999e-04
2.619064701681802772e-04 2.618378751690643414e-04
3.590319031619707790e-07 3.590317742580632873e-07
4.290150113405966538e-08 4.290149929352086317e-08
7.790303374820058694e-06 7.790242685993386808e-06
4.076643152909139845e-06 4.076626533889743385e-06
1.456701416837638859e-05 1.456680197047460629e-05
2.306419533685291970e-02 2.253223823031641135e-02
1.327723491322711259e-02 1.310094994628609524e-02
2.825064133254500602e-04 2.824266034518800551e-04
3.744166558704215594e-05 3.744026370872022589e-05
2.974957400392872625e-02 2.886453685051349610e-02
2.746637293961897306e-05 2.746561853797651622e-05
2.822390697570651558e-03 2.814424808320918278e-03
7.023229723660582657e-06 7.023180397904830966e-06
6.153777499067103376e-05 6.153398809292023723e-05
1.430059585450943493e-04 1.429855078409149511e-04
6.904200593234990872e-11 6.904200592758311242e-11
2.654765061274706874e-10 2.654765060569929346e-10
0.000000000000000000e+00 0.000000000000000000e+00
2.055347363859203125e-06 2.055343139406416928e-06
1.400679048146345320e-05 1.400659429128386235e-05
2.313055754071604317e-04 2.312520731379459908e-04
1.485217569581948061e-01 1.264630446682457054e-01
6.670577720883891226e-02 6.225611649580366225e-02
1.681844435730367182e-01 1.398984365130647445e-01
3.503274099209588693e-03 3.491001169795396146e-03
1.851121288183222473e-07 1.851120945518220007e-07
5.267421998462616496e-06 5.267394252728106628e-06
5.730931297538622083e-07 5.730928013181268358e-07
2.109627442813467901e-06 2.109622992285520474e-06
1.624047737992890747e-03 1.621410206937610923e-03
1.745388675404535258e-05 1.745358211588252922e-05
2.423534414045922999e-02 2.364799223485273758e-02
1.485938681877202504e-03 1.483730668110903568e-03
4.673147726525219703e-01 2.489316759132436663e-01
7.924256610955042468e-02 7.296318182592395618e-02
1.541287448150945039e-01 1.303730748368179815e-01
1.250816765919535688e-02 1.235171340100481643e-02
3.665502378124265142e-03 3.652066470440230427e-03
2.677780499608356903e-04 2.677063448767948617e-04
4.301851019294577284e-05 4.301665960072655282e-05
0.000000000000000000e+00 0.000000000000000000e+00
0.000000000000000000e+00 0.000000000000000000e+00
8.607678691037526389e-07 8.607671281824281945e-07
9.312062774406249730e-06 9.311976059893134865e-06
4.499438318717336051e-05 4.499235869265496337e-05
4.654666192939820274e-04 4.652499601203050820e-04
5.697275834005904953e-07 5.697272588110712235e-07
1.146749611449979347e-04 1.146618107982843253e-04
4.454679562596578192e-07 4.454677578179577416e-07
2.270729373411560399e-07 2.270728857790371566e-07
1.361725217199435356e-07 1.361725031769878601e-07
3.340666295649946313e-03 3.329506244351054887e-03
2.039864933853144727e-03 2.035703884904781213e-03
1.021957259919295709e-03 1.020912863278194060e-03
2.937409391862703836e-04 2.936546554469163781e-04
5.784080036477299951e-04 5.780734478290462186e-04
4.329480126192601655e-06 4.329461381794438340e-06
2.703909040849120093e-02 2.630797799837264125e-02
1.208622026347479619e-06 1.208620565580276984e-06
5.832433971373479631e-04 5.829032242770436183e-04
5.159023570474340802e-06 5.158996954950140397e-06
1.685931636117925236e-02 1.657507981301292732e-02
3.712282242720855123e-05 3.712144432326359240e-05
0.000000000000000000e+00 0.000000000000000000e+00
0.000000000000000000e+00 0.000000000000000000e+00
0.000000000000000000e+00 0.000000000000000000e+00
3.338207651934982113e-10 3.338207650820618868e-10
0.000000000000000000e+00 0.000000000000000000e+00
0.000000000000000000e+00 0.000000000000000000e+00
1.387367279621078420e-01 1.194888482764759341e-01
5.964793290103990314e-02 5.609005700167294522e-02
1.759688834215926423e-01 1.450038354889505721e-01
7.707524592957130880e-07 7.707518652363595464e-07
8.290220241432867251e-09 8.290220172705115182e-09
7.409399704941033917e-09 7.409399650041830075e-09
1.044703217869593512e-06 1.044702126464780121e-06
1.089047738263246433e-06 1.089046552238270117e-06
4.364841154407030077e-04 4.362935970576709683e-04
1.142604218783045672e-06 1.142602913238644922e-06
7.340592351809867300e-02 6.801749391055372795e-02
1.425034308343935173e-03 1.423003585563977890e-03
4.547419429137061209e-01 2.479517082687737739e-01
1.577990665704015873e-04 1.577741660249911023e-04
5.368981426470897760e-03 5.340155464913108087e-03
3.270527762071798303e-07 3.270526692436614159e-07
1.293332684588534038e-04 1.293165413645231494e-04
1.650565926517685131e-06 1.650563202149807358e-06
0.000000000000000000e+00 0.000000000000000000e+00
0.000000000000000000e+00 0.000000000000000000e+00
0.000000000000000000e+00 0.000000000000000000e+00
0.000000000000000000e+00 0.000000000000000000e+00
0.000000000000000000e+00 0.000000000000000000e+00
0.000000000000000000e+00 0.000000000000000000e+00
1.912833750803947131e-04 1.912467857508125648e-04
1.304634301470682459e-08 1.304634284449975922e-08
8.338838457942900724e-06 8.338768921716072251e-06
1.828506333578470344e-08 1.828506300144116189e-08
7.214769261097222313e-09 7.214769209044327107e-09
2.290364322756605823e-11 2.290364322704148032e-11
2.367005001388004130e-07 2.367004441116736356e-07
1.970016630007252467e-07 1.970016241910700315e-07
3.425665211527232409e-03 3.413930029385764571e-03
2.156156485515683865e-03 2.151507474725652437e-03
1.027909457461833416e-03 1.026852859609093949e-03
6.175464333628575208e-05 6.175082970031215432e-05
8.801048736676019002e-02 8.026464148022553757e-02
8.508285100872175339e-05 8.507561191718598372e-05
4.559186888676064388e-04 4.557108270167476859e-04
2.125426291626156599e-06 2.125421774189235643e-06
4.603941326732778269e-03 4.582745050992780358e-03
7.142146603879564464e-06 7.142095593621453023e-06
0.000000000000000000e+00 0.000000000000000000e+00
0.000000000000000000e+00 0.000000000000000000e+00
0.000000000000000000e+00 0.000000000000000000e+00
9.716206964375322774e-13 9.716206964365881687e-13
0.000000000000000000e+00 0.000000000000000000e+00
0.000000000000000000e+00 0.000000000000000000e+00
1.438800734725843578e-01 1.231785979301080886e-01
7.438948861962281500e-02 6.885569260253382451e-02
1.734364254941501426e-01 1.433562318059622420e-01
4.262980950452215881e-06 4.262962777445632146e-06
7.398983089628363530e-06 7.398928344677602550e-06
7.578887831270518997e-11 7.578887830696123488e-11
1.612962246298315968e-05 1.612936229826236203e-05
1.270758800654232968e-07 1.270758639171440069e-07
3.552639404787687107e-03 3.540018158047237001e-03
4.084426707642642180e-05 4.084259882227341063e-05
2.265053111292819610e-01 1.752006551595091388e-01
1.796245053546071668e-01 1.473595424307198587e-01
4.483394659792712678e-01 2.473311892246931321e-01
2.575333324388187281e-02 2.509009907071144130e-02
9.415336416199925063e-02 8.528850817897720704e-02
2.192089051686029518e-03 2.187283797275507702e-03
2.286419512080657592e-04 2.285896740662135345e-04
2.636465146715309823e-05 2.636395637230611521e-05
0.000000000000000000e+00 0.000000000000000000e+00
0.000000000000000000e+00 0.000000000000000000e+00
0.000000000000000000e+00 0.000000000000000000e+00
1.486939657399398992e-13 1.486939657399177859e-13
0.000000000000000000e+00 0.000000000000000000e+00
0.000000000000000000e+00 0.000000000000000000e+00
7.362501246799478235e-04 7.357080604338565519e-04
2.480636355576170733e-06 2.480630202019442043e-06
8.533214457661328660e-04 8.525932882763284952e-04
4.604515305330935411e-08 4.604515093315323666e-08
5.852688608773912724e-05 5.852346069134400241e-05
2.477703784456549250e-06 2.477697645440505670e-06
9.833048736485972083e-05 9.832081848011431206e-05
2.516536077149413150e-04 2.515902781766653456e-04
1.272957326126303171e-04 1.272795284090889173e-04
4.948982261041933692e-05 4.948737336787732829e-05
1.630676544594536741e-04 1.630410633995227733e-04
1.467607444740844112e-05 1.467585906024725537e-05
1.684566030607455300e-02 1.656188403492689712e-02
8.937135559529817711e-06 8.937055687137809119e-06
1.078194798235109940e-03 1.077032294212168636e-03
9.413463599466051783e-05 9.412577466496666588e-05
1.891378261673583289e-06 1.891374684361854459e-06
3.461082275347138944e-07 3.461081077438087302e-07
0.000000000000000000e+00 0.000000000000000000e+00
0.000000000000000000e+00 0.000000000000000000e+00
0.000000000000000000e+00 0.000000000000000000e+00
0.000000000000000000e+00 0.000000000000000000e+00
0.000000000000000000e+00 0.000000000000000000e+00
0.000000000000000000e+00 0.000000000000000000e+00
5.832965388080867640e-03 5.798941902862318060e-03
6.070492953004814093e-05 6.070124444157889000e-05
3.620158706815138766e-02 3.489103216189844148e-02
1.760427295642318997e-08 1.760427264651276377e-08
3.203559926245176463e-06 3.203549663448975489e-06
6.292414996421082822e-14 6.292414996420686498e-14
2.039606690688644991e-05 2.039565090734117992e-05
9.664295458780389021e-07 9.664286118919717471e-07
2.362789186110613934e-02 2.306961458730601502e-02
3.411510248406866234e-03 3.399871846231881066e-03
3.703069617778290135e-03 3.689356893184177633e-03
4.871598437450339394e-04 4.869225190316762378e-04
1.167971342083183733e-01 1.031555636490424366e-01
5.242623264596513177e-02 4.967772277651626850e-02
9.239363202547605514e-02 8.385704878661698336e-02
4.704895423762398173e-03 4.682759382813857750e-03
2.077836123707120569e-06 2.077831806304163395e-06
6.919244309545212528e-06 6.919196433603397310e-06
0.000000000000000000e+00 0.000000000000000000e+00
0.000000000000000000e+00 0.000000000000000000e+00
0.000000000000000000e+00 0.000000000000000000e+00
0.000000000000000000e+00 0.000000000000000000e+00
0.000000000000000000e+00 0.000000000000000000e+00
1.205417250722896067e-07 1.205417105419821329e-07
3.276601112331631056e-03 3.265864997482297982e-03
9.908877129619677584e-05 9.907895271159978536e-05
2.733257948265508872e-03 2.725787249253752102e-03
1.316930536733727745e-06 1.316928802427689086e-06
3.900716502392693834e-05 3.900564346500373642e-05
1.518238991507035778e-09 1.518238989201986158e-09
2.984709833091805605e-04 2.983818983813030126e-04
1.443611941602263417e-03 1.441527926164326828e-03
1.414781481915116344e-02 1.394765415499417058e-02
2.286137898515771052e-03 2.280911472024740958e-03
1.375817663054527832e-03 1.373924788812555097e-03
4.186448024116734275e-04 4.184695389410871057e-04
3.709488638267014610e-02 3.571885578692694102e-02
1.938312834109906123e-03 1.934555777467030988e-03
3.809751133643007881e-02 3.664609096640066010e-02
1.191939660996136014e-03 1.190518940840680322e-03
8.755930568006119202e-06 8.755853901686006750e-06
1.201569187481558802e-09 1.201569186037790316e-09
0.000000000000000000e+00 0.000000000000000000e+00
0.000000000000000000e+00 0.000000000000000000e+00
0.000000000000000000e+00 0.000000000000000000e+00
0.000000000000000000e+00 0.000000000000000000e+00
0.000000000000000000e+00 0.000000000000000000e+00
5.307206181386164926e-06 5.307178014948713174e-06
1.697277133458034368e-02 1.668469636780438997e-02
5.015134249656949712e-03 4.989982678114867655e-03
2.502672417274929423e-02 2.440038724993041919e-02
7.238056169399661408e-06 7.238003779942549714e-06
1.115730052325663170e-04 1.115605566970696909e-04
1.570831541662387284e-05 1.570806866545064413e-05
1.115637684827910361e-03 1.114393037384102088e-03
1.836935504907828047e-04 1.836598071702908906e-04
1.186442440932795883e-02 1.172365984276330098e-02
2.508291093947968928e-03 2.501999569735990133e-03
9.957590529977336860e-03 9.858436920814643220e-03
2.107952880615856887e-03 2.103509415268960212e-03
1.184856159349743088e-01 1.044467747514840755e-01
3.677156985244780379e-02 3.541942150303435677e-02
6.399651920213854372e-02 5.990096473214885642e-02
1.413752933912587779e-03 1.411754236554441273e-03
2.919205991583200010e-04 2.918353815221070386e-04
1.274801313879337487e-05 1.274785062695438738e-05
0.000000000000000000e+00 0.000000000000000000e+00
0.000000000000000000e+00 0.000000000000000000e+00
0.000000000000000000e+00 0.000000000000000000e+00
0.000000000000000000e+00 0.000000000000000000e+00
0.000000000000000000e+00 0.000000000000000000e+00
0.000000000000000000e+00 0.000000000000000000e+00
3.107378320835270727e-02 3.010820320547300324e-02
7.823112543871191260e-03 7.761911453997116621e-03
3.433939477026519416e-02 3.316020073707708071e-02
2.561036685370928970e-05 2.560971096281890928e-05
2.786169856731345062e-04 2.785393582484289258e-04
2.625996594301727434e-05 2.625927635720594588e-05
1.390400964844830736e-03 1.388467750001789406e-03
5.504496212968884496e-04 5.501466265113025278e-04
2.514512491072011177e-02 2.451284760394439530e-02
3.082008126584131862e-03 3.072509352491801116e-03
3.219382402380573972e-03 3.209017979327816097e-03
5.911520592690830303e-05 5.911171131933651887e-05
3.188776947546984736e-02 3.087093963334914051e-02
7.362448551105335581e-03 7.308242902437662308e-03
3.032859390032307742e-02 2.940877029235236181e-02
1.115854793888922157e-03 1.114609661967877344e-03
5.386998130161924688e-04 5.384096155276488173e-04
2.315132379963066250e-07 2.315131843979272599e-07
0.000000000000000000e+00 0.000000000000000000e+00
0.000000000000000000e+00 0.000000000000000000e+00
0.000000000000000000e+00 0.000000000000000000e+00
0.000000000000000000e+00 0.000000000000000000e+00
0.000000000000000000e+00 0.000000000000000000e+00
0.000000000000000000e+00 0.000000000000000000e+00
1.106400960204685473e-02 1.094159729357267047e-02
4.241449324835749445e-04 4.239650335598234288e-04
7.248329185097220073e-03 7.195790909121688173e-03
6.587229123335355683e-06 6.587185731747832073e-06
1.011101730585551564e-04 1.010999497914592289e-04
2.027515597927924384e-06 2.027511487108424369e-06
1.203013704388261650e-03 1.201566462415315723e-03
1.272530070287953750e-04 1.272368137009975047e-04
4.159087666309330134e-02 3.986107564148866356e-02
8.172857659289732568e-03 8.106062056970722227e-03
6.542497386312351448e-03 6.499693114262447557e-03
9.843629057817758563e-05 9.842660087487479538e-05
4.830332667077191083e-02 4.597011530330860629e-02
4.068724108733178836e-03 4.052169592860191925e-03
1.579036852624842238e-02 1.554103278805368631e-02
8.142712013356648119e-04 8.136081637463402245e-04
4.561388745071176293e-04 4.559308118342810141e-04
8.206627359040006035e-05 8.205953871713904879e-05
2.326754825308764082e-06 2.326749411520746837e-06
1.385475378187520321e-11 1.385475378168324884e-11
0.000000000000000000e+00 0.000000000000000000e+00
7.818374030827430504e-14 7.818374030826819610e-14
0.000000000000000000e+00 0.000000000000000000e+00
1.093839036531737123e-05 1.093827071693358703e-05
1.450806994065067732e-02 1.429758584724786542e-02
1.191934452319370289e-03 1.190513744580744314e-03
1.195646201318114124e-02 1.181350502930849679e-02
8.427839770650355933e-04 8.420736922330380753e-04
5.655596125071456133e-05 5.655276267396156583e-05
3.449930955397713340e-05 3.449811935161742994e-05
5.736376018801746029e-04 5.733085417818838082e-04
4.102436652039592128e-05 4.102268352174752447e-05
5.096113462019940393e-02 4.836409737842131684e-02
7.273821188363757510e-03 7.220912713683467696e-03
1.512902281704098066e-02 1.490013548564243437e-02
4.289684545180774754e-04 4.287844405831058394e-04
6.270492304425633046e-02 5.877301567027021917e-02
6.439372047691410347e-03 6.397906535322820873e-03
1.464580471306693547e-02 1.443130511737364223e-02
4.069205945303197049e-03 4.052647508277906242e-03
1.573003681528735583e-04 1.572756247470525270e-04
3.947893891928653176e-04 3.946335305310460432e-04
1.181197813757055837e-06 1.181196418528780585e-06
4.462957496680637300e-15 4.462957496680617578e-15
0.000000000000000000e+00 0.000000000000000000e+00
2.407484856620323684e-11 2.407484856562363850e-11
5.563652149343153105e-06 5.563621195117914073e-06
9.310586229288820632e-06 9.310499542272887205e-06
9.809589818052622673e-03 9.713361765654180899e-03
1.451374826626668224e-03 1.449268337739302538e-03
1.081739836926355093e-02 1.070038226178420503e-02
9.415727298992044485e-04 9.406861706935145924e-04
5.700203915030864677e-05 5.699878991784135469e-05
1.594333518592400912e-05 1.594308099598715895e-05
1.142483773150027634e-04 1.142353246232836507e-04
7.930155385167488220e-05 7.929526511523158575e-05
8.127659120569491469e-02 7.467070692767727169e-02
2.292849600991718820e-02 2.240278008064040122e-02
3.214108023485571369e-02 3.110803119619228244e-02
2.714208936446578773e-03 2.706842006295892295e-03
7.810554332289768031e-02 7.200506742513262948e-02
1.531144296419423637e-02 1.507700267854846302e-02
1.979039427098310683e-02 1.939873456558214443e-02
8.432531899357654376e-03 8.361424305123970474e-03
3.121292729384622698e-04 3.120318482554371858e-04
1.096733286189060033e-02 1.084705047178709421e-02
1.888970045901981190e-15 1.888970045901977640e-15
6.121804163620510052e-13 6.121804163616762900e-13
0.000000000000000000e+00 0.000000000000000000e+00
4.750898646479311264e-10 4.750898644222207307e-10
3.203028566241728957e-06 3.203018306849732646e-06
1.989781269670315317e-05 1.989741677375304112e-05
2.054843332964973596e-02 2.012619521734667488e-02
2.438841120651025814e-03 2.432893174639247282e-03
2.201623961758120834e-02 2.153152481068245500e-02
3.106557184212533924e-03 3.096906486673751610e-03
1.495850980428773227e-04 1.495627223413208205e-04
1.562630663420634528e-04 1.562386481961608399e-04
2.864932786714785622e-05 2.864850708316061840e-05
3.709081186767396529e-06 3.709067429484146348e-06
7.530320046529398459e-02 6.963262846497773884e-02
4.052078205307125397e-02 3.887884827487875228e-02
3.114104218835474919e-02 3.017127767977785882e-02
1.416818922694056061e-04 1.416618185108085674e-04
1.055351405679825494e-01 9.439747467327871955e-02
4.807592928642071922e-05 4.807361799144396693e-05
1.151759201176940804e-03 1.150432651919445137e-03
1.761368682465872906e-11 1.761368682434848786e-11
5.625833549211278512e-05 5.625517049180044223e-05
1.383878702435427160e-03 1.381963582172372751e-03
4.498210548629245096e-17 4.498210548629245096e-17
0.000000000000000000e+00 0.000000000000000000e+00
0.000000000000000000e+00 0.000000000000000000e+00
0.000000000000000000e+00 0.000000000000000000e+00
0.000000000000000000e+00 0.000000000000000000e+00
2.685654543200367561e-18 2.685654543200367561e-18
4.658751471065331051e-02 4.441711818373797471e-02
5.011323714492546544e-03 4.986210349121110962e-03
2.421403471683189479e-02 2.362771523956395600e-02
2.759036972865685163e-05 2.758960850015508920e-05
1.618141411316210031e-08 1.618141385132393715e-08
7.388056504909026124e-09 7.388056450325647285e-09
1.981566677916184391e-07 1.981566285255534434e-07
3.083787235880951648e-14 3.083787235880856353e-14
1.086528102045644234e-01 9.684737703921532381e-02
7.242607775236520329e-02 6.718054101377354814e-02
6.230472713330853507e-02 5.842284811015250462e-02
2.667158074265806706e-04 2.666446701046494669e-04
1.395414305469072636e-01 1.200696197078299221e-01
7.535872937808418099e-05 7.535305043999070726e-05
1.463223855512951971e-03 1.461082831461609681e-03
2.499222236271430521e-05 2.499159775153567944e-05
1.332478312182230592e-03 1.330702813729794497e-03
1.209798629141989800e-03 1.208335016418915974e-03
6.671514193926804384e-17 6.671514193926804384e-17
0.000000000000000000e+00 0.000000000000000000e+00
0.000000000000000000e+00 0.000000000000000000e+00
0.000000000000000000e+00 0.000000000000000000e+00
0.000000000000000000e+00 0.000000000000000000e+00
0.000000000000000000e+00 0.000000000000000000e+00
9.060266511238988796e-02 8.239382218692201110e-02
1.013233683731945035e-02 1.002967258753455042e-02
3.102893691698513715e-02 3.006614199078689459e-02
3.892778436758827137e-09 3.892778421605103308e-09
1.837570834414350120e-09 1.837570831037683468e-09
5.695584395040682321e-10 5.695584391796714672e-10
2.125061263891065188e-07 2.125060812302527643e-07
7.466584000690488924e-10 7.466583995115501492e-10
9.784728677226844917e-02 8.827319524357390979e-02
2.786449709565418445e-02 2.708806689726046477e-02
6.441249036882737769e-03 6.399759347727594638e-03
4.900301314179840483e-04 4.897900018882865494e-04
6.502452416293041416e-03 6.460170528866886371e-03
2.523286594284070622e-05 2.523222924531701617e-05
8.327189960533313456e-05 8.326496539606925945e-05
1.550453531924959058e-09 1.550453529521052877e-09
2.238210769832149876e-03 2.233201182381957389e-03
4.585648130047901067e-06 4.585627101879128435e-06
0.000000000000000000e+00 0.000000000000000000e+00
0.000000000000000000e+00 0.000000000000000000e+00
0.000000000000000000e+00 0.000000000000000000e+00
0.000000000000000000e+00 0.000000000000000000e+00
0.000000000000000000e+00 0.000000000000000000e+00
0.000000000000000000e+00 0.000000000000000000e+00
4.185243720458323852e-02 4.010081070461965491e-02
9.651267952208695405e-03 9.558120979123365529e-03
1.942238667757155424e-02 1.904515757331844486e-02
2.033219040876836969e-06 2.033214906897168763e-06
1.012710900917651701e-07 1.012710798359314847e-07
2.225367986236030348e-12 2.225367986231078170e-12
1.520288526009438028e-06 1.520286214732235678e-06
5.408244073768243899e-06 5.408214824664282772e-06
1.302382861359387412e-01 1.132762749603120900e-01
1.087511369120615495e-01 9.692432713239559905e-02
1.251579797977633024e-01 1.094934598907059686e-01
1.844670855137780054e-04 1.844330574081400509e-04
1.463679575180936721e-01 1.249443785300752008e-01
2.891795808764432226e-04 2.890959560464473679e-04
2.178002006759339245e-03 2.173258314017891511e-03
2.594264853611709517e-04 2.593591832598641199e-04
1.178949944716382100e-04 1.178810952419167483e-04
3.673079175978947314e-02 3.538164069648845611e-02
0.000000000000000000e+00 0.000000000000000000e+00
0.000000000000000000e+00 0.000000000000000000e+00
0.000000000000000000e+00 0.000000000000000000e+00
4.075794756313289326e-14 4.075794756313123350e-14
0.000000000000000000e+00 0.000000000000000000e+00
2.795612775697736403e-14 2.795612775697658148e-14
1.648328104422391860e-01 1.376629550439520400e-01
2.358141961181958735e-02 2.302533626091087665e-02
5.637554465998350500e-02 5.319734262427371074e-02
7.751752557844660200e-06 7.751692468176941831e-06
3.977756792437328717e-09 3.977756776614779732e-09
1.297185909569789075e-09 1.297185907887097741e-09
8.790002895773234019e-08 8.790002123131724304e-08
1.139433567667375372e-03 1.138135258812248080e-03
9.873265887137648578e-02 8.898452094356489039e-02
1.017592684869213053e-02 1.007237736146219739e-02
1.839439912974123986e-04 1.839101559054779733e-04
7.142046896042550960e-06 7.141995887208685609e-06
1.447486791554166612e-03 1.445391573542442786e-03
2.511834562165526218e-09 2.511834555856213540e-09
3.751037663482840064e-08 3.751037522780004836e-08
8.836804648145439313e-09 8.836804570056322124e-09
2.401912380626970830e-04 2.401335462318549810e-04
4.008250912719524620e-03 3.992184837340207772e-03
0.000000000000000000e+00 0.000000000000000000e+00
0.000000000000000000e+00 0.000000000000000000e+00
0.000000000000000000e+00 0.000000000000000000e+00
0.000000000000000000e+00 0.000000000000000000e+00
0.000000000000000000e+00 0.000000000000000000e+00
0.000000000000000000e+00 0.000000000000000000e+00
2.982409903982520885e-02 2.893462215628790635e-02
2.865809348034104444e-05 2.865727219401911815e-05
3.110829828737543285e-03 3.101152566514180000e-03
8.563311775415303626e-10 8.563311768082273049e-10
1.595174544771372102e-08 1.595174519325553756e-08
1.580637520175316948e-08 1.580637495191167293e-08
5.975128985525151567e-08 5.975128628503488039e-08
5.889992378985392358e-09 5.889992344293382046e-09
1.400568519150386382e-01 1.204409301466875803e-01
1.413588736022323988e-01 1.213765424561404904e-01
1.235280794220987438e-01 1.082688930163864111e-01
1.675287253990287916e-03 1.672480666606905586e-03
1.517722483143921219e-01 1.287374329559866082e-01
7.625754858085214316e-05 7.625173336713657562e-05
5.209666018545301746e-04 5.206951956542823275e-04
1.376472862108283272e-08 1.376472843161507855e-08
7.132928660758319772e-03 7.082049989478852135e-03
2.583691421332443700e-02 2.516936807725774980e-02
0.000000000000000000e+00 0.000000000000000000e+00
0.000000000000000000e+00 0.000000000000000000e+00
0.000000000000000000e+00 0.000000000000000000e+00
7.639253897543508957e-15 7.639253897543450581e-15
0.000000000000000000e+00 0.000000000000000000e+00
0.000000000000000000e+00 0.000000000000000000e+00
1.736054414446005778e-01 1.434665921454259530e-01
2.900841356145593408e-02 2.816692550410347315e-02
4.558193418830811666e-02 4.350422146396086542e-02
1.815587871257267808e-06 1.815584574897949558e-06
2.199436472116838739e-07 2.199435988364759239e-07
2.622887767934126201e-08 2.622887699138723662e-08
7.195617725978138461e-08 7.195617208208993453e-08
8.169179317649987305e-09 8.169179250914496433e-09
8.373406832502185149e-02 7.672267412676242460e-02
9.895776373268239459e-03 9.797849983238505339e-03
7.150101960441146605e-03 7.098978002396442132e-03
6.438727061184021598e-07 6.438722915463404400e-07
4.556250969403709619e-04 4.554175027114090203e-04
5.893726810244022202e-06 5.893692074228308250e-06
1.011666413696885654e-08 1.011666403462196313e-08
4.245386378333107363e-09 4.245386360309802172e-09
2.741282522076577549e-02 2.666136223418152235e-02
6.030098523202976452e-05 6.029734902320981089e-05
0.000000000000000000e+00 0.000000000000000000e+00
0.000000000000000000e+00 0.000000000000000000e+00
0.000000000000000000e+00 0.000000000000000000e+00
2.627641687461184645e-17 2.627641687461184645e-17
0.000000000000000000e+00 0.000000000000000000e+00
0.000000000000000000e+00 0.000000000000000000e+00
3.160367299739755016e-03 3.150379378270490478e-03
1.361073103141078768e-06 1.361071250621086570e-06
1.745867177597704135e-04 1.745562372377522842e-04
3.863269403984891578e-09 3.863269389060041180e-09
3.331381855269398477e-09 3.331381844171293215e-09
4.794514661940362232e-13 4.794514661938063050e-13
2.766831306311816935e-08 2.766831229758262285e-08
1.077627548881910423e-06 1.077626387600776294e-06
1.206124817953364153e-01 1.060651110305060596e-01
1.003708826373290036e-01 9.029656855593252984e-02
8.806444641438847254e-02 8.030909969211577626e-02
6.186301935859680094e-07 6.186298108826515565e-07
1.303349966862864251e-01 1.133477853250721284e-01
7.508384609779594613e-11 7.508384609215836128e-11
2.714261019145779863e-05 2.714187347016979265e-05
3.589559075173587031e-09 3.589559062288652531e-09
2.488093096098495946e-04 2.487474035373010771e-04
1.689208769085812870e-04 1.688923426459257337e-04
0.000000000000000000e+00 0.000000000000000000e+00
0.000000000000000000e+00 0.000000000000000000e+00
0.000000000000000000e+00 0.000000000000000000e+00
6.394040127697407297e-18 6.394040127697407297e-18
0.000000000000000000e+00 0.000000000000000000e+00
2.524816561048920356e-18 2.524816561048920356e-18
1.316715953116151805e-01 1.143341862997094283e-01
2.104119447259824877e-03 2.099692128611488004e-03
8.304669461038667946e-03 8.235701926181560051e-03
1.493635485753190226e-06 1.493633254806225983e-06
7.723254975463826841e-07 7.723249010597085308e-07
3.170885761426429333e-13 3.170885761425423630e-13
2.826432021160803763e-08 2.826431941273624224e-08
3.259576773894861204e-04 3.258514289820369533e-04
7.859523900078921321e-02 7.241802740719803511e-02
2.485107994177922133e-03 2.478932232435195320e-03
6.043333184742360857e-03 6.006811308760552637e-03
5.589970439327521883e-07 5.589967314550570851e-07
4.843751679499568030e-02 4.609132376173018936e-02
3.398916194997768274e-12 3.398916194986215614e-12
5.717835913112696315e-09 5.717835880419048484e-09
1.359717961623349134e-09 1.359717959774516299e-09
2.076952837574000746e-02 2.033815506678933807e-02
1.389245636263131427e-05 1.389226336228752601e-05
5.283500517337995849e-05 5.283221363560828659e-05
5.864923935409198716e-05 5.864579962081517100e-05
0.000000000000000000e+00 0.000000000000000000e+00
1.027672784456112502e-06 1.027671728344760685e-06
0.000000000000000000e+00 0.000000000000000000e+00
4.492310478867478048e-14 4.492310478867276100e-14
6.536885435004574987e-03 6.494154563814200434e-03
2.241887326878340087e-07 2.241886824272461528e-07
1.123001636563329437e-05 1.122989025236572135e-05
7.802683494317238445e-10 7.802683488229051618e-10
8.308446854749051370e-08 8.308446164446159943e-08
7.956893461794925882e-12 7.956893461731614254e-12
2.927080659745728890e-08 2.927080574067716956e-08
2.355181156770959368e-09 2.355181151224080981e-09
1.026768273294609846e-01 9.213429645901703713e-02
1.430150063748912743e-02 1.409696771700502498e-02
2.300351686162827470e-03 2.295060068282795459e-03
1.090558071748496954e-09 1.090558070559179978e-09
9.222544681100550146e-02 8.371991377151589975e-02
1.779329627487606083e-13 1.779329627487289529e-13
2.574541263586373804e-08 2.574541197303746781e-08
3.310700298305232083e-09 3.310700287344495465e-09
1.885121987299009276e-03 1.881568302392011083e-03
1.206660249604344725e-05 1.206645689314765036e-05
6.438535611298054932e-05 6.438121063889875803e-05
0.000000000000000000e+00 0.000000000000000000e+00
0.000000000000000000e+00 0.000000000000000000e+00
0.000000000000000000e+00 0.000000000000000000e+00
0.000000000000000000e+00 0.000000000000000000e+00
6.263011451443086180e-20 6.263011451443086180e-20
2.911165068318376237e-02 2.826416247768404749e-02
4.812717082145098658e-10 4.812717079828874035e-10
8.661044662366631621e-06 8.660969648671987419e-06
2.603664550130163368e-10 2.603664549452256286e-10
1.037847784407724551e-07 1.037847676694922221e-07
2.776928967538868615e-12 2.776928967531157418e-12
3.387271363133964630e-08 3.387271248397891871e-08
2.422890585346523035e-08 2.422890526642535041e-08
7.904258509105022146e-02 7.279485483317429950e-02
1.987365533665394045e-03 1.983415911900992742e-03
3.339849752431779846e-03 3.328695156062961170e-03
9.150399072342998963e-10 9.150399063970018309e-10
4.007103137338408755e-02 3.846534381805735703e-02
8.648226619076645529e-12 8.648226619001853538e-12
2.177861558058025021e-08 2.177861510627215397e-08
2.244543964694869996e-09 2.244543959656892561e-09
9.097802881677816145e-02 8.270102708939164327e-02
1.283368131715254545e-01 1.118664755565024205e-01
0.000000000000000000e+00 0.000000000000000000e+00
0.000000000000000000e+00 0.000000000000000000e+00
0.000000000000000000e+00 0.000000000000000000e+00
2.099534741810162550e-14 2.099534741810118374e-14
0.000000000000000000e+00 0.000000000000000000e+00
0.000000000000000000e+00 0.000000000000000000e+00
3.705512383387579711e-03 3.691781561364140818e-03
5.147029438934443649e-06 5.147002947022398742e-06
1.383000957579339450e-04 1.382809688414472923e-04
1.006312958760059604e-06 1.006311946094288671e-06
9.444850026031280471e-07 9.444841105512079386e-07
3.017933178109918860e-12 3.017933178100810988e-12
1.503905091716728034e-09 1.503905089454997450e-09
4.028533280109635010e-09 4.028533263880554879e-09
8.232368186875704819e-02 7.554649327232873524e-02
3.797167707072859888e-02 3.652982881116489944e-02
6.002157248719143523e-02 5.641898332335625738e-02
7.688653768353643641e-06 7.688594652956873680e-06
1.135024700644032547e-01 1.006196593536825001e-01
1.127576152149084571e-10 1.127576152021941741e-10
7.529122857211412599e-08 7.529122290334502799e-08
3.123399980133361721e-08 3.123399882577087145e-08
5.551239315713280519e-03 5.520423057772960024e-03
2.056342051755369370e-04 2.055919197491987626e-04
0.000000000000000000e+00 0.000000000000000000e+00
0.000000000000000000e+00 0.000000000000000000e+00
0.000000000000000000e+00 0.000000000000000000e+00
0.000000000000000000e+00 0.000000000000000000e+00
0.000000000000000000e+00 0.000000000000000000e+00
0.000000000000000000e+00 0.000000000000000000e+00
4.463336070566516905e-02 4.264122381778315263e-02
2.293397951357552738e-06 2.293392691683389350e-06
3.962979692902247344e-04 3.961409172097611706e-04
1.108641545991852393e-07 1.108641423083244578e-07
1.078738134447826125e-07 1.078738018080229869e-07
5.621344140576370043e-13 5.621344140573210561e-13
2.051422418806671819e-08 2.051422376723332400e-08
7.985538297328826581e-09 7.985538233560004087e-09
3.422813061028059239e-02 3.305656568520616567e-02
2.746870752905910141e-03 2.739325453972740396e-03
2.546776176327934099e-02 2.481915487404818751e-02
3.040055495214895407e-03 3.030813557800909018e-03
1.034085490350764892e-02 1.023392162337225138e-02
1.569202466073706837e-12 1.569202466071244480e-12
4.684568564948979958e-08 4.684568345497153473e-08
5.478572741981332197e-06 5.478542727222042726e-06
4.651314324468552240e-05 4.651097977219101841e-05
2.274319993154047537e-01 1.757066850028024818e-01
0.000000000000000000e+00 0.000000000000000000e+00
0.000000000000000000e+00 0.000000000000000000e+00
0.000000000000000000e+00 0.000000000000000000e+00
1.017755028165372222e-17 1.017755028165372222e-17
0.000000000000000000e+00 0.000000000000000000e+00
3.178221212705073397e-12 3.178221212694972342e-12
3.420172025810734595e-03 3.408474449124596333e-03
3.543345490616473708e-05 3.543219937643815197e-05
2.182657617973361621e-04 2.182181218545632001e-04
1.542950348621184292e-06 1.542947967925406067e-06
3.188454372957165571e-07 3.188453356333036564e-07
1.772041134455701545e-12 1.772041134452561449e-12
2.537167204616724192e-11 2.537167204552352092e-11
2.446996989008020789e-12 2.446996989002033019e-12
3.178590069452734423e-02 3.077555721156498975e-02
4.958700857231559088e-03 4.934112143040050337e-03
5.919647284887486621e-02 5.569225045112728700e-02
3.716417525219223951e-05 3.716279407627006489e-05
7.087220179754502580e-02 6.584933280991307758e-02
1.681200887033378802e-10 1.681200886750735064e-10
2.625775926896805493e-06 2.625769032197587186e-06
5.902374815629673528e-05 5.902026435345031775e-05
4.634801318267760316e-05 4.634586504435162478e-05
6.137629699935864391e-04 6.133862650102511012e-04
3.741570621960073665e-05 3.741430628452882442e-05
1.555467528149837643e-09 1.555467525730358339e-09
0.000000000000000000e+00 0.000000000000000000e+00
3.869223566648486941e-18 3.869223566648486941e-18
0.000000000000000000e+00 0.000000000000000000e+00
5.625174185006998823e-14 5.625174185006682648e-14
1.351729671839020652e-02 1.333457940781720454e-02
7.739058177244479667e-05 7.738459247029771959e-05
1.187048325488384708e-04 1.186907417115680224e-04
1.815040176126774768e-07 1.815039846689690757e-07
7.509506779482406311e-08 7.509506215555485950e-08
2.641234854536160023e-07 2.641234156924004243e-07
1.677593078302103472e-11 1.677593078273960267e-11
6.888087750818456744e-12 6.888087750771010989e-12
