5.297875355261542907e-03 5.269807871981654901e-03
2.964099676931332590e-03 2.955313790036548111e-03
3.420053150279316490e-03 3.408356386728580989e-03
1.608968377931225928e-03 1.606379598690043297e-03
7.991050105243596366e-03 7.927193223459081881e-03
3.304463557576614325e-03 3.293544078173262380e-03
4.992610758137993980e-03 4.967684595955718790e-03
3.778753271299042406e-03 3.764474295013689117e-03
3.814364070540270883e-03 3.799814697277642192e-03
1.815606672100660273e-03 1.812310244512883818e-03
4.596291554522057140e-04 4.594178964916639948e-04
5.540453157437694263e-04 5.537383495318717787e-04
1.528628303047353462e-03 1.526291598558475937e-03
2.323388181344689281e-03 2.317990048703477256e-03
7.957435257576787272e-04 7.951103179988935161e-04
1.978333347458123993e-03 1.974419544624459073e-03
3.212695442679877784e-03 3.202374030672461552e-03
4.652801083576388677e-03 4.631152525653058766e-03
6.383037856169791573e-03 6.342294683896495047e-03
2.671087026163576888e-03 2.663952320262237550e-03
1.543917391877863178e-03 1.541533710964920279e-03
5.710265851867997976e-03 5.677658715768987840e-03
1.733955275267944204e-03 1.730948674371314598e-03
2.784014218034680608e-03 2.776263482868461530e-03
4.328269072397018108e-03 4.309535159233949565e-03
3.587592343709610811e-03 3.574721524884966976e-03
6.381245992843642169e-03 6.340525692422459281e-03
5.034727346159117121e-03 5.009378866708954700e-03
1.241021981039502724e-02 1.225620625465270556e-02
7.928058557012533300e-03 7.865204444529113811e-03
6.419133737412056374e-03 6.377928459473275122e-03
4.457883076146403577e-03 4.438010354625811400e-03
4.650321319470305040e-03 4.628695831095984946e-03
1.690569287063047217e-03 1.687711262548686293e-03
3.074509325445719645e-04 3.073564064686494317e-04
1.549725435698545120e-04 1.549485270805940086e-04
1.612585565740282025e-03 1.609985133533448163e-03
1.824260043119250432e-03 1.820932118414329056e-03
1.542339853678437829e-03 1.539961041454193007e-03
2.444867519249525629e-03 2.438890142062844109e-03
3.781390592287717494e-03 3.767091677476275356e-03
5.571348265867862720e-03 5.540308344368274213e-03
8.138613790416830349e-03 8.072376755987266742e-03
2.924281423497952347e-03 2.915730001654136955e-03
1.252800277759645023e-03 1.251230769223690481e-03
5.607405870658328621e-03 5.575962870060034715e-03
1.681787864180425479e-03 1.678959453760320818e-03
2.634106262275449396e-03 2.627167746474490858e-03
6.525824451543429765e-03 6.483238066771067516e-03
4.224698892195809241e-03 4.206850811466088594e-03
6.760867415887349130e-03 6.715158087672141833e-03
7.697932179649424021e-03 7.638674019806941488e-03
1.581160454544458527e-02 1.556159770714306105e-02
9.419069512326683213e-03 9.330350641848641352e-03
8.029538125148127231e-03 7.965064642644920784e-03
3.902318336762922776e-03 3.887090248361486488e-03
6.729516831601630063e-03 6.684230434814820640e-03
1.628131910811924689e-03 1.625481097292920700e-03
1.366250640890194381e-04 1.366063976808821209e-04
2.663577710741133029e-04 2.662868246119017295e-04
1.686492687298960522e-03 1.683648429714647591e-03
1.813886341877070287e-03 1.810596158215822208e-03
8.071420013535595761e-04 8.064905231432105935e-04
3.793729566257775503e-03 3.779337182235877231e-03
5.686715386069459560e-03 5.654376654187300705e-03
1.012310503412696717e-02 1.002062777859499994e-02
9.971147133903535478e-03 9.871723358737581958e-03
3.168920468944840842e-03 3.158878412006343051e-03
7.013355292552766280e-04 7.008436577306808310e-04
6.965209409014874037e-03 6.916695266903444272e-03
8.095927591038202045e-04 8.089373186682269215e-04
2.136384667706977668e-03 2.131820528258564044e-03
1.206805967973816410e-02 1.192242161530444183e-02
1.401819382943774242e-02 1.382168407119805514e-02
1.925486793920065318e-02 1.888411799984459488e-02
1.504269579498134814e-02 1.481641309820099818e-02
2.324646607499387951e-02 2.270606789001803835e-02
1.098712202915039411e-02 1.086640517866695188e-02
7.761245403607231787e-03 7.701008473392217425e-03
4.652569755171792783e-03 4.630923349845053431e-03
4.156132019398567704e-03 4.138858586035897361e-03
3.592864978044579653e-03 3.579956299294120327e-03
1.163554371579143262e-04 1.163418985701581169e-04
1.775240599948587749e-04 1.774925452029817066e-04
4.236719256150457517e-03 4.218769466095021771e-03
8.950100090578998191e-03 8.869995798947616708e-03
8.753566163171650621e-03 8.676941242598627466e-03
8.211509863063005260e-03 8.144080968831823517e-03
1.140818996969681677e-02 1.127804317131212569e-02
1.084855155100896036e-02 1.073086048025406226e-02
1.609538445301923401e-02 1.583632305232874141e-02
3.247715021363502957e-03 3.237167368503512856e-03
6.713258220306522750e-04 6.708751436713271442e-04
6.947704270273696511e-03 6.899433675646516988e-03
1.291209192160077757e-03 1.289541970982158994e-03
3.709082561433972493e-03 3.695325267986438768e-03
1.920171240008913122e-02 1.883300664099339314e-02
1.450763684289738467e-02 1.429716531613199094e-02
2.248512402355938231e-02 2.197954322120453455e-02
1.119169074260976775e-02 1.106643680093155092e-02
2.071119469989212911e-02 2.028224111399528837e-02
8.233115530477065971e-03 8.165331339138883274e-03
8.136862134279202255e-03 8.070653608886936212e-03
3.423285372956680166e-03 3.411566490211980808e-03
1.471480193420568678e-03 1.469314939460939591e-03
8.866216082752981665e-04 8.858355103990374520e-04
2.821842646615135646e-04 2.821046367022910233e-04
4.861081812878339896e-04 4.858718801239190273e-04
2.213558231486605944e-03 2.208658391442423676e-03
3.340773795088080450e-03 3.329613025538133170e-03
3.412034814922815847e-03 3.400392833344570345e-03
6.118669432546473656e-03 6.081231316921694927e-03
1.080179846208554478e-02 1.068511961207003168e-02
1.111948189631134162e-02 1.099583901866894517e-02
1.088788033822568960e-02 1.076933439996616802e-02
2.026228271510970534e-03 2.022122670502700132e-03
7.791054036974492643e-04 7.784983984673787480e-04
3.424271096374526414e-03 3.412545463833060403e-03
3.834695065555516254e-04 3.833224576930936711e-04
7.328924162687518520e-04 7.323552849749276252e-04
3.524229923840659778e-02 3.400027958279720069e-02
2.548649799771319710e-02 2.483693641752575745e-02
2.574751007068381767e-02 2.508457579584385394e-02
1.373140362182814767e-02 1.354285217640259324e-02
2.335266496061272692e-02 2.280731799985009911e-02
5.098838456232012740e-03 5.072840302629262263e-03
1.160293292341602403e-02 1.146830487099073301e-02
2.676664259962196341e-03 2.669499728401637274e-03
1.117120240071009388e-03 1.115872282440233051e-03
6.588443408751157955e-04 6.584102650096126767e-04
1.899422500748548044e-04 1.899061720164912958e-04
2.177984354714560184e-04 2.177509993129621941e-04
1.839041913595518924e-03 1.835659838435557863e-03
4.005479274115557667e-03 3.989435409900187954e-03
6.010161936935029536e-03 5.974039890426847271e-03
9.513690767491587638e-03 9.423180455472133718e-03
1.838704468832183525e-02 1.804896127595148961e-02
9.776035684924081620e-03 9.680464811211172624e-03
1.033295460112843879e-02 1.022618465033945691e-02
9.153727568952418122e-04 9.145348496111758421e-04
2.085704227511926581e-04 2.085269211299460568e-04
2.956435366278766311e-03 2.947694856203782621e-03
4.388542727010544698e-04 4.386616796283865209e-04
1.348126492649093667e-03 1.346309047608911348e-03
4.001775327659038567e-02 3.841633269928432237e-02
2.103038596010392558e-02 2.058810882647298807e-02
2.995604373057968867e-02 2.905867917459128633e-02
5.939635797719970342e-03 5.904356524310414023e-03
8.372339435280162084e-03 8.302243367660614576e-03
2.866872144070789063e-03 2.858653188180339862e-03
5.064957069080523559e-03 5.039303278968895045e-03
1.289061687415751258e-03 1.287400007381788065e-03
6.824131539523896686e-04 6.819474662397024666e-04
3.847738740060294800e-04 3.846258230719118800e-04
1.953257754428891447e-04 1.952876232843367833e-04
2.101318393472363926e-04 2.100876839573289473e-04
5.346678758070929271e-04 5.343820060696728887e-04
1.802297938920868802e-03 1.799049661060230475e-03
4.263378817206447437e-03 4.245202418267442386e-03
5.334263786251165415e-03 5.305809416109854779e-03
1.185468028887316089e-02 1.171414684412176374e-02
4.079895548965153766e-03 4.063250001274687842e-03
3.520827680702721431e-03 3.508431453145518727e-03
2.083328239136326965e-04 2.082894213481128781e-04
4.594532635200704502e-05 4.594321537899345243e-05
4.854385779284505755e-04 4.852029273155093812e-04
1.114856346424548207e-04 1.114732055957231937e-04
1.813169919099451549e-04 1.812841160583898758e-04
1.421356027659667065e-01 1.219330731923220223e-01
3.660529568520964200e-02 3.526534801300801325e-02
6.287356322596115987e-02 5.892047827323222686e-02
5.771753372093826363e-03 5.738440235105549646e-03
1.000231726535327076e-02 9.902270914676486804e-03
3.054380418449073337e-03 3.045051178708468170e-03
4.286418420960738662e-03 4.268045038081187334e-03
6.215672335585873537e-04 6.211808877327536661e-04
1.290537961927895648e-03 1.288872473696718720e-03
6.798797379535374569e-04 6.794175014954576593e-04
3.438983155270619770e-04 3.437800494756396413e-04
2.761912834815791521e-04 2.761150018565079571e-04
2.212595615976568723e-03 2.207700036616729988e-03
3.849845766377192786e-03 3.835024453952300474e-03
1.003230922867523293e-02 9.931662000215470826e-03
8.049272037141929834e-03 7.984481256814014369e-03
1.390560184490557266e-02 1.371223608223653100e-02
3.977151904481667465e-03 3.961334167210344911e-03
3.668494729202513484e-03 3.655036875624326914e-03
4.817287903158994138e-05 4.817055840531574916e-05
1.066803162872198189e-04 1.066689355973366810e-04
7.136410864942284394e-04 7.131318028938957772e-04
4.399142408634475307e-04 4.397207163241330916e-04
5.183726941399322908e-04 5.181039838899023945e-04
2.060403606880392147e-01 1.635877304555819201e-01
4.901836168763697849e-02 4.661556190509698328e-02
1.172799830276585048e-01 1.035253886086906355e-01
5.280954086003735413e-03 5.253065609945256099e-03
1.059233765122937626e-02 1.048014003431172424e-02
1.949279585394758868e-03 1.945479894492722038e-03
1.691399593415456861e-03 1.688538760830850857e-03
2.054327444079499354e-04 2.053905417954749498e-04
1.025783228835056970e-03 1.024730997602497744e-03
7.586734796890521161e-04 7.580978942402686422e-04
3.018054395641290612e-04 3.017143530407785418e-04
2.156842037150371390e-04 2.156376840393049580e-04
3.639851604070419924e-03 3.626603084370765961e-03
2.626556435199509185e-03 2.619657636492221404e-03
1.055794492375681549e-02 1.044647472274373365e-02
3.303358423361243360e-03 3.292446246488051845e-03
3.733440733787974589e-03 3.719502154075267266e-03
9.453619898455600410e-04 9.444682805537153074e-04
2.240932808643544220e-03 2.235911028790689165e-03
5.542376970824810796e-06 5.542346252882323653e-06
1.534767537015320862e-05 1.534743981901394251e-05
4.828412527027060039e-04 4.826081170273944869e-04
2.847503864722400707e-04 2.846693036896439971e-04
2.741660500250519216e-04 2.740908830020655630e-04
2.141984240905792647e-01 1.683174592076916165e-01
1.942361689708534955e-01 1.565084796343795548e-01
1.777666399379658480e-01 1.461656616631314409e-01
1.738625443031630302e-01 1.436343599915937130e-01
6.743647376504524615e-02 6.288879577118161590e-02
1.752911486706649688e-02 1.722184499904368463e-02
5.097565565928915271e-02 4.837713818939473609e-02
4.953762540296556202e-03 4.929222776990910444e-03
8.078045175603789166e-03 8.012790361744693765e-03
7.388800156677836559e-03 7.334205788922514013e-03
4.444895609598152261e-03 4.425138512617927608e-03
3.796205286141246093e-03 3.781794111566719185e-03
1.346571819363964924e-02 1.328439262716913163e-02
6.041831994952768375e-02 5.676794656400419026e-02
7.360087591445223232e-02 6.818378697907763464e-02
4.903499464926445311e-02 4.663056394901105711e-02
4.073886362292205437e-02 3.907920861363501502e-02
1.724926852196794272e-02 1.695173125742498871e-02
2.803741407415889439e-02 2.725131748619305169e-02
9.702662994839601025e-04 9.693248827920457680e-04
1.446868729285106614e-04 1.446659386373128249e-04
1.172364060356797860e-03 1.170989622866781474e-03
9.082346052761179145e-04 9.074097151778968019e-04
1.604286579270115939e-03 1.601712843841689811e-03
2.207168549802424329e-01 1.720009249078730540e-01
5.484869441022308806e-02 5.184031513171705186e-02
1.764079954433138975e-01 1.452882145869856534e-01
5.916530235124609072e-02 5.566476934893172662e-02
1.753955735714933795e-01 1.446319663430202240e-01
1.816001686374560950e-03 1.812703824249645677e-03
2.280746304818805775e-03 2.275544501111861212e-03
2.235406367219057357e-03 2.230409325592453643e-03
1.273031776052144627e-03 1.271411166149306188e-03
4.044089932820501242e-03 4.027735269435761198e-03
1.348544078690115536e-03 1.346725507557945331e-03
1.752545483669191821e-03 1.749474067996862475e-03
6.789298369383221961e-03 6.743203797034712232e-03
5.967196452722535807e-03 5.931589019217151440e-03
6.705097317731869601e-03 6.660138987691614602e-03
3.170218664688591748e-03 3.160168378306651722e-03
5.868527247347342379e-02 5.524131126818760534e-02
1.678953134385706772e-02 1.650764298111070949e-02
4.254792278634515930e-03 4.236689021300188256e-03
7.937306933003549769e-06 7.937243932162201427e-06
5.610852594524691380e-05 5.610537777856316463e-05
2.293760866085906708e-03 2.288499527175119359e-03
1.225165549848304322e-03 1.223664519223769190e-03
2.168694116153335738e-03 2.163990881983897559e-03
1.060062940430944777e-03 1.058939206993269591e-03
5.877564149726016013e-02 5.532106546384570750e-02
1.771569372333302583e-01 1.457723568234361444e-01
1.770127466163177177e-01 1.456792341516650047e-01
1.769265082806431022e-01 1.456235189482626424e-01
1.711173132822898513e-01 1.418361783773405271e-01
1.562725311261582966e-03 1.560283200863125377e-03
3.661484530442080023e-03 3.648078061475413213e-03
1.134711048583440275e-03 1.133423479419662979e-03
1.802886122594950236e-02 1.770382138884495776e-02
7.628575524404401266e-03 7.570380359872859628e-03
8.376763131277715005e-03 8.306592970720181116e-03
1.669950973824159690e-01 1.391077348326533736e-01
1.002329992299590307e-02 9.922833381649573750e-03
1.774663722512082598e-01 1.459720589712038552e-01
2.174125610865668547e-04 2.173652928648486273e-04
5.692934095502939773e-02 5.368839109345541205e-02
5.647579525542449630e-02 5.328627980569186628e-02
5.564057412872181613e-02 5.254470063934802565e-02
5.483062155659225103e-07 5.483059149262165175e-07
4.404610378534697313e-05 4.404416372608830401e-05
5.289830154530329644e-04 5.287031924223952340e-04
2.502339471539838118e-03 2.496077768709012001e-03
2.511055343597235184e-03 2.504749944658627055e-03
2.038266876675903783e-02 1.996721558070362404e-02
5.815713549039670111e-02 5.477488308194834038e-02
6.736489221037389452e-02 6.282686350785859908e-02
6.249967602041156013e-03 6.210905507014591841e-03
1.765535043786498337e-01 1.453823644702679219e-01
9.747643185268871358e-02 8.797477708595684287e-02
2.309982939944160013e-02 2.256622728115829229e-02
1.323208873838708837e-03 1.321457992114903309e-03
1.978691435357080117e-03 1.974776215560724787e-03
1.305187221182598813e-02 1.288152084359215320e-02
2.608938156040392729e-03 2.602131597738349417e-03
2.019471898260228465e-03 2.015393631512365710e-03
2.019068871699831839e-03 2.014992232591164816e-03
3.270540935898707223e-03 3.259844497885318066e-03
5.823729825316870112e-02 5.484571534534017634e-02
5.695740355624021034e-02 5.371325773637180417e-02
5.796633201523946483e-02 5.460623636793848767e-02
5.683332134802262375e-02 5.360329493257501993e-02
8.872925892399724903e-04 8.865053011010522914e-04
4.129931589586037715e-06 4.129914533251103063e-06
2.489689546632690970e-05 2.489627561092304760e-05
9.684570451207823692e-04 9.675191360725383461e-04
2.293218796041826286e-03 2.287959943595306925e-03
1.191748463590938277e-03 1.190328199190466901e-03
9.914304172512294032e-04 9.904474829789784111e-04
1.820796217649464600e-03 1.817480918783258032e-03
2.587571363857216374e-03 2.580875838294162655e-03
7.249967609797011020e-03 7.197405579453905466e-03
1.772425369916083848e-01 1.458276200723867266e-01
1.776647812421054407e-01 1.461000067483002596e-01
1.809619697522684700e-01 1.482147352556475450e-01
1.830030839999064463e-01 1.495129552464296296e-01
1.801182719725855086e-01 1.476756800741952369e-01
9.310761466392386554e-02 8.443858675551813020e-02
8.819096183518476684e-03 8.741319726024326595e-03
6.187875750253186632e-03 6.149585943952614805e-03
1.781872364293706767e-01 1.464365452030342296e-01
2.476741719356420277e-02 2.415399223912414323e-02
6.076545784438767972e-02 5.707301697734962209e-02
5.955902139782186938e-02 5.601174436795566813e-02
5.801385387299075325e-02 5.464824663179403130e-02
5.916351199719720871e-02 5.566319084535471112e-02
3.626908870345733421e-05 3.626777325666195184e-05
1.139033383499786410e-07 1.139033253760081545e-07
2.768714636978486535e-06 2.768706971197745604e-06
5.712199980345437911e-02 5.385907694190853606e-02
7.528966100815674169e-03 7.472280770268442326e-03
5.521800658710899340e-02 5.216897833565498077e-02
1.890663662276771293e-03 1.887089053192917516e-03
4.959337364023563843e-02 4.713387093121561983e-02
4.570779737853952057e-03 4.549887710441975937e-03
3.765465813797923972e-02 3.623678485849115422e-02
7.939299043267081246e-02 7.308974350282865240e-02
1.453025216544228393e-01 1.241896988552888270e-01
1.803983649843855508e-01 1.478547948953459756e-01
1.798191269162027761e-01 1.474842085112973433e-01
1.058015444985529879e-01 9.460757768027369674e-02
1.832033219219022027e-02 1.798469762055801904e-02
2.345318746610937019e-03 2.339818226587732537e-03
3.421318405895654342e-03 3.409612986261133759e-03
6.985101485557280998e-02 6.497185057921935070e-02
7.053642656814237966e-02 6.556103909513943950e-02
7.026432757044219490e-02 6.532725184151579045e-02
6.546526664751965707e-02 6.117956551028880946e-02
6.240648006938052939e-02 5.851191131473054002e-02
5.596887167725349277e-03 5.565562021757100922e-03
9.147684585920300940e-05 9.146847784587465739e-05
5.409588193831476233e-07 5.409585267467033717e-07
1.664167333894611266e-04 1.663890388603091175e-04
5.348359803095624303e-03 5.319754850512255565e-03
4.216860089310078656e-03 4.199078180297262548e-03
5.352248835581765660e-03 5.323602267983779460e-03
3.134579302167362930e-03 3.124753714765787001e-03
3.109836977273696366e-03 3.100165891248477575e-03
9.805784646420135850e-03 9.709631233888167332e-03
1.442704025542158614e-03 1.440622630636843003e-03
1.415981402639772749e-02 1.395931369313555687e-02
4.649133394801499390e-03 4.627518953478840756e-03
1.476629571381586903e-01 1.258586082273729922e-01
1.707680919189799584e-01 1.416063507013307632e-01
1.468412167730118005e-02 1.446849824786739305e-02
6.440283634152622894e-02 6.025511101269281911e-02
1.305121632184828677e-02 1.288088207436860824e-02
1.528167570880446975e-02 1.504814609633540502e-02
7.157719115992880465e-02 6.645389686558381137e-02
6.941213319331718257e-02 6.459408895887037982e-02
7.096707324581433274e-02 6.593074776073755416e-02
5.955422685956082880e-03 5.919955626587682096e-03
4.543289615822196565e-04 4.541225467768872761e-04
3.244329357780713265e-03 3.233803684798955327e-03
9.099151403620438354e-07 9.099143124164812275e-07
1.662483025834021525e-08 1.662482998195523399e-08
7.659589181681677650e-06 7.659530512375244737e-06
1.717257984826595432e-02 1.687768234962088582e-02
1.115657757802201167e-01 9.911885345477776388e-02
1.366541621898315628e-01 1.179798021460267687e-01
3.297268022422101836e-03 3.286396046010414684e-03
1.114718748127039617e-02 1.102292769252780427e-02
5.017977577192135955e-03 4.992797478226933088e-03
6.541174790715936771e-02 6.113305114288959674e-02
2.169971851707405263e-03 2.165263073870202660e-03
1.571400345491928002e-02 1.546707355033806464e-02
2.126288282592109051e-03 2.121767180731420378e-03
1.685373501769137916e-01 1.401325117722581337e-01
1.707350878222899382e-01 1.415846176086048847e-01
1.685778013855308566e-01 1.401593262655513594e-01
1.474632909195729424e-01 1.257178687507423398e-01
6.805527725253471272e-02 6.342375649061533782e-02
7.831809980161369422e-02 7.218437504507817237e-02
7.703656976877137907e-02 7.110193668703260195e-02
7.658025836239187867e-02 7.071572239154118311e-02
4.790698903449983580e-03 4.767748107466466753e-03
9.064563234699426000e-04 9.056346604035839199e-04
2.215813403667101986e-03 2.210903574627231388e-03
7.089204431918359380e-06 7.089154175098881917e-06
8.160688922983901051e-09 8.160688856387057230e-09
2.112685424053046214e-05 2.112640789656036028e-05
3.420588245771727636e-03 3.408887821824615940e-03
4.743019892249251274e-03 4.720523654550979296e-03
1.751326448614034526e-01 1.444612015652529946e-01
3.119337663844098853e-03 3.109607396383022668e-03
3.405574746354110213e-03 3.393976807001105201e-03
4.335743592784363498e-02 4.147756867760656746e-02
1.513172991772326371e-02 1.490276066742034222e-02
5.709588715828183697e-02 5.383594682789058505e-02
1.126356742856539535e-02 1.113669947734755548e-02
2.369551953105895707e-04 2.368990475460048899e-04
1.991490786761408033e-03 1.987524751207652568e-03
9.881230482151236866e-03 9.783591766309841439e-03
6.807359388386526045e-02 6.343957969959984622e-02
6.612706506813975649e-02 6.175427633361376539e-02
6.666127135347950372e-02 6.221754625501727670e-02
7.676637828250602869e-02 7.087330144789322217e-02
6.280126198505298074e-02 5.885726347813771686e-02
9.189132349170211003e-03 9.104692195839644148e-03
7.045525034464406771e-04 7.040561092163280348e-04
1.731583059058820645e-05 1.731553075259916423e-05
1.280830642318221452e-04 1.280666589604791226e-04
3.835475763271908396e-07 3.835474292184475283e-07
1.375452114541143903e-08 1.375452095622458712e-08
2.180912894455883769e-05 2.180865330645351659e-05
1.764884892245943346e-03 1.761770073563065321e-03
4.376846641456135813e-03 4.357689854933309570e-03
1.236599348970630063e-01 1.083681553983171508e-01
3.373650855932350777e-03 3.362269335834617689e-03
1.884884701149563621e-02 1.849356797783286918e-02
1.828361035710948657e-02 1.794931994941888556e-02
2.140071762518467799e-02 2.094272691031178954e-02
7.613905437320413194e-02 7.034189877235839938e-02
9.169304494191636914e-03 9.085228349284433721e-03
6.456968818361163553e-04 6.452799573729035149e-04
9.311937574816935535e-04 9.303266356677207007e-04
5.852133334840806111e-02 5.509658689153256600e-02
6.277612239847814302e-02 5.883528085508943350e-02
6.064029552085064417e-02 5.696305007999454689e-02
5.717524436857672476e-02 5.390623579997026044e-02
5.182102124325023429e-02 4.913560300055683921e-02
1.815864466930200427e-02 1.782890829307603314e-02
1.113234897533531276e-02 1.100841978162666289e-02
3.627339954269178691e-03 3.614182359125341082e-03
5.669597616435218153e-03 5.637453279302930345e-03
8.047894629269199129e-03 7.983126021305379447e-03
9.229867677800740119e-03 9.144677220451029320e-03
7.141526794112938693e-05 7.141016780063427728e-05
2.884084966454339601e-04 2.883253171844966868e-04
1.654219539315473358e-02 1.626855116472942370e-02
1.608223342676772319e-02 1.582359519477467835e-02
1.477141822564644325e-01 1.258947026167684391e-01
4.336746336480736767e-04 4.334865599602038730e-04
6.618225256690738259e-03 6.574424351142439497e-03
2.732083196129344582e-01 1.985655337072111115e-01
1.399196147080959129e-01 1.203421161280339019e-01
3.383563503613655210e-01 2.238713305315023772e-01
2.995812675634345820e-02 2.906063739759431538e-02
6.637834349748040000e-03 6.593773504893344836e-03
3.847841230289852682e-04 3.846360642076500965e-04
1.023062577066828627e-02 1.012596006700882366e-02
8.258655132280920755e-03 8.190449747686970317e-03
2.839819058331104207e-03 2.831754486047043454e-03
1.316753921298232082e-03 1.315020080408977731e-03
8.467812019898223602e-03 8.396108179493891321e-03
2.750924090106173468e-03 2.743356506756646808e-03
4.611946675570076024e-03 4.590676623431774218e-03
2.474233263436182318e-03 2.468111433194288429e-03
1.956701157341197723e-03 1.952872477922057426e-03
7.067020725610727999e-03 7.017077943674516170e-03
1.302533209808512881e-04 1.302363550532247406e-04
2.118449345122579825e-04 2.118000562359794673e-04
2.696026749578697311e-04 2.695299893555253077e-04
7.685430732402652454e-03 7.626364886860093235e-03
3.225062372100000012e-03 3.214661344796064697e-03
8.168808482409146976e-02 7.501514162186351253e-02
5.539203807868639095e-04 5.536135529986128305e-04
9.173983260048796870e-03 9.089821291193140446e-03
3.731233199514337462e-02 3.592012187622757591e-02
1.921954243228275738e-02 1.885015162097643943e-02
1.480750590509390119e-01 1.261488359379999424e-01
9.299919392342821667e-03 9.213430891638747094e-03
4.423694565699344723e-03 4.404125492088746541e-03
6.187341892747447918e-05 6.186959060750470206e-05
1.412234088497245181e-03 1.410239683376531558e-03
6.517415346687286878e-03 6.474938643886051642e-03
2.322735853901935577e-04 2.322196343717235342e-04
1.200083413022919775e-04 1.199939393003098562e-04
4.097848838930359715e-04 4.096169602419687467e-04
4.633512372114776713e-03 4.612042935212236003e-03
3.371037362156374239e-03 3.359673469259319856e-03
4.273086421404793597e-03 4.254827153839999855e-03
2.224687363691936742e-03 2.219738129825766203e-03
1.350641310483642610e-02 1.332398990987792957e-02
1.710572019680542052e-02 1.681311453335402467e-02
2.366698273645615803e-04 2.366138147573768199e-04
1.015723329689480095e-04 1.015620160301232612e-04
1.708777103390991467e-02 1.679577911500258411e-02
8.921982760316886016e-03 8.842380983941494632e-03
6.395627350161083025e-02 5.986586858139798101e-02
8.556916320966846332e-03 8.483695504042817331e-03
1.000236019484796596e-02 9.902312985380487195e-03
1.952754839674242932e-02 1.914622325035530981e-02
2.030879349038629614e-02 1.989634639735114036e-02
1.019929926399397169e-01 9.159042209228891729e-02
2.039118890631685249e-02 1.997538832130375461e-02
1.959182923273091598e-02 1.920798946004642627e-02
8.470414663447565226e-04 8.463239870990490457e-04
2.890537781263833456e-03 2.882182572598919728e-03
1.295911689973887988e-03 1.294232302865676960e-03
6.664481290756471565e-05 6.664037137647723123e-05
5.338962587501723154e-05 5.338677542286615575e-05
3.533087064796949892e-04 3.531838794376206234e-04
4.831658285196771541e-03 4.808313363411861191e-03
1.529054011938357814e-03 1.526716005766932949e-03
7.710737126443027549e-03 7.651281659409920992e-03
3.424836089831186873e-03 3.413106587588976559e-03
2.708737873523508338e-02 2.635365264848901767e-02
3.023970247255690271e-03 3.014825851199402686e-03
3.210672577814350104e-03 3.200364159412421011e-03
1.863059952840680732e-03 1.859588960452802052e-03
5.168386139656509087e-02 4.901263986770573733e-02
3.335050970192213887e-02 3.223825320454413307e-02
6.320498071483285352e-02 5.921011112767046031e-02
4.986037657600668818e-03 4.961177086077656929e-03
1.257797659854308775e-02 1.241977110322958940e-02
1.631929032156522602e-02 1.605297108496569342e-02
1.603633656343828040e-02 1.577917247306241319e-02
6.796030933767552296e-02 6.334170569240298032e-02
1.811775310041752879e-02 1.778950012300983818e-02
1.592310921922784894e-02 1.566956381202038937e-02
2.786725082693254901e-03 2.778959246006743305e-03
3.431254555982200284e-03 3.419481048154251676e-03
2.014283395072770464e-03 2.010226057477104613e-03
5.454019230735695578e-04 5.451044598158772455e-04
7.147431799737621275e-04 7.142323221604431538e-04
1.572146019090928451e-03 1.569674375985584966e-03
1.488453472400287983e-03 1.486237978660787454e-03
1.185629371219315813e-03 1.184223654213417904e-03
3.030039369582928927e-03 3.020858231001706442e-03
6.530343013511769046e-03 6.487697633637647295e-03
2.746310009876823735e-02 2.670887823173327333e-02
1.328326782112831256e-02 1.310682261712048900e-02
3.098216736675591613e-03 3.088617789728174880e-03
3.683917052188368305e-03 3.670345807340964252e-03
3.464943038564385902e-02 3.344884735959428174e-02
1.090293285590489963e-02 1.078405891104452889e-02
2.297589246241231106e-02 2.244800082796797464e-02
9.192232488273164789e-03 9.107735350154700857e-03
2.670830631029425667e-02 2.599497268432975419e-02
4.384624928411540168e-02 4.192375570783061361e-02
2.789801779893998773e-02 2.711971840183001470e-02
8.829624539003867734e-02 8.050001844006074436e-02
2.418993799889532573e-02 2.360478489850492689e-02
3.856463473149986804e-02 3.707740367952586102e-02
4.132977439307869080e-03 4.115895936794041268e-03
9.116415797666142448e-03 9.033306760670205271e-03
1.002773982295739053e-02 9.927184257000464668e-03
2.068228342846530760e-03 2.063950774368376873e-03
1.889436417468178713e-03 1.885866447492523653e-03
3.245014481586295640e-03 3.234484362600590756e-03
2.225309550657179978e-03 2.220357548060933935e-03
1.945188713010925080e-03 1.941404953881700063e-03
1.823662451449170347e-03 1.820336706712344767e-03
2.518940211249288269e-02 2.455489613370802349e-02
3.712059200648581969e-02 3.574265365557383750e-02
3.782068759254168105e-02 3.639028318256904565e-02
1.325316493691129638e-02 1.307751855606632124e-02
9.277502944549067404e-03 9.191430883662950538e-03
5.931901684947946812e-02 5.580027108949063563e-02
4.358112017677802374e-02 4.168180614091525349e-02
5.309476934192560588e-02 5.027571481045332163e-02
1.317401322828047790e-02 1.300045860374156835e-02
3.365398041540972746e-02 3.252139001760894627e-02
1.459218932782286454e-02 1.437925733844383665e-02
1.475465169553548395e-02 1.453695194887891576e-02
3.032738958314323136e-02 2.940763902421548656e-02
1.080891908718711186e-02 1.069208635535375332e-02
2.675326030436099567e-02 2.603752336744809964e-02
3.607431869371429799e-03 3.594418304679272962e-03
6.259284560103490005e-03 6.220105916899140025e-03
6.566555372006684099e-03 6.523435722553054018e-03
4.889896951616177698e-03 4.865985859418752932e-03
1.718875922224723371e-03 1.715921387788719565e-03
2.512173637126751454e-03 2.505862620743676706e-03
6.386389655414703107e-04 6.382311058131624401e-04
1.573275076650853480e-03 1.570799882184042724e-03
9.996601700511247458e-04 9.986608495955381914e-04
3.024938626253899712e-02 2.933436089327871518e-02
4.619610858103877227e-02 4.406202813300764964e-02
2.349119125050436185e-02 2.293935518413658947e-02
8.400630806398408368e-02 7.694924826944309071e-02
6.647091234303327545e-02 6.205253015531805860e-02
7.719883700075441668e-02 7.123917656648537378e-02
4.101975658246056339e-02 3.933713615237624528e-02
1.643366614328835643e-02 1.616360076037929444e-02
3.363917968643827250e-02 3.250758527646178953e-02
5.613348525533545103e-02 5.298251708842448976e-02
1.624705368958150736e-02 1.598308693598936292e-02
1.116769603372196745e-02 1.104297859902035779e-02
5.580419857113046167e-02 5.269008999296430351e-02
2.172558909730239532e-02 2.125358787567756952e-02
4.706289428517923534e-02 4.484797826668127790e-02
6.292522592448619723e-03 6.252926751872143335e-03
1.241054717606641586e-02 1.225652549485704498e-02
8.406127398921851498e-03 8.335464421074946506e-03
3.147480774649750838e-03 3.137574139422961202e-03
1.229135891627300111e-03 1.227625116587213608e-03
2.038131012919835658e-03 2.033977034894010171e-03
7.296478271211668479e-04 7.291154411695441621e-04
7.525098142714102718e-03 7.468471040656623865e-03
1.425901905597063736e-02 1.405569943153210308e-02
3.872548318986507310e-02 3.722582014157654884e-02
6.071809235796585269e-02 5.703140561837537897e-02
4.234744650615403921e-02 4.055414028056246456e-02
9.686410851126084354e-02 8.748145299357952542e-02
8.612644070085100079e-02 7.870867691305379055e-02
9.059675715556829434e-02 8.238898474846327591e-02
1.641117364661687575e-02 1.614184702615746245e-02
2.478471642784439710e-03 2.472328821100353274e-03
5.631059813812337722e-02 5.313971467545015176e-02
5.148392479749595158e-02 4.883333028494173111e-02
1.612539030043374025e-02 1.586536208809241622e-02
1.183336959798603726e-02 1.169334096194349706e-02
6.784053850647804584e-02 6.323819984162912244e-02
3.204217041466991128e-02 3.101546972978716510e-02
6.114889252998953473e-02 5.740970547234532789e-02
2.387019121440024649e-02 2.330040518578821440e-02
2.940805964264334854e-02 2.854322567069807887e-02
1.187170811563272380e-02 1.173077066204994412e-02
1.722128637061452272e-03 1.719162910018865158e-03
4.585592573251627904e-04 4.583489807326841608e-04
2.079088173754925148e-03 2.074765566120677363e-03
1.929412734173625464e-03 1.925690100674834222e-03
5.229444039293033863e-03 5.202096954332936264e-03
1.385288967522308942e-02 1.366098712286918648e-02
2.272577380383056581e-02 2.220931300884769477e-02
8.083491841307070824e-02 7.430063437822291561e-02
8.766623072133311600e-02 7.998086271244710110e-02
1.079921076747838715e-01 9.632981235474175064e-02
6.463684225111537840e-02 6.045892087491980260e-02
7.268859273590627668e-02 6.740496122197983664e-02
2.707711010007510244e-03 2.700379311093794536e-03
1.614560898032488560e-03 1.611954091139033030e-03
7.565818082822477197e-02 6.993402050198840869e-02
5.641340576703646886e-02 5.323093341680016494e-02
2.144936277834271626e-02 2.098928761474576354e-02
1.806040159333531167e-02 1.773422348762276196e-02
1.418418638629585504e-01 1.217227495188404895e-01
1.269095533888074390e-01 1.108035186474608802e-01
1.501959823310455300e-01 1.276371492226577864e-01
5.421993038731189735e-02 5.128012953610695118e-02
6.913792120924502904e-02 6.435786906010924902e-02
3.547259981205517360e-02 3.421429447462895346e-02
6.386826874055792982e-03 6.346035316536631846e-03
5.036059363698843459e-03 5.010697469784144466e-03
6.282727740901009050e-03 6.243255073034722005e-03
1.671729178734835536e-02 1.643782394264501137e-02
1.627944213652229508e-02 1.601442190024591691e-02
2.612450644566298094e-02 2.544201660863349562e-02
3.639016332734278797e-02 3.506591934035210162e-02
1.200239234297162533e-01 1.056181812342538578e-01
1.276013801110220947e-01 1.113192679047845524e-01
1.186749209718261228e-01 1.045911841041569507e-01
1.626293341805939985e-02 1.599845041469916823e-02
2.205912054728663765e-02 2.157251574796691454e-02
6.467899336306729037e-03 6.426065614482131746e-03
5.710108828534656879e-03 5.677503485700947754e-03
7.704343933349241946e-02 7.110774778915888994e-02
7.246849962056477190e-02 6.721681618330897778e-02
4.283167648854231679e-02 4.099712397772316969e-02
6.285419698824194767e-02 5.890354690920522607e-02
2.140254656159656932e-01 1.682185656838347809e-01
2.046950550936997848e-01 1.627949895138869896e-01
1.614899237032467183e-01 1.354109282455662755e-01
4.192729816365250994e-02 4.016939983234869144e-02
1.492056349191286380e-01 1.269433134275083364e-01
8.205949056766611086e-03 8.138611456844361408e-03
4.957003359190120979e-03 4.932431476887098529e-03
3.095497402803844972e-03 3.085915298633079475e-03
2.326655945098920694e-02 2.272522666230279015e-02
1.476170784008828084e-02 1.454379982173215763e-02
3.325377843589043259e-02 3.214796465562714395e-02
2.690319184462059213e-02 2.617941011319213293e-02
5.452709506900053904e-02 5.155389097233671614e-02
1.548123756184241750e-01 1.308455039738041226e-01
1.367230993888331469e-01 1.180298934823443974e-01
1.340641970161899899e-01 1.160909880945941858e-01
6.499024353070870881e-04 6.494800621316689729e-04
1.788222207434453414e-03 1.785024468771291605e-03
4.615607676375350454e-04 4.613477292953129145e-04
5.560791646915447034e-04 5.557699406541406371e-04
9.084704469559180817e-02 8.259385916566895636e-02
1.007667104505006322e-01 9.061278051548560253e-02
7.347257292115534633e-02 6.807435394950085705e-02
2.846805492201549548e-01 2.036375341158658814e-01
2.688826763742017678e-01 1.965847827200480347e-01
2.427089078353901197e-01 1.838012938927422180e-01
1.722050414394952211e-01 1.425504651423169511e-01
9.789465013601923726e-02 8.831128761076562084e-02
1.807100662893042498e-01 1.480539382310195051e-01
1.365113085018771107e-02 1.346477747669876449e-02
6.313972538808882221e-03 6.274106289588049501e-03
5.747081772925966524e-03 5.714052824021268601e-03
4.049373875816931340e-02 3.885399587955445239e-02
3.328943792682379638e-02 3.218125124933993858e-02
3.532552420441303909e-02 3.407763154409646639e-02
1.736780218013539712e-01 1.435139665445223922e-01
1.994632931694031996e-01 1.596776878474199246e-01
1.652843502441117274e-01 1.379654338084935206e-01
1.473578081455446664e-01 1.256434845240855247e-01
1.216069506976939774e-01 1.068187002397026075e-01
4.911306994560597718e-05 4.911065785196649366e-05
4.721689614099022878e-04 4.719460178817833996e-04
3.877731500314771530e-04 3.876227820155918324e-04
6.019918779594727720e-04 6.016294837383435535e-04
7.199418274159601061e-02 6.681102039296568651e-02
2.874619449494124068e-01 2.048275751553134127e-01
1.444205233610825201e-01 1.235632357931935321e-01
3.538038925460327278e-01 2.286266981653080621e-01
2.871585815913242357e-01 2.046985306097830193e-01
2.971807455321840430e-01 2.088643500171193101e-01
1.527348220485801739e-02 1.504020294619590366e-02
5.872890836201085339e-03 5.838399989427150646e-03
1.021892946549599057e-01 9.174664271288168749e-02
1.298156010764540784e-02 1.281303920481699672e-02
4.362777973648123558e-02 4.172439657174631389e-02
3.989527151763624241e-02 3.830363882817032495e-02
5.482026319467431935e-02 5.181500193794095349e-02
3.487361591395853055e-02 3.365744682704423230e-02
6.992129131990458546e-02 6.503230434006161687e-02
1.591920974318985216e-01 1.338499735471314622e-01
1.765450107474649255e-01 1.453768699276424270e-01
1.609140723476473467e-01 1.350207336681434611e-01
9.591593009923508883e-03 9.499594353455495868e-03
3.146032824063658669e-04 3.145043071810649910e-04
3.083121694663949492e-04 3.082171130725538770e-04
6.732867611656548562e-04 6.728334461028939511e-04
4.412729316127810453e-04 4.410782098126069255e-04
8.605484541867455470e-04 8.598079105447423371e-04
7.261008879607738775e-02 6.733786380110313996e-02
4.599806480678472198e-01 2.483984514709305091e-01
2.544222690722418023e-01 1.896915780723735789e-01
3.244811839024820399e-01 2.191931451957256638e-01
2.608741361738609044e-01 1.928188212494027776e-01
2.755480696221876413e-01 1.996213309496736588e-01
4.684722302426962137e-02 4.465256071918396324e-02
1.469196163871231559e-02 1.447610790191892170e-02
1.272506373866992280e-01 1.110579126713780174e-01
7.806902177984960389e-02 7.197424961818697786e-02
6.731790410172663885e-02 6.278620388907737992e-02
4.410993645291880899e-02 4.216424995903827327e-02
1.417010700179949234e-01 1.216218767737502204e-01
1.821069853764225033e-01 1.489440312535339483e-01
2.980478619282282415e-01 2.092153339282400437e-01
1.620191898967084099e-01 1.357689720019227553e-01
2.101972282647693868e-01 1.660143534945778265e-01
1.615872916649851720e-01 1.354768388373601973e-01
2.451998225991091490e-02 2.391875272988456744e-02
3.112886538494030113e-04 3.111917532233876289e-04
3.102497091356543491e-04 3.101534542536355985e-04
9.361391683308500911e-02 8.485035140825325506e-02
5.605979534951472309e-04 5.602836834296843344e-04
1.334582062769937572e-01 1.156471134543211460e-01
1.572934912891480255e-02 1.548193670489550998e-02
3.604916192782029460e-01 2.305374117083821284e-01
1.665985457956435378e-01 1.388434703344204046e-01
3.013401519144871532e-01 2.105342647586409544e-01
6.322424131992208929e-02 5.922693662944234633e-02
6.783345048059724602e-02 6.323207347649360821e-02
1.284016121899058185e-02 1.267529147886091272e-02
5.964053998760558174e-04 5.960497004750544506e-04
9.992331256364526959e-02 8.993864416995331346e-02
6.442562626644610102e-02 6.027496494662230864e-02
6.175345983436252711e-02 5.793997003284830083e-02
3.905873612017217444e-02 3.753315125286692949e-02
2.219972264712118948e-01 1.727144579103013500e-01
2.189770883764362575e-01 1.710261231426146722e-01
3.169246964456103322e-01 2.164834332284680807e-01
1.888535066313087873e-01 1.531878596643669876e-01
9.358624799935641447e-03 9.271040941789671780e-03
1.913314013930461979e-03 1.909653243414559214e-03
3.930729057622795852e-04 3.929183994530351782e-04
3.093967285667015743e-04 3.093010022310537736e-04
3.071947967391145166e-04 3.071004280959709282e-04
3.983709360393699250e-04 3.982122366366890325e-04
1.293101395450720515e-04 1.292934184328828763e-04
7.544111381004720007e-04 7.538420019351819512e-04
1.376116522921619068e-01 1.186746854455830447e-01
1.681376731651059997e-01 1.398673960277299899e-01
1.458155298418371548e-01 1.245533610987814566e-01
2.063704911164219169e-01 1.637817115127887524e-01
2.081812468853527429e-02 2.038473037298787344e-02
3.057394382879829661e-02 2.963917778755178339e-02
9.160412074048378261e-03 9.076498924682006864e-03
7.576753079661031551e-03 7.519345892430878524e-03
9.168065821506772572e-02 8.327531512431965433e-02
9.350342288353478970e-02 8.476053279259765372e-02
6.314460345739232594e-02 5.915736251160100267e-02
2.050335802059686241e-01 1.629948111938912536e-01
3.907813339559448318e-01 2.380712829875571424e-01
3.622690624846576224e-01 2.310301888511448465e-01
4.423075683148915971e-01 2.466715833262591029e-01
2.676801937178455715e-01 1.960275076090222390e-01
5.976320709794043229e-03 5.940604300567729930e-03
2.546686627990535703e-03 2.540201015209350016e-03
7.122299460380438971e-04 7.117226745420104916e-04
3.146282875787209925e-04 3.145292966193762745e-04
3.060710468124698965e-06 3.060701100176129434e-06
1.166364411378259698e-02 1.152760351976962229e-02
5.569545773938544293e-04 5.566443789925744302e-04
1.786545276537662985e-01 1.467370874025759608e-01
1.360139331928666151e-01 1.175141431702730332e-01
1.544344738255030436e-01 1.305844671197430584e-01
1.188550977502867562e-01 1.047285634890565420e-01
1.193074213838342668e-01 1.050731605865744683e-01
1.227815299448423852e-01 1.077062258492461622e-01
2.913581214870993308e-01 2.064685665306079942e-01
4.545089167013802861e-02 4.338510811652740440e-02
8.193089293438081400e-02 7.521822171735584317e-02
3.514581470743446401e-01 2.279353179294129617e-01
1.236817845923377651e-01 1.083846007523923266e-01
2.420773960382982815e-01 1.834759303656151586e-01
3.782012083473721420e-01 2.351650543519597514e-01
3.917152072925005890e-01 2.382744036682938882e-01
3.490822336520045255e-01 2.272238278005318524e-01
1.939032697806487848e-01 1.563047917490217320e-01
8.455428789101615723e-04 8.448279361500858706e-04
5.621422196923309090e-04 5.618262158171703118e-04
7.124288839872695367e-04 7.119213290725302009e-04
2.989143919943491488e-04 2.988250421806078151e-04
3.384036794209145270e-04 3.382891623706689118e-04
9.545790367960568863e-06 9.545699245846819971e-06
1.588942315705909095e-04 1.588689841937644882e-04
2.744484213122632535e-05 2.744408891186671679e-05
8.346851708678505169e-04 8.339884715333838704e-04
1.525578419556218590e-01 1.292839468134653613e-01
4.003240692373844639e-02 3.842981331963066238e-02
1.332211448765151934e-02 1.314463575322942501e-02
3.960147445290643220e-02 3.803319767406223434e-02
9.212529791574513628e-05 9.211681084522907817e-05
3.619157800481234005e-02 3.488174768633392486e-02
3.380897328600557250e-02 3.266592661135173103e-02
1.861272334340131548e-02 1.826628987314331959e-02
1.285237027348159200e-01 1.120053605701485933e-01
3.761709052834220635e-01 2.346663553016727632e-01
3.656950332845257945e-01 2.319621759155553742e-01
3.837193362341916880e-01 2.364788072341830472e-01
3.902171030094232496e-01 2.379477155283564183e-01
3.867216027279576918e-01 2.371680047114773648e-01
5.931493274259291154e-02 5.579667149633459056e-02
2.666364924594188252e-02 2.595269905483126374e-02
1.558461453520484973e-03 1.556032651418375783e-03
1.074528340939177222e-03 1.073373729783695793e-03
1.172140807653512851e-05 1.172127068512783101e-05
1.300791616655476845e-06 1.300789924596646811e-06
2.850415979439958973e-06 2.850407854568703178e-06
6.542734687698599809e-04 6.538453949979238129e-04
2.125670607979035865e-06 2.125666089503502168e-06
1.303822417422666191e-01 1.133827127805277640e-01
5.550219340927798478e-02 5.242169993603708333e-02
9.368882183630052041e-02 8.491122649922645815e-02
2.572485017726134846e-02 2.506308226061880473e-02
7.463247231264324988e-02 6.906246638914578795e-02
3.326909442130979860e-02 3.216226177769577338e-02
3.392743292076844802e-02 3.277636221617520607e-02
3.363818209293673728e-02 3.250665479841916700e-02
6.702111156159271891e-04 6.697619326764320171e-04
2.993980017107338298e-01 2.097588382823532549e-01
3.694739533620695071e-01 2.329629511490727833e-01
3.686732432012416183e-01 2.327532829487197752e-01
3.665917424205324404e-01 2.322022368096104405e-01
2.118548314268421939e-01 1.669723618279464750e-01
1.385762010652569556e-02 1.366558647150891044e-02
4.042705173800023588e-02 3.879270522577328573e-02
1.335265773644151062e-02 1.317436426781495862e-02
2.129799379015355053e-03 2.125263333620500648e-03
1.191957081917061675e-03 1.190536320231929367e-03
5.076296874925650406e-07 5.076294298046654643e-07
7.466729912255976689e-08 7.466729354735420618e-08
2.448285826112160570e-07 2.448285226701811910e-07
5.132560666670093222e-05 5.132297234880122858e-05
1.570449165341245777e-07 1.570448918710187657e-07
1.603627005644817638e-01 1.346465048321481284e-01
5.345121005180814705e-02 5.059417819580563219e-02
9.413793428755050374e-02 8.527598361562332974e-02
2.802038607346702195e-02 2.723524403776087649e-02
1.175590743553044520e-01 1.037389383920284541e-01
3.309670368870789442e-02 3.200131189364976286e-02
3.444408015335199275e-02 3.325768549574145694e-02
1.443081143461027680e-05 1.443060318629161552e-05
1.148945084960550210e-05 1.148931884212467711e-05
2.175950171952837076e-01 1.702474256870679103e-01
3.447453086706278591e-01 2.258959808202213870e-01
3.284299093160960581e-01 2.205637039827169632e-01
3.300394117729401056e-01 2.211133984495117777e-01
4.679152952156097334e-02 4.460208228659386098e-02
9.407738127599617195e-02 8.522682760824701331e-02
7.302028123836454276e-02 6.768831976623468361e-02
3.102985700926910381e-02 3.006700498325341753e-02
4.088552689427894619e-03 4.071836426333666839e-03
2.383529531064853884e-04 2.382961409762308078e-04
4.763528089421160176e-07 4.763525820301174175e-07
2.466773647778237209e-09 2.466773641693265013e-09
1.341725090623877738e-07 1.341724910601255746e-07
7.058944910888693188e-05 7.058446623856143081e-05
3.862405790560727793e-08 3.862405641378943209e-08
1.347676357245097822e-01 1.166053200857356253e-01
7.067345785486880971e-02 6.567872020970488833e-02
1.115276953768670753e-01 9.908926854079182223e-02
1.087460297659005870e-01 9.692033077605445579e-02
1.107903284393220722e-01 9.851583156362921090e-02
8.235079868189489061e-02 7.556914463834890627e-02
3.459414708235924313e-02 3.339739207000334137e-02
6.117439526879731694e-07 6.117435784573094946e-07
4.008038296826342729e-05 4.007877653116454332e-05
3.544377550600531501e-01 2.288116328480429285e-01
3.553644385134444583e-01 2.290805543534688016e-01
3.699646914830435063e-01 2.330908185388999299e-01
3.787096908768308734e-01 2.352886609128060635e-01
4.118071948409402494e-01 2.422220291181761131e-01
2.273332673961357131e-01 1.756528529311327802e-01
5.829332953287123115e-02 5.489521726484331704e-02
4.310177754962519342e-02 4.124401432168781773e-02
6.091245797184159086e-04 6.087535469647987205e-04
4.732331385509852876e-04 4.730091889475624952e-04
6.474155991697476483e-06 6.474114077001671739e-06
3.714327245784549127e-07 3.714325866161860241e-07
3.394951470967739836e-06 3.394939945272249780e-06
1.658541583700935977e-04 1.658266507682449502e-04
3.298781173150306495e-07 3.298780084954583834e-07
5.248691345586751350e-02 4.973203737174378830e-02
6.096547052635939781e-03 6.059379166670935887e-03
9.842193155568353113e-02 8.873505494453187703e-02
4.311969617133073335e-02 4.126038797342285874e-02
3.495662193886281410e-01 2.273696776509696593e-01
6.543109987537981155e-03 6.500297699228961557e-03
2.640203909486783518e-01 1.943136241119853835e-01
2.985043447511487240e-05 2.984954342667652015e-05
1.076495808406093327e-05 1.076484219973838246e-05
2.421827153644901531e-01 1.835302477431725032e-01
8.272659746153856715e-04 8.265816056226293635e-04
2.266397275958273172e-01 1.752741614711165186e-01
2.903497807205044356e-01 2.060467855560594308e-01
2.539672745090965078e-01 1.894678979875177305e-01
2.235928123623510677e-01 1.735990666222455292e-01
2.237128591134192046e-01 1.736654157807186460e-01
6.755707834200052036e-04 6.751143875365944909e-04
4.366060581154416857e-04 4.364154332654585598e-04
3.391195547160123043e-04 3.390045526436215209e-04
2.586622533433263364e-05 2.586555627271958576e-05
5.776441214151357249e-06 5.776407846878256444e-06
2.529495395030652862e-06 2.529488996683699569e-06
2.430965145563833332e-04 2.430374186409938711e-04
1.990408202826883168e-08 1.990408163209635176e-08
4.884391068882121522e-05 4.884152496120983979e-05
3.437271012800640485e-02 3.319122692646245265e-02
3.393199217448706478e-02 3.278061208155761547e-02
6.061543357312825647e-02 5.694120278586993489e-02
2.000888900813747595e-01 1.600533261473782720e-01
7.641639082811541028e-02 7.057692604092012656e-02
8.085392752672494743e-02 7.431656993022806024e-02
1.548878690525544270e-02 1.524888438545903002e-02
5.191512808708661196e-05 5.191243290656231648e-05
7.953946499264824554e-02 7.321293850133153702e-02
1.140328445093123644e-01 1.010293548824273552e-01
5.982367720364799996e-02 5.624480484948172349e-02
2.582244884664743334e-01 1.915446020227020152e-01
3.891617534659137512e-01 2.377148831052491307e-01
3.817689526186142102e-01 2.360214194351005212e-01
2.704866232841250384e-01 1.973236099084768602e-01
1.910139089214924479e-01 1.545275955200242357e-01
9.270694466813527779e-05 9.269835009054558242e-05
3.133130122898098086e-04 3.132148472461397009e-04
5.352194782018970256e-05 5.351908322129123426e-05
1.287653121683701343e-05 1.287636541178083570e-05
6.607458106547825460e-06 6.607414448045195500e-06
3.067593320708644398e-04 3.066652307830518677e-04
1.049547402886562205e-04 1.049437247911471586e-04
1.101599058091566261e-03 1.100385537606778054e-03
3.354327463821193261e-02 3.241812336475741879e-02
1.231266284433344821e-01 1.079664618115115382e-01
3.452647020173941171e-03 3.440726248728025009e-03
2.370613231604507543e-01 1.808632522218670824e-01
9.248831982603820945e-02 8.393423052179467547e-02
7.205542636476401641e-02 6.686344189615608946e-02
4.333456860740902972e-02 4.145668377101879160e-02
1.126007949581857639e-02 1.113329010556642247e-02
1.012977284232547126e-01 9.103649863954324517e-02
4.877596757637367442e-02 4.639687256336221671e-02
4.693138715746227735e-02 4.472883205693866521e-02
4.556238551159954436e-02 4.348645453809192596e-02
2.505084430533764950e-01 1.877539630123497005e-01
5.074618714970805140e-03 5.048866959868472844e-03
1.938540194009013840e-01 1.562746385630163215e-01
1.372124504495110253e-01 1.183851938911515134e-01
2.267617842587952431e-02 2.216196935787720021e-02
1.750076301789785802e-03 1.747013534727699571e-03
4.741973015652935566e-05 4.741748152572123693e-05
2.000548931412934799e-05 2.000508909452665009e-05
1.031768586849251355e-05 1.031757941385083345e-05
7.975342621432231693e-04 7.968982012439307936e-04
1.731560766480332372e-04 1.731260936211531025e-04
1.008299449552607857e-03 1.007282781772639866e-03
