8.343409537273150864e-03 8.273797054566489617e-03
3.116543600399828643e-03 3.106830756386635712e-03
4.320085975286385924e-03 4.301422832452520169e-03
8.127029613892201854e-04 8.120424752857694157e-04
3.571950639210013864e-03 3.559191807841061150e-03
9.959032161401574438e-04 9.949113929242391682e-04
2.018510113155294432e-03 2.014435730078384217e-03
1.179140626709514325e-03 1.177750254091957521e-03
5.847754028954925192e-04 5.844334406236609096e-04
6.469231728871540146e-04 6.465046632955355780e-04
4.780502812536586060e-05 4.780274280465179312e-05
1.861860746801704907e-04 1.861514094257656841e-04
5.885052581968573584e-04 5.881589197579320093e-04
3.174848714752202816e-03 3.164769050390639146e-03
1.304643318456451826e-03 1.302941224268058720e-03
2.451928200277212269e-03 2.445916248377897478e-03
1.347848712317156012e-03 1.346032016165861012e-03
2.678531986684098195e-03 2.671357453080408333e-03
1.373428376035436618e-03 1.371542070531337181e-03
5.836690692183941305e-04 5.833283996360318774e-04
1.192960232042562969e-03 1.191537077927327893e-03
2.643035200840269505e-03 2.636049565767388785e-03
2.210901529084927271e-03 2.206013443513617049e-03
6.770887034625982376e-03 6.725042123390315846e-03
1.013315180532966923e-02 1.003047103981981325e-02
6.528358290858413474e-03 6.485738828884593347e-03
5.268827174224299283e-03 5.241066634432454442e-03
1.208658003995661265e-03 1.207197149825038575e-03
3.417874626190565111e-03 3.406192759230207943e-03
4.555081195592202477e-04 4.553006319122358705e-04
1.165206873468687147e-03 1.163849166410708567e-03
5.707544424246570542e-04 5.704286817911095658e-04
7.878735762102194277e-04 7.872528314381291780e-04
4.566051965692461334e-04 4.563967082637120825e-04
4.649840034899038331e-05 4.649623824775536956e-05
5.429810755699258570e-04 5.426862471214987348e-04
1.167096923820619457e-03 1.165734808591027986e-03
3.788170767927313744e-03 3.773820530160334683e-03
2.619378608225160672e-03 2.612517463931933199e-03
1.920850637268886303e-03 1.917160970098189931e-03
7.381419952439725136e-04 7.375971416388297803e-04
1.089067888545670187e-03 1.087881819679808798e-03
1.468329169563623764e-03 1.466173179013432418e-03
4.376790569254585504e-04 4.374874939685874094e-04
7.297773180992346998e-04 7.292447431652225977e-04
1.630577129648194982e-03 1.627918347872463157e-03
1.632364523540599625e-03 1.629699909602885712e-03
4.785769850708031410e-03 4.762866257644085034e-03
5.284054900533088905e-03 5.256133664341241379e-03
4.392323641672584919e-03 4.373031134699389109e-03
4.899543936274700258e-03 4.875538405491213964e-03
1.120995931968854151e-03 1.119739300089363536e-03
3.491035747090528735e-03 3.478848416503064773e-03
1.822219550011047046e-03 1.818899065922604521e-03
1.662726467481160991e-03 1.659961808175498691e-03
1.341573867749019542e-03 1.339774047306392483e-03
4.555358180330208034e-03 4.534606892179106688e-03
9.242307491075452608e-04 9.233765466299493707e-04
3.687067805265251434e-04 3.685708358365188974e-04
2.005752389310323856e-04 2.005350085045601511e-04
1.186247283346325435e-03 1.184840100729078879e-03
1.844622485856706184e-03 1.841219853741377999e-03
5.863479779301812534e-04 5.860041739789584054e-04
6.865736082157522860e-04 6.861022248962539210e-04
8.403700190731823840e-04 8.396637973042252873e-04
1.097230934503721621e-03 1.096027018780089748e-03
2.459068662537720884e-03 2.453021643850645649e-03
8.666200849213704120e-04 8.658690545497812639e-04
9.870993246392893716e-04 9.861249595625859714e-04
1.552209712157948856e-03 1.549800357167431314e-03
1.633481052915351133e-03 1.630812792565117632e-03
4.406259514623069029e-03 4.386844391712862654e-03
3.198057101505673988e-02 3.095781409260765088e-02
1.559389093532075748e-02 1.535072150081807918e-02
2.555434843028324410e-02 2.490132370658692390e-02
4.751929338525101403e-03 4.729348506086765783e-03
9.586380172945947742e-03 9.494481488125696908e-03
1.184325556484950963e-03 1.182922929461207532e-03
2.106971182215144900e-03 2.102531854652459845e-03
2.368359726463845679e-03 2.362750598669909920e-03
1.067967696043409720e-03 1.066827141043617550e-03
1.043637375283158102e-03 1.042548196312070245e-03
4.096699577596082053e-04 4.095021282853174380e-04
9.378853083285845164e-04 9.370056794770058881e-04
2.126623239634414970e-03 2.122100713231061912e-03
5.593934218824672851e-03 5.562642118780135488e-03
3.173324276666230660e-03 3.163254289701351342e-03
2.528096789395330429e-03 2.521705516018779309e-03
2.281385335199964497e-03 2.276180616152298931e-03
2.139712064321877896e-03 2.135133696603673178e-03
5.105114078095342699e-03 5.079051888344975063e-03
1.511057333265797666e-03 1.508774039001381387e-03
1.324096329048088340e-03 1.322343097959489608e-03
1.593213623013245385e-03 1.590675293364690341e-03
2.546867497533551652e-03 2.540380963483558630e-03
5.579615153435016871e-03 5.548483048174575327e-03
3.488084612608929533e-03 3.475917878344210541e-03
2.760849124062256243e-03 2.753226836176420750e-03
6.043956095246575885e-03 6.007426689965307716e-03
7.644135734701295931e-04 7.638292453588242355e-04
3.953867181199269797e-03 3.938234115512704962e-03
1.292270343159856744e-03 1.290600380520046282e-03
1.928792619516461054e-03 1.925072378547359802e-03
1.591054373051382052e-03 1.588522919033376075e-03
1.030770447044626658e-03 1.029707959330126120e-03
4.727473206923232612e-04 4.725238306631014836e-04
1.799518283672054493e-04 1.799194457066727510e-04
2.995056119941644245e-04 2.994159083825484132e-04
7.627486226078794736e-04 7.621668371465892397e-04
2.790579644594464240e-03 2.782792309841639403e-03
3.691177948549137912e-04 3.689815469084352568e-04
4.273020047893495363e-04 4.271194177860525537e-04
2.691172652897467457e-04 2.690448411872697096e-04
7.103862156649366722e-04 7.098815670895299457e-04
2.964973261105899576e-03 2.956182194666826836e-03
1.693623738772719869e-03 1.690755377404185326e-03
1.862641888157000802e-03 1.859172453353483741e-03
8.407719443206525213e-04 8.400650468582957549e-04
1.187429193115719208e-03 1.186019205027055842e-03
3.642416276725271920e-03 3.629149080392318587e-03
1.433361576494713435e-02 1.412816322404999297e-02
6.306352891761944114e-03 6.266582804966509823e-03
2.190450746141254720e-02 2.142470001428547002e-02
1.915266834591048935e-03 1.911598587543364468e-03
6.276994119211790762e-03 6.237593464039171282e-03
1.527904454663702154e-03 1.525569962641120953e-03
2.698041061444467117e-03 2.690761635875226886e-03
2.891273981872885274e-03 2.882914516634630352e-03
1.339062044773377301e-03 1.337268957613624645e-03
2.045339717409607599e-03 2.041156302849994348e-03
2.630910275846785385e-04 2.630218106958829845e-04
6.884415160717851636e-04 6.879675643507339455e-04
1.308373802292658568e-03 1.306661960286132924e-03
2.335846440339374268e-03 2.330390261746527990e-03
5.365139157357778606e-04 5.362260685539997152e-04
4.367993578905301219e-04 4.366085642114765348e-04
8.511229180543173007e-04 8.503985078326800270e-04
1.089624547859708312e-03 1.088437266204409903e-03
3.194550253028523475e-03 3.184345101709399033e-03
1.711065347401333290e-03 1.708137602778255675e-03
1.470252190186537109e-03 1.468090548683788745e-03
1.058328974420056452e-03 1.057208914201959379e-03
1.689629159276722888e-03 1.686774312580844714e-03
3.233936814008064268e-03 3.223478466691067842e-03
3.497731342592475239e-03 3.485497218047521606e-03
3.195719701249678628e-03 3.185507076840723203e-03
4.649928865846731339e-03 4.628307027389296467e-03
3.465255963728873056e-04 3.464055163839457364e-04
3.340250149192826833e-03 3.329092878133644001e-03
7.761109565400089788e-04 7.755086083231475542e-04
4.050866479495131289e-03 4.034456960260434169e-03
3.119038844039608363e-03 3.109310440728980333e-03
7.553564665961308693e-04 7.547859032045022964e-04
2.766375993311358142e-04 2.765610709697721432e-04
1.000432623706975870e-04 1.000332537163518110e-04
4.145367217479413230e-04 4.143648810542637992e-04
4.395888234316979153e-04 4.393955850980118464e-04
1.355984658218703683e-03 1.354145963825379275e-03
4.320127550393288124e-04 4.318261200188121176e-04
4.402278889481421598e-04 4.400340883539344207e-04
2.669398062523753012e-04 2.668685493922132211e-04
1.109149792865367573e-03 1.107919579602354354e-03
1.849971028081669319e-03 1.846548635276927790e-03
1.273007538766185573e-03 1.271386990572430072e-03
1.185914140698576206e-03 1.184507748349467472e-03
9.407750548987900809e-04 9.398899971948702567e-04
1.320006942663531522e-03 1.318264524334851560e-03
1.720376368146502239e-03 1.717416673298425298e-03
7.504583931402052273e-03 7.448265151418594597e-03
8.190368096617653068e-03 8.123285967059560089e-03
2.047060294039879796e-02 2.005155735565533268e-02
2.142654827982087753e-03 2.138063858270212655e-03
1.547265704395375634e-02 1.523325392795394501e-02
4.328843720255941448e-03 4.310104832301542288e-03
6.438022074162379205e-03 6.396573945934977065e-03
4.841605268871961715e-03 4.818164127292392553e-03
2.418687538802350486e-03 2.412837489391992784e-03
4.748832497851555043e-04 4.746577356842289963e-04
6.616081260685527583e-05 6.615643535373047751e-05
1.301828892106258106e-03 1.300134133641935507e-03
1.843827899286979875e-03 1.840428197964790900e-03
2.750217889091868383e-03 2.742654190654387428e-03
1.729057132525665995e-03 1.726067493958128056e-03
9.780756788308078795e-04 9.771190467972874338e-04
6.034429176211294045e-04 6.030787742663022786e-04
2.939704535014855350e-03 2.931062672261668545e-03
3.652445184951803696e-03 3.639104829122725981e-03
1.965016080344197860e-03 1.961154792148186565e-03
1.893205044205260130e-03 1.889620818865855824e-03
2.046629234880537659e-03 2.042440543655470002e-03
1.964421730227400732e-03 1.960562777493211201e-03
1.914354626865793704e-03 1.910689873228391209e-03
8.972222229423461315e-03 8.891721457689301389e-03
1.026297228788713121e-02 1.015764368770519233e-02
5.016377775127427163e-02 4.764737315299503312e-02
6.362922742079560150e-03 6.322435956257886625e-03
1.981191074281498862e-02 1.941939893553372085e-02
5.292232204492253005e-03 5.264224482785987910e-03
5.145087356288283176e-03 5.118615432384445926e-03
1.805559400679198137e-03 1.802299355929817132e-03
8.603539585446159487e-05 8.602799376512175553e-05
3.922625108249886382e-04 3.921086409475899319e-04
4.537532014686456984e-05 4.537326122718613700e-05
4.388726919707832265e-04 4.386800827310255294e-04
1.479283849561037912e-03 1.477095568853465735e-03
2.022005430350924064e-03 2.017916924390555228e-03
2.432450608510142512e-03 2.426533792547301040e-03
5.869711662980813590e-04 5.866266311480160429e-04
4.210317114002097788e-04 4.208544436982052041e-04
2.715781177086419758e-03 2.708405709684602852e-03
3.800154762112795646e-03 3.785713585896787262e-03
1.613570943809428115e-03 1.610967332618722103e-03
1.611757962240376691e-03 1.609160198511531536e-03
2.420612770910995134e-03 2.414753404724297864e-03
1.865469726968410407e-03 1.861989749666174716e-03
2.544142373493667956e-03 2.537669713077062017e-03
7.915836160627599816e-02 7.289231539408605465e-02
7.324869321991842042e-02 6.788332216149270404e-02
1.190733177357323203e-01 1.048948627391376592e-01
3.006460444621828626e-02 2.916072400571071907e-02
3.197455820999892118e-02 3.095218583727431250e-02
2.087174868902588049e-02 2.043611879568802553e-02
9.769604016499492186e-03 9.674158853860288440e-03
4.944601062367647362e-03 4.920151982701679791e-03
3.826615451338680196e-03 3.811972465526256276e-03
2.596897700405980097e-03 2.590153822739606031e-03
1.747031753419233053e-03 1.743979633471777957e-03
5.333012432920654008e-03 5.304571411310968036e-03
2.456843118366576484e-02 2.396482337283924527e-02
1.960302345664829277e-02 1.921874492800638989e-02
1.938235687627871962e-02 1.900668111819929160e-02
1.018278603217336736e-02 1.007909690079634296e-02
3.518113317496022324e-03 3.505736196181279303e-03
5.808000986687453758e-03 5.774268111226091640e-03
6.058619790945666064e-03 6.021912917174427476e-03
2.971442589564843913e-03 2.962613118501764183e-03
1.849182662224956508e-03 1.845763185706683152e-03
4.772051152921214130e-03 4.749278680715117093e-03
3.707478155784617140e-03 3.693732761508996838e-03
6.276764710898405895e-03 6.237366935662426275e-03
8.574334835358831883e-03 8.500815617489984599e-03
1.063001283124016642e-02 1.051701565844783554e-02
1.252500755724841701e-02 1.236813174293928744e-02
3.013979347388520257e-03 3.004895275882035581e-03
2.323942124382525481e-02 2.269935054407729719e-02
8.863752695857433223e-03 8.785186584004112814e-03
7.888565597576172733e-03 7.826336130388911183e-03
1.030537406549933595e-02 1.019917333086946959e-02
9.151549281064446165e-03 9.067798426820695284e-03
8.745286932091354522e-04 8.737638927738893783e-04
1.343977622223648633e-04 1.343796994638744705e-04
8.238420127683570952e-04 8.231632971063548377e-04
1.616170767256929972e-02 1.590050687767571511e-02
9.525002642503209785e-03 9.434276967163516062e-03
5.187666137392077381e-03 5.160754257439032801e-03
5.376220390437862727e-03 5.347316644751303090e-03
2.775698003716453414e-03 2.767993504308617712e-03
4.970470669742208143e-03 4.945765091063440179e-03
1.146126785955284971e-02 1.132990719860442995e-02
2.791865445970038388e-03 2.784070933301636963e-03
4.802898229882486309e-04 4.800591446741825385e-04
3.048594853418114779e-03 3.039300922837827410e-03
2.094408009984585501e-03 2.090021465072298013e-03
5.548038126456632420e-03 5.517257399404016174e-03
1.934002535732946837e-02 1.896598877650731985e-02
2.744212371904634212e-02 2.668905356483489491e-02
1.038891675616354926e-01 9.309620842498592119e-02
1.713996466275721428e-02 1.684618627411664862e-02
1.949016462205835007e-02 1.911029810506341409e-02
9.756605850222361057e-03 9.661414492505767185e-03
2.434200358271416953e-03 2.428275026887208310e-03
4.294246629456947330e-03 4.275806075342345261e-03
1.121053244219469107e-02 1.108485640455719214e-02
1.775110321695696873e-03 1.771959305041506194e-03
4.347518264441637401e-04 4.345628172935671785e-04
2.928993675732261687e-02 2.843203636207465926e-02
3.670900189926438323e-02 3.536145107882418537e-02
3.428615156888081827e-02 3.311061137947655247e-02
2.493229784795137488e-02 2.431067837197241344e-02
8.120269684459549206e-03 8.054330904711196754e-03
4.306331489634412923e-03 4.287786998735796350e-03
4.446709719363997268e-03 4.426936492035711025e-03
1.381318820742449566e-03 1.379410779057912333e-03
7.839603754029087258e-06 7.839542294642067461e-06
2.081355062773415122e-06 2.081350730734517631e-06
2.026174248162971019e-03 2.022068866079052354e-03
1.512676488489375160e-03 1.510388298330546560e-03
7.495586550874371555e-03 7.439402733132722406e-03
8.415784922419145345e-03 8.344959486558728087e-03
1.051738664842791389e-02 1.040677122651538500e-02
1.281636122398433636e-02 1.265210210896068783e-02
6.693537043807776254e-03 6.648733605650949084e-03
1.084719876441585761e-02 1.072953704338111200e-02
3.715822205217380117e-03 3.702014870556593392e-03
2.964743270586395023e-03 2.955953567925907570e-03
1.998212476592154709e-03 1.994219623490546284e-03
1.223077547172318064e-02 1.208118360308347607e-02
1.660770749038985306e-02 1.633189154230350187e-02
1.544193078282634496e-02 1.520347755652474465e-02
1.992973215456512667e-02 1.953253793081241932e-02
1.954455730702482977e-02 1.916256758669725169e-02
2.611664214423655220e-02 2.543456314734644091e-02
6.006310043016182577e-03 5.970234282683345092e-03
4.422746563054771179e-03 4.403185875893758129e-03
3.403441334978034999e-03 3.391857922057397740e-03
2.970572053944931304e-03 2.961747755617252613e-03
8.457080732058954754e-04 8.449928510608098551e-04
1.822109684885230539e-04 1.821777676514855376e-04
1.651749611381395506e-05 1.651722328613608600e-05
1.718867031285349969e-03 1.715912527414110208e-03
7.977143721877304368e-04 7.970780239681355284e-04
1.023964941418640390e-02 1.013479899406095550e-02
5.533674212271435383e-02 5.227458709395856745e-02
4.294440255096506481e-02 4.110018084050572756e-02
5.933029031436735934e-02 5.581020696558024879e-02
6.277588645834663271e-03 6.238180526628350590e-03
1.077702911230831069e-02 1.066088475582076950e-02
4.250237847628107052e-03 4.232173325866697006e-03
5.538789031130564831e-03 5.508110847199192833e-03
7.263970709791114574e-03 7.211205439318411556e-03
1.137786454948724185e-02 1.124840874778076406e-02
2.031473236376174496e-02 1.990204401275047497e-02
1.423268282880182922e-02 1.403011356829655942e-02
2.727469628073971031e-02 2.653078722353311228e-02
6.640918657666442133e-03 6.596816857048699509e-03
2.257942270975822965e-02 2.206959237985228403e-02
1.034643503267794300e-02 1.023938631479251807e-02
4.511829931392910033e-03 4.491473322063096844e-03
2.312722995057225981e-03 2.307374307405359471e-03
4.149282673543714522e-04 4.147561018873217246e-04
2.722592692704916902e-05 2.722518567595213327e-05
1.350434107756818151e-05 1.350415871034024271e-05
9.270563690264920582e-06 9.270477746913785883e-06
1.920979064545115631e-04 1.920610048488473603e-04
1.024794688860370995e-04 1.024689668444939334e-04
2.857277980895375769e-02 2.775637606294280302e-02
2.927708497387915363e-03 2.919137020342237911e-03
1.345811549960962243e-02 1.327699462680878920e-02
1.413789108595521656e-02 1.393801112159688375e-02
1.527883288794612895e-02 1.504539015352834505e-02
1.853134263000417656e-02 1.818793197033356790e-02
1.301642064688220309e-02 1.284699344042562232e-02
7.907755042517498889e-03 7.845222452705037305e-03
2.241667304769006178e-03 2.236642232463735818e-03
4.759338929037475532e-03 4.736687621996023972e-03
8.259134095551907973e-03 8.190920799543600569e-03
6.155255180543331255e-03 6.117368014205725769e-03
7.845690009466102163e-03 7.784135157741465909e-03
1.721089316778340317e-02 1.691467832415054912e-02
1.374982257685439073e-02 1.356076495595941525e-02
1.287842399007381976e-02 1.271257018560571078e-02
2.814091068228516054e-03 2.806171959688232628e-03
2.332037274552676079e-03 2.326598876702772913e-03
2.324141938535443698e-04 2.323601774960397891e-04
2.114863282031388954e-05 2.114818555564372093e-05
8.281684192966714560e-06 8.281615606673643299e-06
7.407315967784291741e-06 7.407261099454444848e-06
1.382892170652388203e-04 1.382700931576822951e-04
7.636655707370374521e-04 7.630823856331083420e-04
2.662265725215724396e-02 2.591389137299140305e-02
3.913991801191271658e-02 3.760798482993346625e-02
1.815149445902140835e-02 1.782201770792552278e-02
3.789250446901343272e-02 3.645666257407922939e-02
6.631795711897332107e-03 6.587814997532991969e-03
6.399703765248348705e-03 6.358747556965414424e-03
2.950268983518196386e-03 2.941564896443087107e-03
1.527897978117964293e-03 1.525563505886427329e-03
1.337330391301389367e-03 1.335541938725891059e-03
6.812529294343574690e-05 6.812065188789711580e-05
1.743469967003024245e-04 1.743165998250440071e-04
3.113357504662327634e-05 3.113260574712809560e-05
1.876920163570719099e-02 1.841691870566535688e-02
1.931014320331818357e-02 1.893726157278552771e-02
1.984501141736330979e-02 1.945118693920802957e-02
1.868665171712322395e-02 1.833746076472616074e-02
4.574754372254128017e-03 4.553825994687669965e-03
1.092876640053487645e-04 1.092757202118450232e-04
7.719699026605346783e-05 7.719103089074733049e-05
2.081687157458714897e-05 2.081643823244499729e-05
4.761207981813216306e-06 4.761185312711770594e-06
1.335451551820187544e-05 1.335433717511714979e-05
9.534413947169813981e-04 9.525323442238215052e-04
2.523765502198324455e-03 2.517396109888238136e-03
4.484433197256863964e-03 4.464323056156204762e-03
3.420179545860369138e-04 3.419009783047776991e-04
5.173079397285805541e-05 5.172811789781299609e-05
2.869895072134647993e-03 2.861658774409585066e-03
2.850604079791940488e-03 2.842478136172213975e-03
1.950776111789713149e-02 1.912720837406419253e-02
7.105338301764763456e-03 7.054852469382238284e-03
3.962711813364711358e-03 3.947008728448931497e-03
9.292496849817531365e-03 9.206146352113663001e-03
1.843699377118284549e-02 1.809707103186421195e-02
4.958639840840442341e-03 4.934051731769271976e-03
9.511055311489841763e-03 9.420595138351622183e-03
2.145042022681781929e-02 2.099029969891074571e-02
2.506072055641295204e-02 2.443268084160633499e-02
3.007709161923884100e-02 2.917246017896675536e-02
1.179900620611917979e-03 1.178508455137397591e-03
8.021473081854080364e-05 8.020829641550051789e-05
8.262860302227655843e-05 8.262177553623914451e-05
7.420102944270896210e-05 7.419552364993860000e-05
5.855184213301362127e-05 5.854841381479645106e-05
4.871977039500007125e-05 4.871739677897272969e-05
2.997152560333419337e-05 2.997062731098720250e-05
8.607871486995820635e-04 8.600461941842157433e-04
1.592388106455140846e-03 1.589852406573561165e-03
2.640031483670642748e-03 2.633061717435870603e-03
6.384077958017811503e-04 6.380002312880406982e-04
9.244735957683849125e-04 9.236189443391119728e-04
1.829332316527920547e-03 1.825985859803627188e-03
9.893194326862377562e-04 9.883406797463471956e-04
2.106580519429164869e-03 2.102142837944326326e-03
1.178527453296831238e-03 1.177138526338657003e-03
1.321118318687530173e-03 1.319372965075558393e-03
1.435185405544858826e-03 1.433125648396569880e-03
1.032543786057913554e-02 1.021882319356645467e-02
2.068181413191127679e-02 2.025407669612435194e-02
2.120376808352115311e-02 2.075416830258140430e-02
2.239156084679149242e-02 2.189017884963592731e-02
2.195644273006279804e-02 2.147435735270427151e-02
2.792697340430609285e-02 2.714705756078127433e-02
9.696168079135034264e-04 9.686766511593150738e-04
1.343967433298806451e-04 1.343786808452629737e-04
8.342490904173730393e-05 8.341794932628868588e-05
7.109052312199274390e-05 7.108546925951498186e-05
5.202138298627578927e-06 5.202111236384700577e-06
1.082188231786439644e-07 1.082188114673302723e-07
2.155325269180748962e-04 2.154860726479151934e-04
5.332426685080794747e-04 5.329583207645618732e-04
1.433757286879021103e-03 1.431701626921342381e-03
1.765782255725253241e-02 1.734602385978911698e-02
5.807336847117122941e-04 5.803964330991534960e-04
1.123246236992339218e-03 1.121984554883421678e-03
5.270374746488171169e-02 4.992606246803968362e-02
1.953176843915972044e-02 1.915027846079876347e-02
1.244113843032021299e-01 1.089331917589630855e-01
2.010176515409606984e-02 1.969768419178563948e-02
3.298448259790626169e-02 3.189650650565468287e-02
3.369469215032434850e-02 3.255935987121921782e-02
2.472964758694409099e-02 2.411809211716964274e-02
2.479524121094967004e-02 2.418043722424049330e-02
2.278288744546046879e-02 2.226382748510794679e-02
2.194379916228336377e-02 2.146226884060873502e-02
1.414416613980578122e-03 1.412416039622673737e-03
2.389760105473311136e-02 2.332650571856192956e-02
8.166169804454449267e-04 8.159501171526931107e-04
2.613733691804165089e-04 2.613050531422997846e-04
6.795134905456280141e-05 6.794673166872447110e-05
6.624478060635253162e-05 6.624039223539495043e-05
3.363096236835592251e-03 3.351785820537374512e-03
3.261846397466735843e-03 3.251206755546069260e-03
7.473945785808821726e-04 7.468359799247901304e-04
4.228356240411418809e-04 4.226568340761835949e-04
1.031063294211216836e-03 1.030000202694547227e-03
2.157779003820605584e-02 2.111218901527315076e-02
4.979004981134952518e-02 4.731100075113285619e-02
2.247893580343366185e-03 2.242840554794817143e-03
7.297236528350052598e-02 6.764739918843189204e-02
4.531960108870109675e-04 4.529906242627270807e-04
3.017575848211588932e-02 2.926518208214489922e-02
5.108060810699520090e-04 5.105451582174939549e-04
1.168046740905534031e-03 1.166682407716594042e-03
1.153121079135991864e-02 1.139824196904514267e-02
2.324086129434258310e-02 2.270072366063971211e-02
2.299219251256999497e-02 2.246355159603491414e-02
2.291790089412839085e-02 2.239267071273530127e-02
2.304697527033193472e-02 2.251581220122064395e-02
1.861365954307337908e-02 1.826719122148793076e-02
2.152256604778473095e-02 2.105934519850347422e-02
7.024632730544036995e-04 7.019698184044133446e-04
7.066459250492114876e-04 7.061465765858228674e-04
2.619089613986346800e-04 2.618403650945737684e-04
1.242929159366092952e-04 1.242774672076572763e-04
1.547873793194623872e-03 1.545477879914965071e-03
6.271798753290881365e-04 6.267865207330703238e-04
4.274621810917970835e-04 4.272794571755333514e-04
1.474254354909413961e-04 1.474037012319117008e-04
1.763107520365920578e-03 1.759998972237549614e-03
1.932171636379441740e-02 1.894838764055149782e-02
5.754854158204777623e-03 5.721735811822570468e-03
5.882302789147827332e-05 5.881956774286795059e-05
8.056049162515352413e-02 7.407049881426709670e-02
9.207053255595652698e-04 9.198576272630515577e-04
4.076302503871679500e-02 3.910140082840974501e-02
2.951815404588658577e-04 2.950944083170381981e-04
1.523512945273405861e-03 1.521191853578990122e-03
1.211948169779904130e-03 1.210479351413671365e-03
1.631031572840228178e-02 1.604428932924211598e-02
2.287248818991546515e-02 2.234933747391764161e-02
2.276260907066248590e-02 2.224447269895868037e-02
2.296406627792469540e-02 2.243671793790777760e-02
2.904683292380830402e-03 2.896246107351794011e-03
2.386799138745349796e-02 2.329831037458194448e-02
1.387235953498038997e-04 1.387043511138971177e-04
6.260711946043437512e-05 6.260319980902724418e-05
2.738610301332369693e-04 2.737860302694113102e-04
1.691094504804049284e-04 1.690808524741631465e-04
5.287473595626933191e-03 5.259516218602481273e-03
2.152317066191030467e-03 2.147684597437613235e-03
8.179850278098889902e-05 8.179181178593169219e-05
2.400740044589790088e-04 2.400163689313620369e-04
4.027539037513602586e-04 4.025916930443732954e-04
2.409822566829108309e-02 2.351750118793120153e-02
1.254015801731866442e-01 1.096760238632544793e-01
7.264249194170188662e-02 6.736556030620166613e-02
1.597415754812220312e-01 1.342242045439990816e-01
3.751488291397119196e-04 3.750080924957070283e-04
2.134637292761557698e-02 2.089070529045073885e-02
2.068118288722588672e-03 2.063841175466439842e-03
2.055299285448341628e-03 2.051075030295577105e-03
1.075038476020837713e-03 1.073882768295912529e-03
1.139151363989177642e-04 1.139021597406169825e-04
2.277553593352662359e-02 2.225681089646725994e-02
5.324827687012390304e-05 5.324544149113426234e-05
3.285794585211469863e-03 3.274998139155264887e-03
1.036454248134107548e-04 1.036346824393260011e-04
9.607007222188750778e-03 9.514712634421563717e-03
6.841361181723009484e-05 6.840893139494821364e-05
4.917849108937272196e-05 4.917607256538689109e-05
3.733110703455742320e-04 3.731717091903316726e-04
5.858634269994950593e-04 5.855201910443994483e-04
4.026112700975604045e-03 4.009903117494647250e-03
2.783879769216957012e-03 2.776129782647501505e-03
8.024918584856073752e-04 8.018478653026717010e-04
8.288506672133649691e-04 8.281636737848249502e-04
3.745835626234598668e-04 3.744432497780721602e-04
2.333716669764039978e-02 2.279254334816694511e-02
3.806846139539768210e-03 3.792354062009639561e-03
2.711446268751482175e-03 2.704094327883155725e-03
4.418202017946248894e-02 4.222996927232405828e-02
1.612075719268545254e-04 1.611815840456079789e-04
3.785058512917564150e-02 3.641791833455466920e-02
1.881553181332845984e-04 1.881199157095427715e-04
8.477731706768645847e-04 8.470544513279450400e-04
3.474033257449825091e-04 3.472826366742438431e-04
2.360987061312294589e-04 2.360429635321926187e-04
1.017050431005538363e-03 1.016016039426329834e-03
2.601486401426134000e-05 2.601418724111165894e-05
1.047245856979355351e-03 1.046149133094395004e-03
8.447163058002382348e-05 8.446449512365097802e-05
7.449922036213125045e-04 7.444371902378559870e-04
8.038672586850078964e-05 8.038026384280493042e-05
7.637292468592543843e-04 7.631459644967461542e-04
1.389342464102707878e-03 1.387412191620148979e-03
1.314830133213502634e-03 1.313101354934296475e-03
3.712090554407871962e-03 3.698310938123747747e-03
2.335895596859317337e-03 2.330439188619890661e-03
4.215516097389203679e-04 4.213739039792468782e-04
1.942923443788758826e-03 1.939148492280334899e-03
1.821454846371843995e-04 1.821123076596106857e-04
1.332208678234807816e-03 1.330433898272443630e-03
1.961197898771267420e-02 1.922734926789819096e-02
2.969824523592022852e-03 2.961004665891094154e-03
2.120512670997867777e-01 1.670855272211616560e-01
2.147454828276654931e-02 2.101339205881767869e-02
6.459898235697779378e-02 6.042595383542066767e-02
2.398220706538081032e-04 2.397645560282354209e-04
1.751466404920990752e-03 1.748398770353423812e-03
5.990719155407106923e-04 5.987130283807211252e-04
8.792219563904265719e-03 8.714916439044364735e-03
2.916262187691031640e-04 2.915411729176295755e-04
1.608129410350836019e-04 1.607870802330792583e-04
2.210319571872696939e-02 2.161464445774662069e-02
2.075894563191641243e-02 2.032801180816755024e-02
2.651365097376400318e-02 2.581067728580542509e-02
1.238945761760939547e-02 1.223595895755085622e-02
1.700270865711236241e-03 1.697379944694449782e-03
1.744896552218303323e-03 1.741851888240359943e-03
1.916114660388810922e-03 1.912443164997053996e-03
6.750579483000724093e-03 6.705009159644413630e-03
3.569968477091853623e-03 3.557223802164424277e-03
5.979281437582685934e-04 5.975706256931704111e-04
7.793799748455582793e-03 7.733056433936556263e-03
5.183484329958236219e-04 5.180797478978344407e-04
1.681422402560792118e-03 1.678595221264958786e-03
7.561774373102152745e-03 7.504593941432447998e-03
6.172139333462190250e-03 6.134044029510518983e-03
7.496884940181826329e-02 6.934852102118575778e-02
2.867152758849426529e-05 2.867070553200000841e-05
1.553428718131852175e-02 1.529297310308684425e-02
1.165711457016224987e-05 1.165697868184214769e-05
3.396994389039141907e-04 3.395840431951225344e-04
2.190342261208534636e-04 2.189862501286411137e-04
2.805213137645617971e-04 2.804426215570855817e-04
2.861274621823894264e-04 2.860455932577744657e-04
2.788622492369860852e-04 2.787844850829365663e-04
2.607200874566480055e-03 2.600403378166139725e-03
7.099040801391582473e-03 7.048644421091760162e-03
2.217611575875120047e-02 2.168433564860566820e-02
1.391314346627055276e-02 1.371956790515752554e-02
1.336100587501609302e-02 1.318248939702387768e-02
9.342436971297653388e-04 9.333708858441385923e-04
4.210058622212312779e-02 4.032812686187670081e-02
8.782543611688630597e-03 8.705410539397417588e-03
5.844437443318215540e-03 5.810279994289355501e-03
3.252848469443102688e-04 3.251790367126586681e-04
4.584729004895176513e-02 4.374531604411905500e-02
9.225332883029511858e-06 9.225247776262708834e-06
8.607195853774141439e-03 8.533112033308915337e-03
1.578535306785874490e-02 1.553617569638178660e-02
1.547256769381910764e-02 1.523316734277929338e-02
7.878195291739566175e-02 7.257535681191691623e-02
7.657872976157917982e-05 7.657286545972727876e-05
4.860434163935617967e-03 4.836810343673665462e-03
6.062589890818078384e-05 6.062222340856235765e-05
2.837746175731178455e-04 2.836940895395390571e-04
5.007388376606655380e-05 5.007137637223113325e-05
1.846848648454857899e-04 1.846507563461828030e-04
5.534670425712001239e-04 5.531607168039876085e-04
3.556934394661822197e-04 3.555669216433029393e-04
5.090630506733496595e-04 5.088039054837888066e-04
1.066388931496602436e-03 1.065251746143383972e-03
1.817192551731818678e-02 1.784170664031122649e-02
1.579801416892126498e-02 1.554843691723982804e-02
6.221795157943567356e-02 5.834687808069467102e-02
5.535648342062590016e-02 5.229214316392787054e-02
6.297012421573013052e-02 5.900488767198564660e-02
4.661363756110716711e-02 4.444080635442890920e-02
2.163807760866835045e-02 2.116987120606959524e-02
3.864837851276754581e-04 3.863344154115088531e-04
4.568467524384388356e-02 4.359758569170840009e-02
3.487180393107957660e-05 3.487058788837016994e-05
9.904312440238833420e-03 9.806217035324964193e-03
1.824658859894451313e-02 1.791365060344538018e-02
3.671785596017358710e-02 3.536965501386152982e-02
6.897062155352816359e-02 6.421367491604816624e-02
2.091583236771642380e-03 2.087208516335298421e-03
1.550278590166223429e-02 1.526244953094945712e-02
1.231235824763060593e-04 1.231084230597442473e-04
4.951659803826527657e-04 4.949207910345244888e-04
1.757975926190469588e-04 1.757666878254763145e-04
2.275516615985964273e-04 2.274998818399001318e-04
4.789946085785058423e-04 4.787651727434585631e-04
3.910938163018165786e-04 3.909408619286670514e-04
8.055738596558156828e-04 8.049249104124548901e-04
5.076981116700898453e-04 5.074403542974964586e-04
1.181369557346949664e-02 1.167413217036688405e-02
5.030209279613122482e-03 5.004906274216416873e-03
5.735182301896475654e-02 5.406259141536610274e-02
4.833012531297708331e-02 4.599432430020901352e-02
5.879302390155036889e-02 5.533640424206209829e-02
3.552664897482705423e-03 3.540043469608899606e-03
5.192195185752456962e-04 5.189499296667761732e-04
2.646610842140798480e-04 2.645910387245824615e-04
2.497950672824684679e-02 2.435553097186031815e-02
1.512541622991602159e-03 1.510253840830320113e-03
1.559076547302627735e-02 1.534769350499136896e-02
2.669364265542248024e-02 2.598109209720709037e-02
5.700154214262630192e-02 5.375236633598869801e-02
1.843534051329290546e-01 1.503672271488231682e-01
1.146689939894186133e-02 1.133540961711640774e-02
3.461581633646663991e-02 3.341756159582665031e-02
1.080387344732948061e-03 1.079220107918288981e-03
2.426635917791620275e-04 2.426047061603868623e-04
3.075891510196375900e-04 3.074945399338126196e-04
3.812827676091977078e-04 3.811373910603219626e-04
5.503757354500792833e-04 5.500728219999070261e-04
3.412787193128110101e-04 3.411622481485551955e-04
5.697353957264114166e-04 5.694107973052679348e-04
1.076058764236625769e-03 1.074900861772535221e-03
5.078229713474061158e-02 4.820345543245952574e-02
4.981368401470201435e-02 4.733228089958543827e-02
5.477651514514012693e-02 5.177604853369435767e-02
4.929475627859253306e-02 4.686478328202669380e-02
5.984643716922286721e-02 5.626484112737312887e-02
1.456604209479002736e-03 1.454482513655930721e-03
9.745109048709431950e-04 9.735612333672307708e-04
3.630205068983420168e-04 3.628887230099132910e-04
3.352473722559940611e-02 3.240082921955391576e-02
4.592689444995762954e-03 4.571596648657587532e-03
3.753640289884963704e-02 3.612742135626487161e-02
7.605803419160481887e-03 7.547955173509568981e-03
5.223728271341341461e-02 4.950854900813233400e-02
1.322545365141201690e-01 1.147632740855554223e-01
8.890604726729464397e-05 8.889814298205394628e-05
5.216363584295053216e-03 5.189153135251493333e-03
3.929310312828996166e-06 3.929294873349461386e-06
3.555889133434958434e-05 3.555762689959665861e-05
7.086155636291192926e-05 7.085653500274176168e-05
2.798691331543048835e-04 2.797908064226123652e-04
2.671733523573681618e-04 2.671019707571583093e-04
2.367233698630430959e-04 2.366673319092037913e-04
6.414916055912132454e-04 6.410800941111693052e-04
4.978511634512647853e-04 4.976033076703150057e-04
4.747036494728110179e-02 4.521692939905305048e-02
4.684502117195943338e-02 4.465056516335810799e-02
5.352657707150459965e-02 5.066148261851288054e-02
2.741207152921466134e-03 2.733692936266238389e-03
9.667906412125431420e-03 9.574437997731815447e-03
1.105169248420411875e-03 1.103947849352757702e-03
1.876488255798500107e-04 1.876136134981085102e-04
5.740469041496728244e-06 5.740436088511911734e-06
1.026507281896327532e-04 1.026401910176348895e-04
3.545624851147231719e-06 3.545612279691646611e-06
8.855658762220493946e-04 8.847816493009204959e-04
2.880796581701726075e-02 2.797806692250282695e-02
1.121276687107379891e-02 1.108704073016874951e-02
2.340729844010136507e-01 1.792828223746164573e-01
6.619314931109615031e-04 6.614933398093893711e-04
5.147457908086980859e-03 5.120961585171454090e-03
1.625376931445488506e-06 1.625374289595319262e-06
2.956487734598594458e-04 2.955613652626111303e-04
5.539691237845846550e-05 5.539384356055740129e-05
1.009660961973244748e-04 1.009559020447431524e-04
2.278872690569739613e-04 2.278353364495757088e-04
2.423780698276826605e-04 2.423193226989492767e-04
4.714625632092686591e-02 4.492348683584832664e-02
4.724892256459103240e-02 4.501646188107630980e-02
4.780772320045112433e-02 4.552214480284016984e-02
4.691107574207924874e-02 4.471042671480015412e-02
4.806393493280330248e-02 4.575379309157855123e-02
5.087256585891381053e-04 5.084668567934311862e-04
1.640612032386883816e-03 1.637920424546071216e-03
2.008272456603414982e-03 2.004239298343462889e-03
7.090217889467819823e-05 7.089715177570618868e-05
6.414101456800184789e-08 6.414101045393209166e-08
6.045048235314254616e-06 6.045011692706087718e-06
1.951715249269034214e-06 1.951711440076619934e-06
3.486695271234734701e-04 3.485479566843289741e-04
2.955573759570576456e-02 2.868219597087955097e-02
2.190867785148993552e-02 2.142868768628956866e-02
5.613828904134348513e-02 5.298678154485406133e-02
5.568025492749335142e-03 5.537022584861428336e-03
7.178501331794762998e-03 7.126970450424183895e-03
2.144449775246308476e-02 2.098463126860769176e-02
1.715115097265073186e-04 1.714820935285386557e-04
3.420901864675639096e-04 3.419731607718864996e-04
2.253583347720150565e-02 2.202796968668934915e-02
3.042641605037032094e-04 3.041715838243362049e-04
2.914292790792447334e-03 2.905799688321982453e-03
4.738847894566093621e-02 4.514281100887758413e-02
4.740283813923820005e-02 4.515580907558338492e-02
4.835558092655910939e-02 4.601731871981409872e-02
1.281372698749723036e-03 1.279730782756621863e-03
4.572093028078252344e-04 4.570002624612512412e-04
1.588220232327145853e-04 1.587967987976508571e-04
2.433998295115335369e-04 2.433405860345272864e-04
2.464554429524077423e-04 2.463947026670468754e-04
4.663014830208611173e-07 4.663012655837880471e-07
3.633860776929200720e-06 3.633847571985054558e-06
2.329126711192637951e-05 2.329072462880270054e-05
4.686449246003921608e-05 4.686229617938567700e-05
5.411159580233095533e-04 5.408231515432821096e-04
9.146851457683868869e-02 8.310202541794534103e-02
1.046318525750277451e-01 9.368402800174541190e-02
1.614892339749174899e-01 1.354104612851118328e-01
5.626766525603560387e-02 5.310161510267032842e-02
7.764252947371946822e-02 7.161416709064206965e-02
4.937098323925447020e-04 4.934660829939436621e-04
2.010050979659676502e-03 2.006010674718845810e-03
1.067843425157832295e-03 1.066703135577179483e-03
1.790505645747936248e-02 1.758446541073383981e-02
4.197416202554984238e-02 4.021233174780273339e-02
4.720058176660907323e-02 4.497268684750272555e-02
4.755422910865422098e-02 4.529282440253584729e-02
4.742684230972232101e-02 4.517753693825105055e-02
4.789752108584433010e-02 4.560334855967542594e-02
6.418088100787902942e-04 6.413968915300955398e-04
2.918933774798574765e-04 2.918081757360408541e-04
5.487835677344967376e-04 5.484824043302813715e-04
1.366149836650605012e-04 1.365963200112986877e-04
5.606238986948148574e-03 5.574809071369371365e-03
1.200264408907287167e-04 1.200120345442158245e-04
2.313984431169373380e-05 2.313930885929896595e-05
2.976823257855618987e-05 2.976734643088533967e-05
1.096782720325639309e-04 1.096662427092078782e-04
3.440963260997233208e-02 3.322560979361906253e-02
1.561289199147471336e-02 1.536912959513725765e-02
1.164670577018359909e-01 1.029024821721132021e-01
5.683644622018999698e-02 5.360606460124944794e-02
3.760608795151798925e-03 3.746466616641625728e-03
4.928547981536093858e-03 4.904257396329790575e-03
4.302381489672473609e-05 4.302196384807646597e-05
1.179863867537532686e-04 1.179724659662940615e-04
3.058331696518075057e-03 3.048978303752147932e-03
4.347997638111877894e-02 4.158946803501613332e-02
4.696141951813657955e-02 4.475604459497815879e-02
4.683576798418655901e-02 4.464217882151800404e-02
4.731186894463165066e-02 4.507345600159765042e-02
2.785490982413163247e-03 2.777732022400058141e-03
4.338361099605898396e-04 4.336478961902840963e-04
3.497974599548063588e-03 3.485738773248979981e-03
8.346656711604903759e-06 8.346587044926642889e-06
8.534210506699687286e-07 8.534203223424790100e-07
2.097299824390048524e-06 2.097295425723494933e-06
5.657568646991447911e-08 5.657568326910617705e-08
1.185939245962226230e-11 1.185939245948161736e-11
9.703585741337444562e-12 9.703585741243284913e-12
9.978248264112739431e-07 9.978238307568898422e-07
3.931489662355072516e-05 3.931335096245420211e-05
7.800060795704028644e-05 7.799452386219861443e-05
1.019079459893200120e-03 1.018040936947623874e-03
1.065449368010951831e-01 9.519311324314581879e-02
1.344681419245802867e-01 1.163864607319312211e-01
6.284607524074189988e-02 5.889644606757690748e-02
1.298848461693175305e-01 1.130147729048902594e-01
2.242128459184648467e-02 2.191857058909791114e-02
9.426839893691658229e-03 9.337974583310362439e-03
1.087092765794648100e-02 1.075275058980217600e-02
4.849178020095733926e-02 4.614032745389937823e-02
4.736969139577589666e-02 4.512580373284485330e-02
4.709223453525591269e-02 4.487455598173236554e-02
4.049607024855718385e-02 3.885613854298110292e-02
6.224747542684307133e-02 5.837272722982764228e-02
5.173325652630778038e-02 4.905692669549101270e-02
8.740765022778930471e-02 7.976755290944574639e-02
1.682421958879958736e-05 1.682393653443481647e-05
3.262838662181585841e-06 3.262828016065450558e-06
4.473419809660846198e-06 4.473399798176052969e-06
7.450899737354799374e-05 7.450344578285838235e-05
3.154414599995238879e-08 3.154414500491924078e-08
1.999278343632772311e-09 1.999278339635658575e-09
9.674163218049710666e-05 9.673227323710016320e-05
1.348495112490645173e-03 1.346676673422233985e-03
4.801229081442851682e-02 4.570711074517926076e-02
4.712223167391936795e-05 4.712001116920143764e-05
2.075346060447088789e-02 2.032275447740956170e-02
4.193216068376001519e-03 4.175633007379915031e-03
6.534689386961733482e-04 6.530419170423326257e-04
5.181686549897706814e-03 5.154836674396316015e-03
4.813517096209711868e-03 4.790347149374208670e-03
9.208944965648748621e-03 9.124140298268400631e-03
4.765333988112527286e-02 4.538249907929922666e-02
4.605586156429935379e-02 4.393471917986944975e-02
4.273458008974632960e-02 4.090833575429938390e-02
3.497881309461069871e-02 3.375529572910299092e-02
5.285217752093163395e-04 5.282424399424459193e-04
1.103289800981011211e-02 1.091117317131523948e-02
5.846523702324375477e-04 5.843105518384191389e-04
6.431848680103149517e-05 6.431434993328712124e-05
1.776941535979495439e-06 1.776938378458273168e-06
3.147601844838684657e-06 3.147591937441310964e-06
5.046184024787608641e-07 5.046181478390287802e-07
5.474222120611871634e-07 5.474219123901088738e-07
2.356718867832092043e-07 2.356718312419709922e-07
2.743082050366373839e-08 2.743081975121382522e-08
4.172003844010296536e-06 4.171986438394222018e-06
1.631561526000192852e-04 1.631295326698880459e-04
4.189821925172512729e-02 4.014275847525949903e-02
1.907009020775102082e-06 1.907005384091696781e-06
9.461424904030524448e-04 9.452473047909063517e-04
5.269428435440165481e-02 4.991759675077911407e-02
1.571590453357235963e-03 1.569120556804152284e-03
1.203571977251842624e-02 1.189086122207583598e-02
1.120673838551140312e-02 1.108114740027010825e-02
4.496426533054061203e-02 4.294248017382535504e-02
5.123121478085655711e-02 4.860657741293430284e-02
3.514298661962456105e-02 3.390795711107744831e-02
8.006588131686938293e-04 8.000177586335890890e-04
4.706680831298936892e-04 4.704465546854165372e-04
5.203601728362664425e-04 5.200893981267922222e-04
6.198117940480560133e-03 6.159701274476452916e-03
1.084976054460631617e-03 1.083798881421878593e-03
9.358482702560192530e-04 9.349724582710780465e-04
1.462407501864630149e-05 1.462386115507615132e-05
1.736640066457268135e-07 1.736639764865396207e-07
4.326781207199108680e-07 4.326779335095546924e-07
1.032410343018615023e-06 1.032409277147498654e-06
2.144595486345240052e-07 2.144595026416259978e-07
1.528957424379627184e-08 1.528957401002519059e-08
1.441707598131355890e-06 1.441705519610557344e-06
2.805571409145885551e-04 2.804784286052703821e-04
3.369310455155973601e-03 3.357958202212750314e-03
5.208607410958034895e-06 5.208580281366873188e-06
5.776341228338685404e-06 5.776307862220699523e-06
2.379991579798262230e-02 2.323347980599155954e-02
1.250306491531683268e-04 1.250150164899406740e-04
4.988802416843225729e-02 4.739920921300217610e-02
4.992304521742789436e-02 4.743073477364654483e-02
5.279357062014698038e-02 5.000640952132253542e-02
4.678986034005688799e-02 4.460056930941486142e-02
8.731892890710747993e-03 8.655646937255902576e-03
7.236157542593590073e-04 7.230921344995466403e-04
5.855665552245197187e-04 5.852236670339221875e-04
6.822730070722540828e-04 6.818075106160746907e-04
3.174148985782176274e-02 3.073396767942756028e-02
2.170991879659257522e-05 2.170944747601841947e-05
2.462069319395142975e-07 2.462068713216609843e-07
3.570383542721429184e-05 3.570256066335008156e-05
1.308102472954536218e-05 1.308085361633738664e-05
2.618467737215024487e-05 2.618399173482116056e-05
8.774274926440069292e-07 8.774267227650020514e-07
4.596661730585582732e-07 4.596659617655675938e-07
2.428817137735371509e-07 2.428816547820102839e-07
1.789627463388503599e-07 1.789627143111857772e-07
2.855190088998276438e-07 2.855189273787232046e-07
1.329927614413476756e-03 1.328158906953897257e-03
4.805851748287250788e-06 4.805828652076224463e-06
1.169342790259418464e-05 1.169329116633807103e-05
1.224141914650066915e-01 1.074289571929753773e-01
4.592767632481867257e-02 4.381832487222136335e-02
7.772258040754004282e-02 7.168178090233351396e-02
7.368739130752022248e-02 6.825755966981261746e-02
6.992326142604365913e-02 6.503399893758880779e-02
2.959734504275124065e-02 2.872134220917156935e-02
8.627021702878401657e-03 8.552596199416466830e-03
5.799437764150198148e-04 5.796074416312172687e-04
5.961209125401656156e-04 5.957655523977979130e-04
6.862027410099055770e-04 6.857318668081360900e-04
7.183995574727064862e-03 7.132385782309367227e-03
3.852482025973546186e-04 3.850997864197501421e-04
8.038847312918170698e-06 8.038782689852050985e-06
4.606145330741162532e-05 4.605933164993083285e-05
1.425302298510264015e-04 1.425099149846050103e-04
1.359316999333693441e-04 1.359132225063225689e-04
2.809237435937370544e-05 2.809158517787655926e-05
5.149647025518610335e-07 5.149644373632161998e-07
5.827178831513939205e-07 5.827175435912626142e-07
3.120907967038401346e-07 3.120906993031747228e-07
2.366284682040207728e-07 2.366284122109888186e-07
3.745208661721755820e-04 3.743806002929772224e-04
9.481073279783182317e-05 9.480174372277816225e-05
2.263746510526330399e-02 2.212501027887129115e-02
6.404616668907017751e-02 5.994425522150601676e-02
4.842696272871889474e-02 4.608179200959016536e-02
7.724989200243119469e-02 7.128234618804391021e-02
3.974531268402258649e-02 3.816562280367186144e-02
2.935964274573025709e-02 2.849765412357334673e-02
2.867477720516272907e-02 2.785253435739700953e-02
2.924038458157477566e-02 2.838538449109637846e-02
6.462714040852264759e-03 6.420947368078435552e-03
2.591759113115418519e-04 2.591087391585376811e-04
6.765132908268081712e-04 6.760556205941428655e-04
7.376124974718091531e-02 6.832052778291491935e-02
1.322468742807735281e-03 1.320719819232031751e-03
4.660920372329632744e-02 4.443678585157658650e-02
1.585357469508607414e-04 1.585106133677994752e-04
1.580893061015137052e-03 1.578393838144771235e-03
7.315428417211467318e-04 7.310076867918732530e-04
9.588138791064537399e-04 9.578945550516866202e-04
4.246126224293301079e-07 4.246124421334509997e-07
7.773385143430670914e-07 7.773379100879012014e-07
4.880359581298959984e-06 4.880335763389317433e-06
1.097920116611291632e-05 1.097908062325467079e-05
9.548094811892167671e-04 9.538978200438479223e-04
4.841995887399080239e-02 4.607546645663183893e-02
5.422937460940310123e-02 5.128854953887612700e-02
2.110674126130696049e-01 1.665179599458938287e-01
7.645494384077893002e-02 7.060958540308226450e-02
9.886097647503101771e-02 8.908748380543438095e-02
2.808012011555709522e-02 2.729162696985298203e-02
2.824347394770062095e-02 2.744578012706617651e-02
4.437637875740697217e-04 4.435668612749076229e-04
8.254085423881422348e-04 8.247272431262949550e-04
6.101078615823765476e-04 6.097356299796119093e-04
5.949149763290788795e-04 5.945610525000182911e-04
9.876312590319001952e-04 9.866558435280832311e-04
7.640946534768534165e-03 7.582562470821343006e-03
9.338414325116059901e-04 9.329693726905306361e-04
3.834277753913268270e-03 3.819576068019114087e-03
3.853016350458724989e-04 3.851531776959034596e-04
2.840525682249558058e-03 2.832457096098038845e-03
5.763344116326065423e-04 5.760022502785746039e-04
1.252550185695484181e-02 1.236861366018626208e-02
2.706651371573415464e-05 2.706578111956942968e-05
7.353032065111678230e-06 7.352977998031127368e-06
2.134118665648136945e-05 2.134073121023346431e-05
3.774886425035454181e-05 3.774743927360235234e-05
6.386280502592127243e-04 6.382202044726348941e-04
5.010860655699492933e-02 4.759773410591121301e-02
8.047360755443150326e-02 7.399760604160685040e-02
1.139583496389991457e-01 1.009718441865547767e-01
3.353202794630162631e-02 3.240763104811007073e-02
4.787963189721538421e-02 4.558717274660253893e-02
5.145188867020348070e-03 5.118715898543037962e-03
1.965440388904433227e-04 1.965054093312199642e-04
2.221349032347566532e-04 2.220855593195215374e-04
1.033248533785613270e-04 1.033141773532356204e-04
2.889970238430660150e-04 2.889135045632758888e-04
3.451539217955299963e-04 3.450347905657991619e-04
4.960541161618263646e-04 4.958080464756652560e-04
3.067370272150271235e-02 2.973282668285558844e-02
1.970364823981899174e-02 1.931541448586046941e-02
5.007275193220123849e-02 4.756547144613747224e-02
6.824765946055457930e-04 6.820108203033614083e-04
6.251185046466745630e-03 6.212107731981575745e-03
3.079437094660831230e-03 3.069954161840858162e-03
6.109089967810431461e-03 6.071768987575629738e-03
8.028636435753201662e-05 8.027991845723026821e-05
5.218513733709305560e-05 5.218241404853416317e-05
1.116361862197903202e-04 1.116237235817166235e-04
7.746721411812150331e-05 7.746121294885827688e-05
6.985541413179753275e-04 6.980661634296228156e-04
8.190878176161718593e-02 7.519973323194495407e-02
8.067055079894049074e-02 7.416281303273605796e-02
1.365585994584152529e-01 1.179103483723713541e-01
4.574355464301145535e-02 4.365108185163327909e-02
7.049729028052197088e-02 6.552742234362579632e-02
2.719253261224048070e-03 2.711858922925370393e-03
1.240670807728729854e-04 1.240516881323414956e-04
2.101053261704584351e-04 2.100611819223732366e-04
4.289207875504481480e-04 4.287368145084552397e-04
6.048275501771718885e-04 6.044617338117185684e-04
4.698142020195165513e-04 4.695934766350973047e-04
4.881284819111786594e-04 4.878902124963257580e-04
6.460298172320316171e-04 6.456124627072787944e-04
8.502749869490446640e-04 8.495520193956134251e-04
3.375679870328134567e-03 3.364284655741196089e-03
2.171258552730386221e-04 2.170787116360105610e-04
5.489624773779885891e-03 5.459488793622987828e-03
4.723523879745709746e-04 4.721292711961456784e-04
2.457948990255610575e-02 2.397533857868624704e-02
1.548377683970257579e-04 1.548137936625035933e-04
7.232455545853159486e-05 7.231932461720931668e-05
1.501098835260707143e-04 1.500873505489385112e-04
2.510891968418341950e-04 2.510261510570635101e-04
3.773213303090391414e-04 3.771789589227329798e-04
