1.261034348465601695e-01 1.102013585664595174e-01
2.825629804833162863e-03 2.817645621039201534e-03
2.054985534324716562e-02 2.012755878861878164e-02
1.247434150798310969e-04 1.247278541602253111e-04
3.844743565042557654e-02 3.696923034233196015e-02
3.207724819733771653e-03 3.197435321214635393e-03
2.035870360410919552e-02 1.994422679166922563e-02
5.466590937838441792e-03 5.436707321356784757e-03
3.295436265902932601e-16 3.295436265902931615e-16
1.222548510144891830e-04 1.222399047658926112e-04
0.000000000000000000e+00 0.000000000000000000e+00
0.000000000000000000e+00 0.000000000000000000e+00
0.000000000000000000e+00 0.000000000000000000e+00
3.335382146174182110e-08 3.335382034926441829e-08
0.000000000000000000e+00 0.000000000000000000e+00
1.737807499114777942e-06 1.737804479139873891e-06
1.031427689693617013e-03 1.030363846614550235e-03
1.274966612956353578e-04 1.274804058969938240e-04
2.820957078440746758e-03 2.812999279602341769e-03
1.764839797641077354e-03 1.761725138129739644e-03
2.520526199219282927e-03 2.514173146898332229e-03
2.265496927147932845e-04 2.264983679515241203e-04
3.237336012803965300e-03 3.226855668344168031e-03
1.640077975196339031e-03 1.637388119431614809e-03
1.347757423471826199e-01 1.166112416219484693e-01
2.562952612650658789e-03 2.556383886555965972e-03
2.926231437545913361e-02 2.840603133285093257e-02
1.545641438821402714e-04 1.545402538075662396e-04
4.170436056898856741e-02 3.996510687852036087e-02
2.172816422013209691e-03 2.168095290809439555e-03
1.645736605036602837e-02 1.618652115305028658e-02
3.726276717323045735e-03 3.712391579148982025e-03
1.074358824867133679e-14 1.074358824867122162e-14
4.414129239313965814e-05 4.413934393944551947e-05
0.000000000000000000e+00 0.000000000000000000e+00
0.000000000000000000e+00 0.000000000000000000e+00
0.000000000000000000e+00 0.000000000000000000e+00
0.000000000000000000e+00 0.000000000000000000e+00
0.000000000000000000e+00 0.000000000000000000e+00
0.000000000000000000e+00 0.000000000000000000e+00
1.288634121604148499e-03 1.286973543704785904e-03
3.864163595885429644e-04 3.862670419855852898e-04
3.172810750202787345e-03 3.162744022146184945e-03
6.184729151500911347e-04 6.180904064033168827e-04
9.202054977114643847e-04 9.193587195534460178e-04
9.287393979649578217e-05 9.286531422780245541e-05
2.156667395387285545e-03 2.152016181132958977e-03
1.318254401494402652e-03 1.316516606827343363e-03
7.289580188040394038e-02 6.758200394861683946e-02
3.394950287486303304e-03 3.383424600031800181e-03
2.755758885323769669e-02 2.679816814983360454e-02
4.224173971578879617e-05 4.223995535121458051e-05
4.006876819288160418e-02 3.846326200838672688e-02
2.458877216104624584e-03 2.452831138940745996e-03
2.196421505059058601e-02 2.148178830780199736e-02
4.342311502391422474e-03 4.323455833207621307e-03
3.675961295807293478e-05 3.675826168892810502e-05
1.075579259416526336e-05 1.075567690709093447e-05
0.000000000000000000e+00 0.000000000000000000e+00
0.000000000000000000e+00 0.000000000000000000e+00
0.000000000000000000e+00 0.000000000000000000e+00
4.046509761483418083e-06 4.046493387242168384e-06
0.000000000000000000e+00 0.000000000000000000e+00
7.313054373794530296e-10 7.313054368446454016e-10
1.896499098052208988e-03 1.892902389223296081e-03
5.226935356313925024e-04 5.224203270992016767e-04
3.931620119430779756e-03 3.916162482667267207e-03
7.247775760493135183e-04 7.242522735145695990e-04
1.001238965049555457e-03 1.000236485584421898e-03
1.520923394937385347e-04 1.520692074140058488e-04
1.780678765744330523e-03 1.777507948877557692e-03
1.147951619841567098e-03 1.146633826920070163e-03
1.613857006708815101e-01 1.353403562898501389e-01
2.571085467336071614e-02 2.504980662532604180e-02
9.538972005841409030e-02 8.629052136559148267e-02
1.122326656454545116e-03 1.121067039330756647e-03
7.587615010662708548e-02 7.011895995162367723e-02
8.602374546320732882e-03 8.528373698485545995e-03
2.508141634555793170e-02 2.445233889965871266e-02
4.386499053228315285e-03 4.367257679284342574e-03
1.322153912108709690e-15 1.322153912108707915e-15
3.755264559557155554e-06 3.755250457545243185e-06
0.000000000000000000e+00 0.000000000000000000e+00
0.000000000000000000e+00 0.000000000000000000e+00
0.000000000000000000e+00 0.000000000000000000e+00
2.232040980878569654e-06 2.232035998871629416e-06
0.000000000000000000e+00 0.000000000000000000e+00
0.000000000000000000e+00 0.000000000000000000e+00
3.821809460388545226e-03 3.807203232837029928e-03
7.891457332380276890e-04 7.885229822497399291e-04
1.058036194025615759e-02 1.046841788146933572e-02
3.645897618221860363e-03 3.632605048779304503e-03
1.506221114578296799e-03 1.503952412532295240e-03
2.583596437278979697e-04 2.582928940223907588e-04
2.222869255975971469e-03 2.217928108246808305e-03
2.759200843824490164e-03 2.751587654527928601e-03
5.440711598057120651e-02 5.144698171124788277e-02
6.560571603775281792e-03 6.517530504007018957e-03
3.626300723219812866e-02 3.494800153867567288e-02
5.780365279879896801e-04 5.777024017603012759e-04
4.823954341837739107e-02 4.591248986916387359e-02
5.134681749308242504e-03 5.108316792641563395e-03
1.981617001600328651e-02 1.942348942190013847e-02
3.030406013251541603e-03 3.021222652646390547e-03
3.084459129173058721e-06 3.084449615284939072e-06
4.269632576385767441e-05 4.269450278762394155e-05
1.354483783188024619e-17 1.354483783188024619e-17
2.483316845106568128e-09 2.483316838939705465e-09
0.000000000000000000e+00 0.000000000000000000e+00
1.901139003013838903e-07 1.901138641580888137e-07
0.000000000000000000e+00 0.000000000000000000e+00
0.000000000000000000e+00 0.000000000000000000e+00
7.321130665303787017e-04 7.315770769881942137e-04
2.475396097132036071e-04 2.474783338548266283e-04
4.557013111894360480e-03 4.536246743392383096e-03
1.451628800441629808e-03 1.449521574267358115e-03
1.204365090568042425e-03 1.202914595296663549e-03
4.015334710133424030e-05 4.015173481005080114e-05
8.365149287124888644e-04 8.358151714865300064e-04
6.511197322069708611e-04 6.506957753013016370e-04
6.615830084670730471e-02 6.178138007578387603e-02
1.004015725809268879e-02 9.939352500325456669e-03
6.811761117263832876e-02 6.347760222077158954e-02
2.045175111780648093e-04 2.044756837656863473e-04
7.642147238333292514e-02 7.058123094209640958e-02
4.477784001358573254e-03 4.457733451795750299e-03
1.244075005177625384e-02 1.228597778992548267e-02
2.042238003951190543e-03 2.038067267886408112e-03
1.419818463304066935e-06 1.419816447419598093e-06
8.551171531100951645e-06 8.551098408566397706e-06
0.000000000000000000e+00 0.000000000000000000e+00
0.000000000000000000e+00 0.000000000000000000e+00
0.000000000000000000e+00 0.000000000000000000e+00
8.136525044188469538e-08 8.136524382158071466e-08
0.000000000000000000e+00 0.000000000000000000e+00
2.985829959048871796e-07 2.985829067530817178e-07
1.315027349428024139e-03 1.313298052498280532e-03
1.740777584226036573e-04 1.740474553566262212e-04
6.865922393471421241e-03 6.818781503158248894e-03
2.376862703583223352e-03 2.371213227271538448e-03
1.001179153319776624e-03 1.000176793622734560e-03
1.805143329499198521e-05 1.805110744074798319e-05
7.441300412772950236e-04 7.435763117589637211e-04
1.029562302966079666e-03 1.028502304430390767e-03
4.387675499456075712e-02 4.195158536570804675e-02
6.168150897100969313e-04 6.164346288552028427e-04
4.588619878514559047e-02 4.378065554619569449e-02
1.789339302843363617e-06 1.789336101108223016e-06
4.943140104001497032e-02 4.698793763123617490e-02
7.121927503196974875e-04 7.116855318060896036e-04
5.653164515539115323e-03 5.621206246499364442e-03
8.498690829149420064e-04 8.491468054568473284e-04
1.912495906447722329e-16 1.912495906447722082e-16
2.976851019464505372e-06 2.976842157822513417e-06
0.000000000000000000e+00 0.000000000000000000e+00
0.000000000000000000e+00 0.000000000000000000e+00
0.000000000000000000e+00 0.000000000000000000e+00
7.583456017459607823e-07 7.583450266579090922e-07
0.000000000000000000e+00 0.000000000000000000e+00
1.156886106644656329e-06 1.156884768259192616e-06
1.941907451132682413e-04 1.941530350677805980e-04
4.067107957431248901e-05 4.066942543759875111e-05
2.947005681493559438e-03 2.938320839006804044e-03
7.337433616910679635e-04 7.332049823702422231e-04
3.114422664550413442e-04 3.113452701697066831e-04
1.353182195026722278e-05 1.353163884006192873e-05
2.776895517861032088e-04 2.776124402989320230e-04
1.860059383711235807e-04 1.859713401620142505e-04
5.200765799027926711e-02 4.930286150064541045e-02
9.731679952653214801e-04 9.722209393183127869e-04
8.387238432605642613e-02 7.683780747351870444e-02
3.235936612608399928e-05 3.235831899750791742e-05
6.117048125119090712e-02 5.742865347468861098e-02
4.743116881621201627e-04 4.740867165845929609e-04
3.202923087216786192e-03 3.192664370914160069e-03
3.994967095057245696e-04 3.993371118848186726e-04
1.291790944324958087e-07 1.291790777452573689e-07
7.462138743637881588e-06 7.462083060123252667e-06
1.000353477515261860e-16 1.000353477515261737e-16
7.746767690758417467e-09 7.746767630746007423e-09
0.000000000000000000e+00 0.000000000000000000e+00
1.648291271220608538e-05 1.648264102579460882e-05
0.000000000000000000e+00 0.000000000000000000e+00
3.588245096305277780e-06 3.588232220802406801e-06
3.227526006482317705e-04 3.226484314070065585e-04
1.104442479810954444e-04 1.104320500491833332e-04
6.154407776481092725e-03 6.116531041401881627e-03
1.386106573024356277e-03 1.384185281592575012e-03
3.037046025293664792e-04 3.036123660437689510e-04
3.006635142318795693e-05 3.006544743770005429e-05
2.924472654735468867e-04 2.923617400704639382e-04
3.283891512056001270e-04 3.282813117709705683e-04
4.610703479033546881e-02 4.398117613317826385e-02
5.127682315061548842e-05 5.127419383802306996e-05
7.695083494706274341e-02 7.102940394801264545e-02
2.208888815813473242e-08 2.208888767021575308e-08
2.940164600272451509e-02 2.853718921505498871e-02
8.710455318467703249e-05 8.709696598149152720e-05
1.740295623501836525e-03 1.737266994644656899e-03
1.094961159556903586e-04 1.094841265562809823e-04
9.793482379289117110e-18 9.793482379289117110e-18
7.746767690758417467e-09 7.746767630746007423e-09
0.000000000000000000e+00 0.000000000000000000e+00
0.000000000000000000e+00 0.000000000000000000e+00
0.000000000000000000e+00 0.000000000000000000e+00
0.000000000000000000e+00 0.000000000000000000e+00
0.000000000000000000e+00 0.000000000000000000e+00
0.000000000000000000e+00 0.000000000000000000e+00
1.431781836719000535e-04 1.431576836796204699e-04
1.450703068621501498e-05 1.450682023227568496e-05
6.285198563119976517e-03 6.245694842142130755e-03
2.645281269457042052e-04 2.644581518157588249e-04
3.316589000208475190e-06 3.316578000445878952e-06
5.392298932510128942e-06 5.392269855622351152e-06
1.255598951678578033e-04 1.255441298805832335e-04
4.679064446701378311e-05 4.678845510260414134e-05
7.801623148843031541e-02 7.192969911277397044e-02
6.027568507098378381e-02 5.664252686020736921e-02
2.817308578519878148e-01 2.023585815859708648e-01
1.999243346452434390e-03 1.995246372494100234e-03
1.939695276603490837e-01 1.563453499995701712e-01
3.807420752184074303e-03 3.792924299399912449e-03
6.416045194027050064e-03 6.374879558095252266e-03
6.806510314805320474e-04 6.801877456538764919e-04
9.962030551661985353e-16 9.962030551661975492e-16
2.956782910505840350e-04 2.955908653987854360e-04
2.671562411959985939e-18 2.671562411959985939e-18
5.254040020562882109e-06 5.254012415626344277e-06
9.557682752204289540e-05 9.556769259208371570e-05
5.015225829191787335e-05 5.014974304290609100e-05
4.529382906787596464e-05 4.529177753692433531e-05
6.983924479429438637e-06 6.983875704228304304e-06
1.672415093162547134e-03 1.669618120918709174e-03
2.320943540888000195e-04 2.320404862996001245e-04
5.977310211630601500e-03 5.941581974264538435e-03
1.584765395322309959e-03 1.582253913964098892e-03
4.293803243687086360e-04 4.291959569057536366e-04
1.446869753807955984e-04 1.446660410599507685e-04
2.846264639003197512e-04 2.845454516763673493e-04
4.465227257016900165e-04 4.463233431571219561e-04
1.332628860491085199e-01 1.155038892509708398e-01
7.038917653804301934e-03 6.989371292067263902e-03
9.791701007633357712e-02 8.832926921404476994e-02
2.003495501352457576e-05 2.003455361410218106e-05
4.368464702360861512e-02 4.177629863803133947e-02
4.209272868100489944e-04 4.207501070292677271e-04
1.111887068612209435e-03 1.110650775758862448e-03
4.276958659615487965e-04 4.275129422077881994e-04
1.474481648216654271e-17 1.474481648216654271e-17
1.505979363005306426e-05 1.505956683266888387e-05
0.000000000000000000e+00 0.000000000000000000e+00
0.000000000000000000e+00 0.000000000000000000e+00
0.000000000000000000e+00 0.000000000000000000e+00
7.100767917321187095e-07 7.100762875230685146e-07
0.000000000000000000e+00 0.000000000000000000e+00
0.000000000000000000e+00 0.000000000000000000e+00
3.531612520644222478e-05 3.531487797774262650e-05
1.531183521086614891e-05 1.531160075856862388e-05
8.758449447398009013e-02 7.991345080171743942e-02
1.408754227218302589e-02 1.388908342491248192e-02
4.015318606205412508e-04 4.013706327854478615e-04
2.310175973854038743e-05 2.310122604723737012e-05
6.540430652637203304e-05 6.540002880305983545e-05
4.400872875716515262e-04 4.398936107509693414e-04
1.630147908107761057e-01 1.364409687876950161e-01
2.844100104880339670e-04 2.843291214339681815e-04
2.900803751738748049e-01 2.059337511128588316e-01
6.370855237732743893e-05 6.370449359768143045e-05
1.724383006744479585e-01 1.427033331349566447e-01
4.420741708613432246e-06 4.420722165656178340e-06
1.424000125613881737e-04 1.423797347978106916e-04
1.585444192618874269e-05 1.585419056285995024e-05
5.162956455745608111e-17 5.162956455745608111e-17
0.000000000000000000e+00 0.000000000000000000e+00
0.000000000000000000e+00 0.000000000000000000e+00
0.000000000000000000e+00 0.000000000000000000e+00
0.000000000000000000e+00 0.000000000000000000e+00
7.774046422548716061e-06 7.773985986750936433e-06
0.000000000000000000e+00 0.000000000000000000e+00
0.000000000000000000e+00 0.000000000000000000e+00
9.277031473830050359e-06 9.276945410517083377e-06
3.366522255675991187e-07 3.366521122328781284e-07
5.801420478493675946e-03 5.767763998925389858e-03
2.451351936377093536e-03 2.445342810061113762e-03
8.222738954532057520e-06 8.222671341096143504e-06
7.012770065929470418e-05 7.012278276489493888e-05
1.365614168017224457e-06 1.365612303115168476e-06
2.010759042005138555e-04 2.010354726812638019e-04
1.535323721528220609e-01 1.299601828539494186e-01
6.088434681995677153e-03 6.051365645118749609e-03
2.767103044580203064e-01 2.001417118647700333e-01
1.442052573149838539e-05 1.442031777993601295e-05
1.200642332734724316e-01 1.056488131619256199e-01
1.598527817832959914e-04 1.598272288714521448e-04
4.313830278313435934e-04 4.311969365146426465e-04
3.437782469773032607e-05 3.437664286289937907e-05
0.000000000000000000e+00 0.000000000000000000e+00
0.000000000000000000e+00 0.000000000000000000e+00
0.000000000000000000e+00 0.000000000000000000e+00
7.746767690758417467e-09 7.746767630746007423e-09
0.000000000000000000e+00 0.000000000000000000e+00
3.878037183982147264e-06 3.878022144809747234e-06
0.000000000000000000e+00 0.000000000000000000e+00
0.000000000000000000e+00 0.000000000000000000e+00
4.177838533707065795e-06 4.177821079372252307e-06
1.687584793382111963e-03 1.684736850947257366e-03
1.071305650575777313e-01 9.565360708802184142e-02
3.778155024679157037e-02 3.635410470774073227e-02
5.269060590098872433e-03 5.241297590596739712e-03
1.383775014664275936e-04 1.383583531335155043e-04
2.708024087018130291e-07 2.708023353678684896e-07
5.166491274264556647e-04 5.163822011055851100e-04
3.455237522209744783e-01 2.261370888721131178e-01
6.359762485026140832e-02 5.955296696366681880e-02
3.561150461645136156e-01 2.292971200597599402e-01
2.645885327655301804e-05 2.645815320563630786e-05
8.021298717843872508e-03 7.956957484722988055e-03
2.608147913160390895e-07 2.608147232916837339e-07
4.665952567228091359e-05 4.665734856094494958e-05
3.056632801698252739e-07 3.056631867397844034e-07
0.000000000000000000e+00 0.000000000000000000e+00
5.924258812640630169e-18 5.924258812640630169e-18
0.000000000000000000e+00 0.000000000000000000e+00
0.000000000000000000e+00 0.000000000000000000e+00
0.000000000000000000e+00 0.000000000000000000e+00
6.785140778190477974e-07 6.785136174376940024e-07
0.000000000000000000e+00 0.000000000000000000e+00
8.985150783150208919e-18 8.985150783150208919e-18
2.674492995961692913e-07 2.674492280670414217e-07
1.587756710216071118e-07 1.587756458118934160e-07
1.357015478681464302e-03 1.355173987672083323e-03
7.381406675322150276e-05 7.380861823677085476e-05
1.068480348230805561e-06 1.068479206580551063e-06
2.752955494891198203e-05 2.752879707251629807e-05
1.079775082253068805e-05 1.079763423110786197e-05
1.071710841499361536e-03 1.070562277371574222e-03
3.540853057484671940e-01 2.287089020014816954e-01
3.142460975449657551e-02 3.043710365627417397e-02
3.156635474082939430e-01 2.160200722459056921e-01
7.338537477658892702e-04 7.333152064427792211e-04
1.900772489749179006e-01 1.539478883970449852e-01
1.373986474106783320e-05 1.373967595718473011e-05
1.370160852833356311e-05 1.370142079425729945e-05
3.625595295536744919e-06 3.625582150595497945e-06
1.085444897607585746e-07 1.085444779788523228e-07
4.473246948584642737e-06 4.473226938646380051e-06
0.000000000000000000e+00 0.000000000000000000e+00
4.754276070403631704e-06 4.754253467262677863e-06
8.311841353600911601e-06 8.311772266894224291e-06
6.440624689928775072e-05 6.440209873464809991e-05
7.066186191741261381e-13 7.066186191736268207e-13
1.576163402154225262e-12 1.576163402151740893e-12
2.774451735631232258e-07 2.774450965872989079e-07
8.542945334971571020e-03 8.469963419975258187e-03
1.439714960360015394e-01 1.232437043651571362e-01
9.105704526529370679e-02 8.276565977284795761e-02
3.361967379369863035e-02 3.248939132770392590e-02
3.185350999229045593e-06 3.185340852768057482e-06
4.531507825288261884e-06 4.531487290725091540e-06
4.768674908936523468e-05 4.768447506332651979e-05
3.884599323043618213e-01 2.375588132984524647e-01
4.419013785100969066e-02 4.223736956771845241e-02
1.737374724295624451e-01 1.435527631033494678e-01
4.910874845903722904e-03 4.886758154151593127e-03
2.014459364510550344e-03 2.010401317979285899e-03
1.212460252283557679e-06 1.212458782223694223e-06
9.856900671186119415e-05 9.855929086277703604e-05
3.543379072826843037e-05 3.543253517474305870e-05
2.107778424107094355e-09 2.107778419664364360e-09
1.431692803547847576e-15 1.431692803547845604e-15
0.000000000000000000e+00 0.000000000000000000e+00
7.541964662342830428e-10 7.541964656654707436e-10
0.000000000000000000e+00 0.000000000000000000e+00
3.888669498002949188e-06 3.888654376252484661e-06
0.000000000000000000e+00 0.000000000000000000e+00
4.003537365893506257e-13 4.003537365891903292e-13
2.626818988169985372e-06 2.626812087991988556e-06
3.575022104371658816e-08 3.575021976563828184e-08
3.097814175224343448e-04 3.096854529957921093e-04
2.515219239380328260e-07 2.515218606747545875e-07
1.330986494681648146e-07 1.330986317529143298e-07
5.723731433028800740e-06 5.723698671927283268e-06
8.356523429695081415e-04 8.349540281311977315e-04
5.113422550884360760e-04 5.110807841865971880e-04
3.074840281798201791e-01 2.129376005941317485e-01
3.089413629186413962e-02 2.993968863464386426e-02
9.349957084225271609e-02 8.475740109456728066e-02
1.225070084466787994e-05 1.225055076499669412e-05
2.471529184723099751e-04 2.470918339072005723e-04
2.871004502163569783e-09 2.871004493920902749e-09
1.092565131601667079e-07 1.092565012231810452e-07
7.832176188666082590e-08 7.832175575236244657e-08
0.000000000000000000e+00 0.000000000000000000e+00
4.989671046560460559e-19 4.989671046560460559e-19
0.000000000000000000e+00 0.000000000000000000e+00
0.000000000000000000e+00 0.000000000000000000e+00
0.000000000000000000e+00 0.000000000000000000e+00
9.262284754163502869e-08 9.262283896264314041e-08
0.000000000000000000e+00 0.000000000000000000e+00
0.000000000000000000e+00 0.000000000000000000e+00
1.289113264107777398e-05 1.289096645977700481e-05
2.144362338181026882e-04 2.143902509197285837e-04
1.331438483931262906e-01 1.154165640281944877e-01
5.633851760009028764e-02 5.316448903471460152e-02
4.753715622151230211e-03 4.731117809934945462e-03
1.314337407597118331e-06 1.314335680114297251e-06
9.810730293841509050e-05 9.809767789552524271e-05
4.637344857610760596e-05 4.637129807937476179e-05
3.540477280065967292e-01 2.286979342999636289e-01
1.826602902908394839e-03 1.823266424743481525e-03
3.704231683340810655e-01 2.332098446954221083e-01
2.379004989041876462e-08 2.379004932445229017e-08
1.082527703549272108e-02 1.070809041259755505e-02
1.081741886755917007e-10 1.081741886638900419e-10
7.153270342293521446e-08 7.153269830600755221e-08
1.211399259052065272e-10 1.211399258905316452e-10
0.000000000000000000e+00 0.000000000000000000e+00
0.000000000000000000e+00 0.000000000000000000e+00
0.000000000000000000e+00 0.000000000000000000e+00
0.000000000000000000e+00 0.000000000000000000e+00
0.000000000000000000e+00 0.000000000000000000e+00
8.814440451563663303e-11 8.814440450786719696e-11
0.000000000000000000e+00 0.000000000000000000e+00
0.000000000000000000e+00 0.000000000000000000e+00
5.458330688338865955e-07 5.458327709001475255e-07
3.637359663493280254e-08 3.637359531189427193e-08
1.307681237526801821e-03 1.305971207307822122e-03
9.908004692673813354e-06 9.907906524116823620e-06
9.220824829320843426e-06 9.220739805710310766e-06
2.850203267801101631e-08 2.850203186564514897e-08
5.196461072589022857e-05 5.196191040512233530e-05
1.844850895194098968e-05 1.844816860445843866e-05
3.665573492672449252e-01 2.321930589654159494e-01
7.559312058575551330e-02 6.987880070586294234e-02
1.928936923182084096e-01 1.556857157820567550e-01
7.623092174524957840e-05 7.622511059181944393e-05
1.152452893766416769e-02 1.139171417042910903e-02
4.020179411049610023e-09 4.020179394887767267e-09
6.771109881691008813e-05 6.770651402400709360e-05
5.415289974595641515e-07 5.415287042059090141e-07
8.985150783150208919e-18 8.985150783150208919e-18
0.000000000000000000e+00 0.000000000000000000e+00
0.000000000000000000e+00 0.000000000000000000e+00
0.000000000000000000e+00 0.000000000000000000e+00
0.000000000000000000e+00 0.000000000000000000e+00
4.591992018749832437e-08 4.591991807885925435e-08
0.000000000000000000e+00 0.000000000000000000e+00
0.000000000000000000e+00 0.000000000000000000e+00
3.624292348091954661e-04 3.622978798589510823e-04
2.770424357242123750e-04 2.769656832130203941e-04
1.720962966521313309e-01 1.424791613307529459e-01
1.011650147759654145e-01 9.093065456134410973e-02
2.395579950705762837e-02 2.338191917703528674e-02
3.697603295505666557e-05 3.697466572804356926e-05
2.650045050914066869e-04 2.649342777036879345e-04
1.041517133325790562e-03 1.040432375386779375e-03
4.552950582053752471e-01 2.480014681791392062e-01
1.453595679561824061e-01 1.242301639597744034e-01
3.861654958382274017e-01 2.370417056622433905e-01
5.967368674199402707e-03 5.931759185305585970e-03
5.500202131789822674e-02 5.197679896884369738e-02
2.263986470737285527e-04 2.263473907263317483e-04
6.483885713041230548e-05 6.483465305301832910e-05
1.620097172263487738e-04 1.619834700778730139e-04
0.000000000000000000e+00 0.000000000000000000e+00
5.961148299932205685e-18 5.961148299932205685e-18
0.000000000000000000e+00 0.000000000000000000e+00
0.000000000000000000e+00 0.000000000000000000e+00
0.000000000000000000e+00 0.000000000000000000e+00
5.485989508995920614e-08 5.485989208035111525e-08
0.000000000000000000e+00 0.000000000000000000e+00
0.000000000000000000e+00 0.000000000000000000e+00
2.172849285879978787e-04 2.172377158478063864e-04
3.386793685864471855e-05 3.386678982149765740e-05
7.171962052734626170e-02 6.657591655875971792e-02
3.167123715333368915e-03 3.157093042705142079e-03
1.314729180091519112e-03 1.313000667274535037e-03
8.339203794412630962e-06 8.339134252092706559e-06
8.986331126919214684e-04 8.978255712206950840e-04
7.662965594059359311e-04 7.657093489889786088e-04
1.607314923948466312e-01 1.348968797473719949e-01
3.497260690083700010e-04 3.496037606850259621e-04
1.351715177575504301e-01 1.169001785446706632e-01
1.484898380071076085e-08 1.484898358021844141e-08
1.400942455773707303e-02 1.381316058129814645e-02
9.579193282724001091e-06 9.579101521780053200e-06
1.298985546206917212e-04 1.298816809861991651e-04
1.649821494040333754e-04 1.649549302944113905e-04
0.000000000000000000e+00 0.000000000000000000e+00
2.642917770694519860e-21 2.642917770694519860e-21
0.000000000000000000e+00 0.000000000000000000e+00
0.000000000000000000e+00 0.000000000000000000e+00
0.000000000000000000e+00 0.000000000000000000e+00
0.000000000000000000e+00 0.000000000000000000e+00
0.000000000000000000e+00 0.000000000000000000e+00
0.000000000000000000e+00 0.000000000000000000e+00
3.566054916365454580e-04 3.564783241598801157e-04
1.189207533699172245e-04 1.189066112243351592e-04
1.374589691937608271e-01 1.185640009819495383e-01
9.955852110919824818e-03 9.856733119665318787e-03
2.313125394038070479e-03 2.307774844949526862e-03
1.173742200080882904e-05 1.173728423373360351e-05
5.946900374644818613e-04 5.943363812238223630e-04
6.099521278799118097e-05 6.099149237200812755e-05
1.793034870893993049e-01 1.471537466069809119e-01
6.410436524245029244e-02 5.999499559931282394e-02
1.098776863297470513e-01 9.780458037656876435e-02
3.142285661445196119e-04 3.141298265527383768e-04
3.861385968857043716e-02 3.712282952852183349e-02
1.409507453320340577e-04 1.409308782194243958e-04
8.616986273013791785e-04 8.609561027770860648e-04
4.318286891777563534e-04 4.316422131609593546e-04
0.000000000000000000e+00 0.000000000000000000e+00
5.273978021011152218e-17 5.273978021011152218e-17
0.000000000000000000e+00 0.000000000000000000e+00
0.000000000000000000e+00 0.000000000000000000e+00
0.000000000000000000e+00 0.000000000000000000e+00
1.660213593294470129e-07 1.660213317663552671e-07
0.000000000000000000e+00 0.000000000000000000e+00
5.267678504513910031e-12 5.267678504486161515e-12
1.439916300753702827e-03 1.437842941800526611e-03
3.806509415112814911e-04 3.805060463720080863e-04
8.863500273878247016e-02 8.077883902827849572e-02
1.215788834846885311e-02 1.201007409937501769e-02
4.800614592138663546e-03 4.777568691676409122e-03
8.980553620034417424e-05 8.979747116601194846e-05
8.145383947676122218e-04 8.138749219710615830e-04
2.739164800019785648e-04 2.738414497639618961e-04
2.339235697325335595e-01 1.792033332561220604e-01
4.537114785931012362e-02 4.331260680123874551e-02
1.374796430024847471e-01 1.185789907623940875e-01
2.807893054064703776e-03 2.800008790661639123e-03
2.513417186478499044e-02 2.450244526945644097e-02
1.730299814848526465e-04 1.730000421103599891e-04
1.076865880669615125e-03 1.075706240544664757e-03
2.219011361328302302e-04 2.218518960186131883e-04
0.000000000000000000e+00 0.000000000000000000e+00
1.662704246058954548e-19 1.662704246058954548e-19
0.000000000000000000e+00 0.000000000000000000e+00
0.000000000000000000e+00 0.000000000000000000e+00
0.000000000000000000e+00 0.000000000000000000e+00
1.311745791103217258e-11 1.311745791086010447e-11
0.000000000000000000e+00 0.000000000000000000e+00
1.141857747261831574e-11 1.141857747248793140e-11
2.026045076613694484e-02 1.984996490088988472e-02
9.158773675395618166e-03 9.074890540158498178e-03
1.012301984607209965e-01 9.098264538032403703e-02
1.352720873185705996e-02 1.334422335578182989e-02
7.363947103806009822e-03 7.309719386858357093e-03
2.543476774397829092e-04 2.542829846987639236e-04
3.282951651782964287e-04 3.281873874628170058e-04
8.819263957230162577e-05 8.818486163062689491e-05
2.646884120251434824e-01 1.946284565647513620e-01
7.453895332212702451e-02 6.898289775976879090e-02
3.203448501208545074e-01 2.177240271219017531e-01
2.197460254928793825e-03 2.192631423356802313e-03
7.123685069935109526e-02 6.616216180178945139e-02
7.835159541148995366e-04 7.829020568645469590e-04
2.231002467605244181e-03 2.226025095594783357e-03
1.352277750645003169e-04 1.352094885133514200e-04
0.000000000000000000e+00 0.000000000000000000e+00
1.269104181050246737e-19 1.269104181050246737e-19
0.000000000000000000e+00 0.000000000000000000e+00
0.000000000000000000e+00 0.000000000000000000e+00
0.000000000000000000e+00 0.000000000000000000e+00
7.178840723107699612e-05 7.178325365566422234e-05
0.000000000000000000e+00 0.000000000000000000e+00
0.000000000000000000e+00 0.000000000000000000e+00
3.269797374465625156e-02 3.162881625765002341e-02
1.328434203347417762e-02 1.310786829021184929e-02
1.262744706257016847e-01 1.103292286939004940e-01
3.811367645718818919e-02 3.666102412410496975e-02
2.081284451510980252e-02 2.037967001829966637e-02
4.110590217165664478e-04 4.108900521972318524e-04
2.968853026396953555e-04 2.967971617567718881e-04
6.417593852878336396e-04 6.413475301792286552e-04
1.688519975284521191e-01 1.403410004591037208e-01
1.311221349176531700e-02 1.294028334911168435e-02
1.692358916411726144e-01 1.405951046215898892e-01
1.206348722173765684e-04 1.206203194449816639e-04
2.648336064619525448e-02 2.578199225507881234e-02
3.536626710926110776e-05 3.536501633641186233e-05
6.245483782421137886e-04 6.241583175653488916e-04
3.073444456933731078e-05 3.073349996325432814e-05
0.000000000000000000e+00 0.000000000000000000e+00
1.707613837432030458e-21 1.707613837432030458e-21
0.000000000000000000e+00 0.000000000000000000e+00
0.000000000000000000e+00 0.000000000000000000e+00
0.000000000000000000e+00 0.000000000000000000e+00
2.371640209973749678e-11 2.371640209917503012e-11
0.000000000000000000e+00 0.000000000000000000e+00
0.000000000000000000e+00 0.000000000000000000e+00
2.362407229595556851e-02 2.306597550411103315e-02
4.288865145356741612e-03 4.270470781121685731e-03
6.801753013840317053e-02 6.339114573227458416e-02
1.956840318881024332e-02 1.918548078545040392e-02
9.838887026623884674e-03 9.742083328701217626e-03
6.178857010739812416e-05 6.178475228000221138e-05
2.311839657882243225e-05 2.311786211856205485e-05
1.207932080661793001e-05 1.207917489662678056e-05
1.309508495627308977e-01 1.138027245615299138e-01
1.153132564180082108e-02 1.139835417074356802e-02
1.666125741766843471e-01 1.388528243029031883e-01
2.808056781171749537e-04 2.807268262883121004e-04
2.989034077600403669e-02 2.899690830429838689e-02
5.848648218334947743e-05 5.848306151475129614e-05
4.390049079573652715e-04 4.388121826481546431e-04
1.313210752861226613e-05 1.313193507636412271e-05
1.638226930429545214e-14 1.638226930429518393e-14
2.162584456349838104e-07 2.162583988672685026e-07
0.000000000000000000e+00 0.000000000000000000e+00
3.288937036405875275e-07 3.288935954695192500e-07
0.000000000000000000e+00 0.000000000000000000e+00
9.428736634777397887e-07 9.428727744669944921e-07
0.000000000000000000e+00 0.000000000000000000e+00
1.750758679506587073e-06 1.750755614350633272e-06
9.419431226310106750e-03 9.330705541682920642e-03
1.696334472565688917e-03 1.693456921922874281e-03
4.788408887784618290e-02 4.559120291018470966e-02
1.921392198014093555e-02 1.884474718228199355e-02
5.972536563371102884e-03 5.936865370370298170e-03
4.481931509777926828e-05 4.481730632677343742e-05
3.635543002784847698e-06 3.635529785611922553e-06
3.318353912987980885e-05 3.318243798261062358e-05
6.325857454560399051e-02 5.925692729206225029e-02
2.537474680548777121e-03 2.531035902794351051e-03
1.155367277735286496e-01 1.021879923089141773e-01
6.277383998679525240e-04 6.273443443692837971e-04
3.988543215624705540e-02 3.829458445795647092e-02
8.727466352643238471e-05 8.726704665953873051e-05
4.037806411013687290e-04 4.036176022952404777e-04
8.677134154716325935e-06 8.677058862059186810e-06
5.976844221541560759e-14 5.976844221541203562e-14
3.790051634409456182e-06 3.790037269918064828e-06
9.197631660329161309e-16 9.197631660329153420e-16
4.209680022064369594e-07 4.209678249923780684e-07
0.000000000000000000e+00 0.000000000000000000e+00
1.018986634994456652e-05 1.018976251656833647e-05
0.000000000000000000e+00 0.000000000000000000e+00
4.177877851138880018e-06 4.177860396475540566e-06
3.779280219836803154e-03 3.764997260856753260e-03
1.353457875225715003e-03 1.351626027005704399e-03
3.694640682885355631e-02 3.558136985129040086e-02
1.328276977602001543e-02 1.310633780309726493e-02
5.874341746090252017e-03 5.839833855140393395e-03
9.638799733732293000e-04 9.629509087701593455e-04
1.706140793530686343e-05 1.706111684366612896e-05
3.632309151453874414e-03 3.619115481682139059e-03
2.936340998779676803e-02 2.850120014168532404e-02
3.268120053883262661e-03 3.257439445196668587e-03
1.338804439877176733e-01 1.159564707053692689e-01
2.359556055327719903e-03 2.353988550549486209e-03
9.442756300964202931e-02 8.551099835370211399e-02
6.273944114312028858e-04 6.270007876837078173e-04
5.324441370519060381e-04 5.321606402928251087e-04
7.511339150763576815e-06 7.511282730547739163e-06
3.964563542022255860e-09 3.964563526304491634e-09
1.432370228383765046e-06 1.432368176699293892e-06
0.000000000000000000e+00 0.000000000000000000e+00
1.346000163802240963e-07 1.345999982630596809e-07
0.000000000000000000e+00 0.000000000000000000e+00
7.443109007353708190e-04 7.437569020184173554e-04
2.792496527534487333e-13 2.792496527533707308e-13
2.956733481436795070e-04 2.955859254148770088e-04
1.131807022797145200e-02 1.118997151428615874e-02
3.418746272634526785e-03 3.407058446557874147e-03
4.223109129571660236e-02 4.044762622368944932e-02
6.011061369499160270e-03 5.974928510711275363e-03
1.005758710459718009e-03 1.004747159876052346e-03
7.624227325587299223e-03 7.566098483275066934e-03
2.095324337640623127e-05 2.095280433799823967e-05
2.119346413728301001e-02 2.074430121514470732e-02
7.383201569772452136e-03 7.328689904352561797e-03
6.047233484716906752e-04 6.043576581435038076e-04
1.419077677037710039e-01 1.217699531691035786e-01
1.162347364211276599e-05 1.162333853697325715e-05
5.719828548977676230e-02 5.392664162680675666e-02
1.299176806754612180e-12 1.299176806752924296e-12
4.978557458382106426e-06 4.978532672347739845e-06
8.077186970309767566e-08 8.077186317900274111e-08
1.131128898547176271e-14 1.131128898547163492e-14
2.192863165013332469e-13 2.192863165012851579e-13
0.000000000000000000e+00 0.000000000000000000e+00
0.000000000000000000e+00 0.000000000000000000e+00
0.000000000000000000e+00 0.000000000000000000e+00
4.424943632008496956e-10 4.424943630050484449e-10
0.000000000000000000e+00 0.000000000000000000e+00
2.949090741477776422e-18 2.949090741477776422e-18
6.390817756449893201e-04 6.386733501290277424e-04
2.272099584325000609e-06 2.272094421888479337e-06
1.592004377731756973e-02 1.566659598344586138e-02
5.315793559136564169e-04 5.312967793020228731e-04
3.664158146740301890e-05 3.664023886191058554e-05
6.191966874313239819e-09 6.191966835972785634e-09
5.825864156801317717e-07 5.825860762732000323e-07
1.912180894418777431e-08 1.912180857854419815e-08
2.575220946225364148e-03 2.568589183303486134e-03
3.532937575688050173e-04 3.531689410896679494e-04
2.835727582489254717e-01 2.031592490280219598e-01
3.263824868130447510e-07 3.263823802875170680e-07
9.348379023709885161e-02 8.474457120000494781e-02
1.995760184750823048e-09 1.995760180767764351e-09
1.229924980355271128e-05 1.229909853200698112e-05
3.460237894374758853e-08 3.460237774642296156e-08
9.748796406316207535e-13 9.748796406306703843e-13
1.533145377317907439e-12 1.533145377315556962e-12
0.000000000000000000e+00 0.000000000000000000e+00
0.000000000000000000e+00 0.000000000000000000e+00
0.000000000000000000e+00 0.000000000000000000e+00
0.000000000000000000e+00 0.000000000000000000e+00
0.000000000000000000e+00 0.000000000000000000e+00
0.000000000000000000e+00 0.000000000000000000e+00
8.783428759904987268e-04 8.775713897826954366e-04
1.386338225113764578e-04 1.386146031746323499e-04
4.310566191682831810e-02 4.124756382754041217e-02
8.821493461921319683e-04 8.813711587231448045e-04
1.920132165767429960e-04 1.919763475014028495e-04
3.079390352246235920e-07 3.079389403981741573e-07
1.337904255816788378e-06 1.337902465828990594e-06
5.860083631528452246e-07 5.860080197470435185e-07
2.154934660603984378e-02 2.108497226689260221e-02
8.111707271912797085e-03 8.045907477047593848e-03
1.490067364686767926e-01 1.268037289556311065e-01
1.143421847737501008e-03 1.142114434215617518e-03
8.625666963422286282e-02 7.881645657783539760e-02
3.250431147410712566e-05 3.250325494384271972e-05
1.603138994496704724e-06 1.603136424442068976e-06
2.102224309352589588e-07 2.102223867417884802e-07
5.556381094143786993e-14 5.556381094143478391e-14
1.164266669281463737e-13 1.164266669281328179e-13
0.000000000000000000e+00 0.000000000000000000e+00
0.000000000000000000e+00 0.000000000000000000e+00
0.000000000000000000e+00 0.000000000000000000e+00
1.967075951371296878e-07 1.967075564432517004e-07
0.000000000000000000e+00 0.000000000000000000e+00
0.000000000000000000e+00 0.000000000000000000e+00
1.756715242439517628e-04 1.756406637595215681e-04
4.797586989906286531e-05 4.797356821497029083e-05
1.450478515634576540e-03 1.448374627710259091e-03
6.229137742961048142e-07 6.229133862745345597e-07
6.855550887382787890e-08 6.855550417397008133e-08
7.981677136349693768e-07 7.981670765632702799e-07
3.269664069868104805e-06 3.269653379164975106e-06
8.561555506029596674e-06 8.561482205796913832e-06
2.167533288560492821e-02 2.120551282990314201e-02
1.657120555479518872e-04 1.656845950625979733e-04
3.766229284546719902e-01 2.347780982168990171e-01
3.303522644855851910e-04 3.302431318669344479e-04
3.354608753713698155e-01 2.229268764664441016e-01
4.451248036167165744e-10 4.451248034185805030e-10
1.028488538714345861e-05 1.028477960827603270e-05
3.227050601770485989e-06 3.227040187914899728e-06
5.988219618177088403e-14 5.988219618176729945e-14
2.776333586397857560e-12 2.776333586390149594e-12
0.000000000000000000e+00 0.000000000000000000e+00
0.000000000000000000e+00 0.000000000000000000e+00
0.000000000000000000e+00 0.000000000000000000e+00
5.616334130734601499e-09 5.616334099191392328e-09
0.000000000000000000e+00 0.000000000000000000e+00
8.838406499081408865e-21 8.838406499081408865e-21
2.360972975225434506e-03 2.355398781835689806e-03
9.833983964666020809e-04 9.824313240604290714e-04
1.591459222051276323e-01 1.338184976506071044e-01
4.032480031497848345e-03 4.016219136293419818e-03
2.674480411499791403e-04 2.673765126952641689e-04
2.874630782278604949e-07 2.874629955928391734e-07
1.132960801803376780e-05 1.132947965801592530e-05
5.001333417081874488e-06 5.001308403745925978e-06
5.603919877688568699e-04 5.600779485889013009e-04
1.781037303543790576e-06 1.781034131449914054e-06
7.739342095111020892e-02 7.140367934459446175e-02
3.039125117774388142e-15 3.039125117774379070e-15
2.978022214894355049e-02 2.889336051770312330e-02
7.816612536763987174e-13 7.816612536757877225e-13
1.378372086451036545e-06 1.378370186541427761e-06
3.484922829061626298e-06 3.484910684374501730e-06
2.473927706362923534e-16 2.473927706362923041e-16
4.080796030775017060e-09 4.080796014122121015e-09
0.000000000000000000e+00 0.000000000000000000e+00
0.000000000000000000e+00 0.000000000000000000e+00
0.000000000000000000e+00 0.000000000000000000e+00
0.000000000000000000e+00 0.000000000000000000e+00
0.000000000000000000e+00 0.000000000000000000e+00
1.389360481179614648e-11 1.389360481160311452e-11
3.232925375101179181e-06 3.232914923294698035e-06
3.542359784416586978e-07 3.542358529585302918e-07
2.535531751654925524e-03 2.529102830391275359e-03
9.686611949441290071e-10 9.686611940058245375e-10
1.512540109243048991e-10 1.512540109014271254e-10
8.250222513560315106e-09 8.250222445494143745e-09
6.926106764915815444e-06 6.926058793960896599e-06
4.074187233941109142e-06 4.074170634939491553e-06
8.041918433298999441e-03 7.977245981211165266e-03
4.668742521170323861e-05 4.668524549603034212e-05
3.929624738969660358e-01 2.385429680057423174e-01
1.047211386199322237e-03 1.046114734511936631e-03
1.862727188170401060e-01 1.515751930415480120e-01
1.506181691583857479e-07 1.506181464725528580e-07
1.600064234807705845e-06 1.600061674602150249e-06
1.131076098562081926e-06 1.131074819228941240e-06
7.933533263528500852e-21 7.933533263528500852e-21
1.135855349427667666e-12 1.135855349426377418e-12
0.000000000000000000e+00 0.000000000000000000e+00
0.000000000000000000e+00 0.000000000000000000e+00
0.000000000000000000e+00 0.000000000000000000e+00
1.288921680321703381e-10 1.288921680155571393e-10
0.000000000000000000e+00 0.000000000000000000e+00
2.035215806197121859e-17 2.035215806197121859e-17
2.565255331017014806e-03 2.558674796103703724e-03
1.324964142763693968e-03 1.323208612784084522e-03
1.769307636875616097e-01 1.456262685484978336e-01
1.444939486491745619e-02 1.424060985295515398e-02
8.901105424999989713e-05 8.900313128222120667e-05
7.608483803334788302e-09 7.608483745445762471e-09
2.396550425069791327e-04 2.395976079675801187e-04
4.560043353454722094e-05 4.559835413500868431e-05
2.621133610504514447e-02 2.552430196463350079e-02
1.192042940110808920e-02 1.177833276400128658e-02
1.516139326322784864e-01 1.286271480640533982e-01
2.151130917787497598e-04 2.150668181364951597e-04
7.142120011158913095e-02 6.632021228620947617e-02
8.722810293872804869e-10 8.722810286264062586e-10
1.896395733871353301e-05 1.896359770703559005e-05
2.804611622178258745e-06 2.804603756331907611e-06
3.796456149520815131e-20 3.796456149520815131e-20
7.533833373667763242e-10 7.533833367991899067e-10
0.000000000000000000e+00 0.000000000000000000e+00
0.000000000000000000e+00 0.000000000000000000e+00
0.000000000000000000e+00 0.000000000000000000e+00
3.178214583166460010e-12 3.178214583156358956e-12
0.000000000000000000e+00 0.000000000000000000e+00
0.000000000000000000e+00 0.000000000000000000e+00
1.179488431147087677e-07 1.179488292027791793e-07
1.479596737359275374e-08 1.479596715467210393e-08
1.486025833137572579e-03 1.483817560360820367e-03
7.638847868094104076e-10 7.638847862258904235e-10
3.935143239784583250e-11 3.935143239629729870e-11
2.032645477502477584e-08 2.032645436186001097e-08
2.099382666847600311e-05 2.099338592771781629e-05
3.932797373416292003e-05 3.932642704464488806e-05
3.150692978267485622e-05 3.150593709605052813e-05
8.266770815716661765e-06 8.266702476216942995e-06
1.657827715219229447e-01 1.382988441884328290e-01
8.493864544936349426e-06 8.493792399201442175e-06
1.494108666709037525e-01 1.270872595915531755e-01
3.008852336415775443e-07 3.008851431096537089e-07
4.391881695695827003e-06 4.391862407070998239e-06
1.441349304479594196e-13 1.441349304479386442e-13
0.000000000000000000e+00 0.000000000000000000e+00
7.506614276347197624e-13 7.506614276341562254e-13
0.000000000000000000e+00 0.000000000000000000e+00
0.000000000000000000e+00 0.000000000000000000e+00
0.000000000000000000e+00 0.000000000000000000e+00
1.023417896465719625e-08 1.023417885991877645e-08
0.000000000000000000e+00 0.000000000000000000e+00
0.000000000000000000e+00 0.000000000000000000e+00
1.131830243511722190e-04 1.131702139541709379e-04
3.826361624483636534e-05 3.826215214050823397e-05
1.722560076841496424e-01 1.425838755008678183e-01
6.116642732811378895e-04 6.112901400979293617e-04
1.465365054105232602e-10 1.465365053890503236e-10
3.829480385026255934e-07 3.829478918534253964e-07
8.850791693614547251e-05 8.850008328478509774e-05
6.768552118098517456e-04 6.763970788320975563e-04
3.029139749067291621e-04 3.028222180305353665e-04
1.759257247176799557e-06 1.759254152190737798e-06
1.178529041655060512e-02 1.164639734634816473e-02
1.716446054278243335e-08 1.716446024816372787e-08
4.336351343762522015e-02 4.148311913997011768e-02
4.135734568412844212e-11 4.135734568241801356e-11
1.405877905749111131e-07 1.405877708099842563e-07
1.137213595982579243e-10 1.137213595853253819e-10
4.298509354552625126e-19 4.298509354552625126e-19
1.011299629672524417e-11 1.011299629662297104e-11
0.000000000000000000e+00 0.000000000000000000e+00
0.000000000000000000e+00 0.000000000000000000e+00
0.000000000000000000e+00 0.000000000000000000e+00
0.000000000000000000e+00 0.000000000000000000e+00
0.000000000000000000e+00 0.000000000000000000e+00
1.635186710222884672e-21 1.635186710222884672e-21
7.306106053756278511e-07 7.306100715837711318e-07
3.114053275803274498e-09 3.114053266105946664e-09
1.778880395709690060e-02 1.747236241087287562e-02
3.489158882466161189e-10 3.489158881248737960e-10
9.718697953968663345e-11 9.718697953024132946e-11
1.957300452274092947e-14 1.957300452274054767e-14
3.194797802781772878e-12 3.194797802771566002e-12
2.848391676328415286e-04 2.847580342814237555e-04
1.471431504003231877e-05 1.471409852896522118e-05
1.746155978150586452e-06 1.746152929089886434e-06
4.884471777806285303e-02 4.645891132324424244e-02
4.925596526278849101e-09 4.925596502017348086e-09
6.671270161464488979e-02 6.226211705792024376e-02
7.659955644777804422e-10 7.659955638910312484e-10
2.143924247256664744e-07 2.143923787615546965e-07
6.939831999554074066e-07 6.939827183427255552e-07
8.656602102616911926e-10 8.656602095123235637e-10
3.478649337219295301e-10 3.478649336009195205e-10
0.000000000000000000e+00 0.000000000000000000e+00
0.000000000000000000e+00 0.000000000000000000e+00
0.000000000000000000e+00 0.000000000000000000e+00
1.643606394744459567e-07 1.643606124600261552e-07
0.000000000000000000e+00 0.000000000000000000e+00
9.501305781941520533e-16 9.501305781941510672e-16
1.347997623747248026e-06 1.347995806649654452e-06
5.317235765478348816e-09 5.317235737205352703e-09
9.373109910041291237e-02 8.494558016184149130e-02
1.508786631468211300e-08 1.508786608703840191e-08
1.255531823401243219e-10 1.255531823243607151e-10
1.361785816050810403e-15 1.361785816050808628e-15
1.340966250759881257e-12 1.340966250758083108e-12
1.416233122390277988e-09 1.416233120384561665e-09
6.126561480423482753e-02 5.751213924689395351e-02
2.087548378109003685e-05 2.087504799526694303e-05
1.521763766196397027e-01 1.290187270185572666e-01
8.877119023973538344e-06 8.877040220731372805e-06
8.810410771001582486e-02 8.034177391463775963e-02
6.520138926261489989e-08 6.520138501139374089e-08
5.913887589889671448e-04 5.910390183247086300e-04
5.606890417547541492e-07 5.606887273825526512e-07
9.678078519897464752e-13 9.678078519888098386e-13
2.591737035761524167e-13 2.591737035760852689e-13
0.000000000000000000e+00 0.000000000000000000e+00
0.000000000000000000e+00 0.000000000000000000e+00
0.000000000000000000e+00 0.000000000000000000e+00
0.000000000000000000e+00 0.000000000000000000e+00
0.000000000000000000e+00 0.000000000000000000e+00
0.000000000000000000e+00 0.000000000000000000e+00
5.931863835074469556e-06 5.931828648065911291e-06
3.883749609030121593e-07 3.883748100679019272e-07
1.386876586662315509e-02 1.367642319995994275e-02
2.729916568705645646e-07 2.729915823461198235e-07
1.796238543250256736e-07 1.796238220602966330e-07
7.042390627342427323e-16 7.042390627342422393e-16
1.920017821971896979e-07 1.920017453325053270e-07
1.233284030005319364e-06 1.233282509015820761e-06
1.188420198461401581e-02 1.174296772780291168e-02
1.229492156870280978e-04 1.229340991773900408e-04
7.643960576068510593e-02 7.059659243183613597e-02
6.246158506878003031e-03 6.207144010784958373e-03
7.297191511143849563e-02 6.764701471640750807e-02
3.122169651100340015e-06 3.122159903157009699e-06
1.760834085301950325e-05 1.760803079935190771e-05
1.043536364247000980e-06 1.043535275278857433e-06
7.577681749661717692e-15 7.577681749661660894e-15
2.582059035694338732e-09 2.582059029027309731e-09
0.000000000000000000e+00 0.000000000000000000e+00
0.000000000000000000e+00 0.000000000000000000e+00
0.000000000000000000e+00 0.000000000000000000e+00
0.000000000000000000e+00 0.000000000000000000e+00
0.000000000000000000e+00 0.000000000000000000e+00
0.000000000000000000e+00 0.000000000000000000e+00
3.360565962273793670e-04 3.359436621915114283e-04
1.365746691594320588e-04 1.365560165191760536e-04
1.398343161138215496e-01 1.202806801508013723e-01
2.069075440033508464e-04 2.068647332715853413e-04
1.743519605723896572e-06 1.743516565863281122e-06
4.636468601732475452e-15 4.636468601732454153e-15
5.974619465458155600e-07 5.974615895850380314e-07
5.188868845949230470e-05 5.188599602350225725e-05
2.652672366409570825e-01 1.949005298058275604e-01
4.421908715440313331e-02 4.226375948563443341e-02
3.262058785810360573e-01 2.197956033602104231e-01
3.472433675616281700e-04 3.471227896053126136e-04
1.119775798954531082e-01 9.943860149621051858e-02
5.519487304598490966e-04 5.516440830587928138e-04
1.180870495656932912e-03 1.179476040529419930e-03
4.299910581700971709e-06 4.299892092469960789e-06
1.703286423585318080e-17 1.703286423585318080e-17
7.246232645402803887e-06 7.246180137515252279e-06
0.000000000000000000e+00 0.000000000000000000e+00
0.000000000000000000e+00 0.000000000000000000e+00
0.000000000000000000e+00 0.000000000000000000e+00
1.827507540983273175e-07 1.827507207004891897e-07
0.000000000000000000e+00 0.000000000000000000e+00
0.000000000000000000e+00 0.000000000000000000e+00
1.458163178225253516e-03 1.456036938370921510e-03
3.386431996837888623e-05 3.386317317621196802e-05
6.119964857810591963e-03 6.082510887949755564e-03
2.983664836118518884e-05 2.983575813559976130e-05
1.722037569283652225e-07 1.722037272742313242e-07
5.932874212496024009e-07 5.932870692596381468e-07
1.314130706689485545e-05 1.314113437294342955e-05
3.266264233133316937e-05 3.266157548312910485e-05
1.261615149580211648e-01 1.102447871015181657e-01
7.993478849723569327e-03 7.929583145602591213e-03
2.652618946437115821e-01 1.948980218937400588e-01
1.706887484224218479e-03 1.703974019340417098e-03
1.342692520712860660e-01 1.162410200195035104e-01
9.641985425659737165e-05 9.641055746830251116e-05
8.462580150658186159e-04 8.455418624377554352e-04
1.638904279186750068e-05 1.638877419114386747e-05
1.025807953291726520e-17 1.025807953291726520e-17
2.093743756343964023e-05 2.093699918714791837e-05
0.000000000000000000e+00 0.000000000000000000e+00
1.562945537921435699e-06 1.562943095122681124e-06
0.000000000000000000e+00 0.000000000000000000e+00
1.904217129754434355e-06 1.904213503711557099e-06
0.000000000000000000e+00 0.000000000000000000e+00
1.241981446901877019e-07 1.241981292650085541e-07
3.708897859009562328e-03 3.695141935680996536e-03
6.352808019283336365e-05 6.352404437586037797e-05
6.880539953086796390e-02 6.407121652626560082e-02
2.685283865008947939e-04 2.684562790065380127e-04
4.497914531847725019e-06 4.497894300612589294e-06
5.146174100694326274e-07 5.146171452383538586e-07
4.402884596307241299e-05 4.402690742379557036e-05
2.612654279110538738e-05 2.612586019486717057e-05
