0.0020005404949188232  0.0  1.0
0.0  0.0  1.0
0.0  0.0  1.0
0.0  0.05679969862103462  1.0
0.0  0.1967996507883072  1.0
0.0  0.43039941787719727  1.0
0.0  0.6235992908477783  1.0
0.0  0.7495992183685303  1.0
0.0  0.8391994833946228  1.0
0.0  0.8895994424819946  1.0
0.0  1.0  0.9592005610466003
0.0  1.0  0.8584006428718567
0.0  1.0  0.7112009525299072
0.0  1.0  0.5180010199546814
0.0  1.0  0.3332010507583618
0.0  1.0  0.1712007224559784
0.0  1.0  0.03680076822638512
0.09759902954101562  1.0  0.0
0.22279852628707886  1.0  0.0
0.4411984384059906  1.0  0.0
0.6511983871459961  1.0  0.0
0.7603983879089355  1.0  0.0
0.8743988871574402  1.0  0.0
0.9583988785743713  1.0  0.0
1.0  0.9620005488395691  0.0
1.0  0.9368005394935608  0.0
1.0  0.8964008688926697  0.0
1.0  0.8250008821487427  0.0
1.0  0.7242009043693542  0.0
1.0  0.6822009682655334  0.0
1.0  0.6276009678840637  0.0
1.0  0.5512006282806396  0.0
1.0  0.48400068283081055  0.0
1.0  0.4560006856918335  0.0
1.0  0.388800710439682  0.0
1.0  0.3328007161617279  0.0
1.0  0.27400073409080505  0.0
1.0  0.246000736951828  0.0
1.0  0.2208007425069809  0.0
1.0  0.12400149554014206  0.0
1.0  0.0008015394560061395  0.0
1.0  0.0  0.0
