2.152836287407772567e-02 2.106489246603975712e-02
1.143151508782039305e-02 1.130083555061732817e-02
1.857826460694341625e-02 1.823311269113780941e-02
4.007403525354593689e-03 3.991344242339569387e-03
1.372845738791998900e-02 1.353998684566805333e-02
5.357971957608584444e-04 5.355101171258732371e-04
5.867480538806103471e-03 5.833053210932834937e-03
9.851581185069230653e-03 9.754527533223219735e-03
2.680888914830728900e-02 2.609017261094105991e-02
5.467390426284297889e-02 5.168466845550045985e-02
2.272760446944319633e-04 2.272243902939400078e-04
0.000000000000000000e+00 0.000000000000000000e+00
0.000000000000000000e+00 0.000000000000000000e+00
1.231790484967856800e-07 1.231790333237077042e-07
2.477157429862414879e-06 2.477151293553482670e-06
4.352027262264011030e-05 4.351837860851096273e-05
6.538967404235913536e-03 6.496209309522253499e-03
1.318460814296155276e-03 1.316722475377320829e-03
1.759200294878487947e-02 1.728252438103482225e-02
2.311839645280795372e-03 2.306495042735303130e-03
2.085399465428499927e-03 2.081050574498090246e-03
6.424393661742854120e-05 6.423980933403644069e-05
1.377632259724060129e-03 1.375734389081027798e-03
9.736237364652694775e-04 9.726757932850608980e-04
1.634371971645967245e-02 1.607660254228947955e-02
6.034123045523161373e-03 5.997712404594647377e-03
1.690870125718995504e-02 1.662279707898505626e-02
4.908868531413092609e-03 4.884771541154395158e-03
2.672885001963637430e-02 2.601441859626416053e-02
4.936837984769986819e-04 4.934400747841200235e-04
4.094537455584329466e-03 4.077772218609146751e-03
1.720977967004728949e-03 1.718016201841813173e-03
8.562797380878083009e-03 8.489475881892111220e-03
2.771446614109890762e-04 2.770678522476404423e-04
0.000000000000000000e+00 0.000000000000000000e+00
0.000000000000000000e+00 0.000000000000000000e+00
1.854264033785312844e-05 1.854229650834242826e-05
0.000000000000000000e+00 0.000000000000000000e+00
5.824423113024963046e-05 5.824083873978967593e-05
1.433346357801320935e-05 1.433325812983506744e-05
8.530393308409420228e-03 8.457625698413264587e-03
2.591234377182419831e-03 2.584519881584927854e-03
1.567505889896517526e-02 1.542935142747914844e-02
5.247178688180168145e-03 5.219645803994476217e-03
5.366917226447735258e-03 5.338113425932193394e-03
5.766137770713315605e-04 5.762812936234230953e-04
5.207053892178230281e-03 5.179940481942181540e-03
1.368785860917444506e-03 1.366912286184397002e-03
2.795338563282720803e-02 2.717199386448965887e-02
9.884661429234329819e-03 9.786954897663737232e-03
2.093813794805714223e-02 2.049973232732527073e-02
6.027233648313243535e-06 6.027197320767792265e-06
2.045419781100725823e-02 2.003582360291544448e-02
1.294550172288083537e-03 1.292874312139512434e-03
5.157121540730963231e-03 5.130525638145091820e-03
1.846416940861531075e-03 1.843007685342030544e-03
3.262002536438120498e-05 3.261896129832643438e-05
2.581059229542136081e-04 2.580393042867495522e-04
0.000000000000000000e+00 0.000000000000000000e+00
0.000000000000000000e+00 0.000000000000000000e+00
0.000000000000000000e+00 0.000000000000000000e+00
0.000000000000000000e+00 0.000000000000000000e+00
0.000000000000000000e+00 0.000000000000000000e+00
5.187382276810869045e-06 5.187355367875982911e-06
1.562139450411452121e-02 1.537736653786134222e-02
6.374574694745025437e-03 6.333939492206141532e-03
2.505900262344705823e-02 2.443104901096513140e-02
5.151809486979191596e-03 5.125268345989062585e-03
2.236217719605554811e-03 2.231217049916077097e-03
4.154411856916995883e-05 4.154239265538227176e-05
1.127031174114286050e-03 1.125760974846860525e-03
3.420123819762939019e-04 3.418954095068687821e-04
1.661455259901561607e-02 1.633850924095016019e-02
5.593542507893439937e-03 5.562254790105828836e-03
2.001584152259996627e-02 1.961520761074212957e-02
1.345375912590721348e-05 1.345357812227259498e-05
1.878950403338304487e-02 1.843645857156252579e-02
2.054216182486909954e-04 2.053794202074470717e-04
3.064094132826906871e-03 3.054705459972082565e-03
1.189214441386350282e-03 1.187800210398748477e-03
0.000000000000000000e+00 0.000000000000000000e+00
0.000000000000000000e+00 0.000000000000000000e+00
0.000000000000000000e+00 0.000000000000000000e+00
0.000000000000000000e+00 0.000000000000000000e+00
0.000000000000000000e+00 0.000000000000000000e+00
0.000000000000000000e+00 0.000000000000000000e+00
0.000000000000000000e+00 0.000000000000000000e+00
3.902881558899436076e-06 3.902866326414973691e-06
1.051562207174495597e-02 1.040504376418918686e-02
2.669191935968738289e-03 2.662067350377697941e-03
1.759225900786016289e-02 1.728277143086052667e-02
4.891641845417755291e-03 4.867713685473912949e-03
4.501461968590203706e-03 4.481198808735539947e-03
2.356551718877861559e-04 2.355996385277487064e-04
3.760470174195475017e-03 3.746329038264461109e-03
1.128178490103952077e-03 1.126905703398418815e-03
3.195531826907411360e-02 3.093417590339629306e-02
1.196962547712141813e-02 1.182635354305886476e-02
2.429654047887585752e-02 2.370621859963420452e-02
8.141706887697412124e-05 8.141044013786959967e-05
1.929510646730062465e-02 1.892280533371615975e-02
1.420460302232917421e-03 1.418442594762697869e-03
5.708616703580231960e-03 5.676028398911836352e-03
1.693896814770557086e-03 1.691027528351467290e-03
0.000000000000000000e+00 0.000000000000000000e+00
9.415191098144562031e-06 9.415102452321148170e-06
0.000000000000000000e+00 0.000000000000000000e+00
0.000000000000000000e+00 0.000000000000000000e+00
0.000000000000000000e+00 0.000000000000000000e+00
0.000000000000000000e+00 0.000000000000000000e+00
0.000000000000000000e+00 0.000000000000000000e+00
9.562505634629612964e-07 9.562496490478212042e-07
1.870606632491998017e-02 1.835614940756767621e-02
1.602646247684839931e-02 1.576961497732656814e-02
3.292151920979689839e-02 3.183769278271587205e-02
8.111778097833638804e-03 8.045977153925144496e-03
4.396075184102312544e-03 4.376749707078032500e-03
6.698497272181980710e-05 6.698048573524926293e-05
7.909824530883436148e-04 7.903567998472499356e-04
2.701557601658944284e-04 2.700827760311436359e-04
2.658139465989837330e-02 2.587482411783309857e-02
1.156064186273537270e-02 1.142699342245694256e-02
3.530092741443573851e-02 3.405477193811647790e-02
8.396597202934531160e-04 8.389546918475698388e-04
2.285541212952828596e-02 2.233304226591769845e-02
2.514763739543233881e-04 2.514131335876661840e-04
2.597320106494836571e-03 2.590574034759234121e-03
6.758739194937807152e-04 6.754171139387288823e-04
0.000000000000000000e+00 0.000000000000000000e+00
0.000000000000000000e+00 0.000000000000000000e+00
0.000000000000000000e+00 0.000000000000000000e+00
0.000000000000000000e+00 0.000000000000000000e+00
0.000000000000000000e+00 0.000000000000000000e+00
0.000000000000000000e+00 0.000000000000000000e+00
0.000000000000000000e+00 0.000000000000000000e+00
0.000000000000000000e+00 0.000000000000000000e+00
1.067704942870476362e-02 1.056305004420175948e-02
4.422342418197488037e-03 4.402785305733698980e-03
2.102119807039110749e-02 2.057930730207649384e-02
7.757751477950733908e-03 7.697568769957086922e-03
4.469470818738020650e-03 4.449494649338470165e-03
1.426178007452655523e-04 1.425974609081761310e-04
2.234553532531757640e-03 2.229560303042007509e-03
8.692905143791830125e-04 8.685348483807933673e-04
3.623521944766142783e-02 3.492222831924124415e-02
1.296553836520454583e-02 1.279743318010495567e-02
2.640849724641889523e-02 2.571108851960477934e-02
4.198611177020947246e-06 4.198593548685131722e-06
2.362606416947411400e-02 2.306787326133400567e-02
1.401518175097217142e-03 1.399553921902089385e-03
4.856133939495734138e-03 4.832551902657411524e-03
1.423220268887120466e-03 1.421194712953349325e-03
7.650621288049323522e-08 7.650620702729262590e-08
2.273172403121720298e-05 2.273120729993976998e-05
0.000000000000000000e+00 0.000000000000000000e+00
0.000000000000000000e+00 0.000000000000000000e+00
0.000000000000000000e+00 0.000000000000000000e+00
0.000000000000000000e+00 0.000000000000000000e+00
0.000000000000000000e+00 0.000000000000000000e+00
1.103051759701109516e-05 1.103039592469263782e-05
2.413600137445183133e-02 2.355345481210429151e-02
1.766964473596457572e-02 1.735742839086937619e-02
3.651790110489628455e-02 3.518434400378930155e-02
1.097761411102269290e-02 1.085710609945216877e-02
3.880258893050354298e-03 3.865202483973258045e-03
1.670836423550580398e-05 1.670808506607037827e-05
8.308287555353537166e-04 8.301384791143292781e-04
5.582133818575516588e-04 5.579017796778668352e-04
2.638299591751237447e-02 2.568693344392889918e-02
8.104889654453705308e-03 8.039200418142834412e-03
4.151233296095654252e-02 3.978905917309522033e-02
7.424523147057459672e-03 7.369399603096267806e-03
3.280896820561406135e-02 3.173253981089706882e-02
3.617084495179278452e-04 3.615776165154751978e-04
1.886599880321007802e-03 1.883040621212580612e-03
6.586901181493970284e-04 6.582562454776493509e-04
0.000000000000000000e+00 0.000000000000000000e+00
3.172465105556799288e-06 3.172455041021953378e-06
0.000000000000000000e+00 0.000000000000000000e+00
0.000000000000000000e+00 0.000000000000000000e+00
0.000000000000000000e+00 0.000000000000000000e+00
0.000000000000000000e+00 0.000000000000000000e+00
0.000000000000000000e+00 0.000000000000000000e+00
0.000000000000000000e+00 0.000000000000000000e+00
1.374276070348259653e-02 1.355389723172941048e-02
3.077679232828104284e-03 3.068207123367922961e-03
2.276679065139088076e-02 2.224846389482662209e-02
9.279376251950426438e-03 9.193269428325165707e-03
6.521515693735335101e-03 6.478985526791698410e-03
3.071605831665007191e-04 3.070662355426495571e-04
2.061349951877397297e-03 2.057100788253292140e-03
6.702299324590076275e-04 6.697807242966436316e-04
2.864443023774303210e-02 2.782392685409810357e-02
1.175558650888123766e-02 1.161739269471344718e-02
3.618109213468445606e-02 3.487202070662592801e-02
4.661430470686942103e-05 4.661213181346611435e-05
2.874001282164901847e-02 2.791402448466046710e-02
3.147177531637061331e-03 3.137272805221420335e-03
6.361293512125912493e-03 6.320827456978496926e-03
1.362167559719936047e-03 1.360312059259182653e-03
0.000000000000000000e+00 0.000000000000000000e+00
0.000000000000000000e+00 0.000000000000000000e+00
0.000000000000000000e+00 0.000000000000000000e+00
0.000000000000000000e+00 0.000000000000000000e+00
0.000000000000000000e+00 0.000000000000000000e+00
0.000000000000000000e+00 0.000000000000000000e+00
0.000000000000000000e+00 0.000000000000000000e+00
4.748050968390348384e-07 4.748048713991548308e-07
2.769265083613740505e-02 2.692576792580518227e-02
6.004230132085297718e-03 5.968179352606256365e-03
3.752371996726746456e-02 3.611569040708555861e-02
1.308616621494805218e-02 1.291491846874280418e-02
6.026592416122140104e-03 5.990272599972079441e-03
1.922292267097092252e-04 1.921922746341078194e-04
6.531269783622092482e-04 6.527004035123447215e-04
3.362213860064686426e-04 3.361083411860605252e-04
3.618284286704356867e-02 3.487364474910240042e-02
1.532441148925881014e-02 1.508957390176668238e-02
4.841517504622845636e-02 4.607114587147151386e-02
7.095200674305871848e-03 7.044858801697201009e-03
3.034745559410996843e-02 2.942648753307349277e-02
8.352839211803050282e-04 8.345862219513226722e-04
2.318298129395243538e-03 2.312923623178485960e-03
5.436829566007289442e-04 5.433873654434308266e-04
0.000000000000000000e+00 0.000000000000000000e+00
2.353098608521245441e-06 2.353093071448184117e-06
0.000000000000000000e+00 0.000000000000000000e+00
0.000000000000000000e+00 0.000000000000000000e+00
0.000000000000000000e+00 0.000000000000000000e+00
0.000000000000000000e+00 0.000000000000000000e+00
0.000000000000000000e+00 0.000000000000000000e+00
0.000000000000000000e+00 0.000000000000000000e+00
1.496676588950101444e-02 1.474276180830988263e-02
1.864779900032586223e-03 1.861302495957020686e-03
2.510719378172925759e-02 2.447682260213595445e-02
1.250018755730831349e-02 1.234393286834042751e-02
6.634818650987989001e-03 6.590797832456490694e-03
3.958011803603286556e-04 3.956445217859540253e-04
2.013817633671669168e-03 2.009762172209982392e-03
1.163680532651939969e-03 1.162326380269866795e-03
4.322990566043511534e-02 4.136108091702499212e-02
3.833769850220095175e-03 3.819072058955638727e-03
3.676839433173843125e-02 3.541647951000421318e-02
2.373832938146134544e-04 2.373269429864311797e-04
3.592897053365293886e-02 3.463807961004483627e-02
3.639704300749413337e-03 3.626456853352519414e-03
9.098736082763221253e-03 9.015949084459443444e-03
1.351009928325527364e-03 1.349184700499093210e-03
0.000000000000000000e+00 0.000000000000000000e+00
4.843601312344319087e-05 4.843366707607589809e-05
0.000000000000000000e+00 0.000000000000000000e+00
0.000000000000000000e+00 0.000000000000000000e+00
0.000000000000000000e+00 0.000000000000000000e+00
0.000000000000000000e+00 0.000000000000000000e+00
0.000000000000000000e+00 0.000000000000000000e+00
1.465858565025806041e-05 1.465837077612479505e-05
1.910584699042821091e-02 1.874081360120655529e-02
1.049753963574855814e-02 1.038734129734444553e-02
3.926375688074803388e-02 3.772211427635754205e-02
1.192664793233074068e-02 1.178440300142897211e-02
7.435591692502275217e-03 7.380303668684666182e-03
1.224672576944098291e-04 1.224522594652026320e-04
8.100146007238010664e-04 8.093584770704153296e-04
1.575640210005789456e-04 1.575391945798650757e-04
2.519079721465761201e-02 2.455622095034760977e-02
4.695742586864369746e-03 4.673692588422278041e-03
4.925934689108934367e-02 4.683286363495266919e-02
4.112228712570154682e-03 4.095318287585668522e-03
4.572171477805640066e-02 4.363123957581045709e-02
1.136901063552610497e-03 1.135608519524303542e-03
3.143897214558418873e-03 3.134013124862710612e-03
6.628047524254631001e-04 6.623654422856252704e-04
0.000000000000000000e+00 0.000000000000000000e+00
0.000000000000000000e+00 0.000000000000000000e+00
0.000000000000000000e+00 0.000000000000000000e+00
0.000000000000000000e+00 0.000000000000000000e+00
0.000000000000000000e+00 0.000000000000000000e+00
0.000000000000000000e+00 0.000000000000000000e+00
0.000000000000000000e+00 0.000000000000000000e+00
6.161579262442740691e-06 6.161541297383733443e-06
1.685049953848257245e-02 1.656656020378616950e-02
1.594650870730392493e-03 1.592107959330871193e-03
2.562884081701388705e-02 2.497200333539004863e-02
1.247611580614779725e-02 1.232046234053938566e-02
8.882090575750933512e-03 8.803199042755090534e-03
2.170448589932756568e-04 2.169977505224602568e-04
1.928406083176342680e-03 1.924687333154711079e-03
1.202408356373804244e-03 1.200962570518326672e-03
4.055411215715133688e-02 3.890947614429652451e-02
2.195616510327447202e-02 2.147409191723222491e-02
3.878122217488490231e-02 3.727723898150711590e-02
3.516436502450251498e-04 3.515199969882675034e-04
2.073533860372838225e-02 2.030538433671711523e-02
2.013719497268594109e-03 2.009664431054914401e-03
5.746666554078919131e-03 5.713642377595150139e-03
2.519379958968465810e-03 2.513032683590813842e-03
0.000000000000000000e+00 0.000000000000000000e+00
2.429863490080457683e-06 2.429857585843877328e-06
0.000000000000000000e+00 0.000000000000000000e+00
0.000000000000000000e+00 0.000000000000000000e+00
0.000000000000000000e+00 0.000000000000000000e+00
0.000000000000000000e+00 0.000000000000000000e+00
0.000000000000000000e+00 0.000000000000000000e+00
2.804022425133877892e-06 2.804014562592117381e-06
2.096514653334325892e-02 2.052560916417870557e-02
8.261142337077283584e-03 8.192895864363832631e-03
3.694374641593860253e-02 3.557890601669342484e-02
1.196216530573381703e-02 1.181907190693211492e-02
8.935364008934930380e-03 8.855523278962761438e-03
2.695013201537590337e-04 2.694286891921944126e-04
1.171516724922873516e-03 1.170144273486099567e-03
3.439922201805263135e-04 3.438738895329815815e-04
3.347885667138398441e-02 3.235802282736091606e-02
1.436315884481624734e-02 1.415685851281482492e-02
5.275355326172351950e-02 4.997061587998601756e-02
9.165864915243975355e-03 9.081851835599475189e-03
4.901934351191819528e-02 4.661644747357875790e-02
1.266144816794486511e-03 1.264541694097390994e-03
7.351764537793318774e-03 7.297716095974163611e-03
5.923661875752602151e-04 5.920152898750778150e-04
0.000000000000000000e+00 0.000000000000000000e+00
8.108865852004824056e-07 8.108859276634283112e-07
0.000000000000000000e+00 0.000000000000000000e+00
0.000000000000000000e+00 0.000000000000000000e+00
0.000000000000000000e+00 0.000000000000000000e+00
0.000000000000000000e+00 0.000000000000000000e+00
0.000000000000000000e+00 0.000000000000000000e+00
1.165940635435835305e-05 1.165927041260181706e-05
1.487452070177914046e-02 1.465326933567148368e-02
5.828879414171499532e-03 5.794903578946547507e-03
2.601781028371196250e-02 2.534088383175273421e-02
1.100660639484924916e-02 1.088546101051811321e-02
1.008194427374299769e-02 9.980298673404138302e-03
3.534385450328098185e-04 3.533136262276949271e-04
1.867538912288412966e-03 1.864051210699501498e-03
6.384321213915543358e-04 6.380245258179298353e-04
4.305910449202778739e-02 4.120501801237241857e-02
2.170564285608424238e-02 2.123450792428836081e-02
3.847498949792005352e-02 3.699466468105499367e-02
1.641577908577196112e-05 1.641550960796896717e-05
1.884849190888089956e-02 1.849322626164175143e-02
4.170905629922494516e-04 4.169165984545122688e-04
5.798200601508807922e-03 5.764581471293470788e-03
1.080832648761503824e-03 1.079664449546874913e-03
0.000000000000000000e+00 0.000000000000000000e+00
8.507446497645039797e-06 8.507374120999128931e-06
0.000000000000000000e+00 0.000000000000000000e+00
0.000000000000000000e+00 0.000000000000000000e+00
0.000000000000000000e+00 0.000000000000000000e+00
0.000000000000000000e+00 0.000000000000000000e+00
0.000000000000000000e+00 0.000000000000000000e+00
4.956372898705279696e-06 4.956348333072968688e-06
1.940004986709987708e-02 1.902368793225391388e-02
7.330047881189587569e-03 7.276318279249055672e-03
3.577859922473149851e-02 3.449849106224753964e-02
1.134358854340066988e-02 1.121491154235869890e-02
7.794770957606717357e-03 7.734012503325168181e-03
3.164102024051509499e-04 3.163100869889648990e-04
1.735320732292909519e-03 1.732309394248983956e-03
3.624343685732017099e-04 3.623030099016786697e-04
4.425713632521678653e-02 4.229844220950796513e-02
7.365045937020709040e-03 7.310802035366283612e-03
4.466711948541910587e-02 4.267196792229439872e-02
1.480155177115437043e-04 1.479936091180602891e-04
4.794298904549300355e-02 4.564445884687674121e-02
4.105283047679036436e-03 4.088429698777475314e-03
5.434531192685515370e-03 5.404997063401243383e-03
1.179452996428635237e-03 1.178061887057850780e-03
0.000000000000000000e+00 0.000000000000000000e+00
1.173535108642879955e-05 1.173521336796367848e-05
0.000000000000000000e+00 0.000000000000000000e+00
0.000000000000000000e+00 0.000000000000000000e+00
0.000000000000000000e+00 0.000000000000000000e+00
0.000000000000000000e+00 0.000000000000000000e+00
0.000000000000000000e+00 0.000000000000000000e+00
1.380862711912899426e-06 1.380860805131070302e-06
1.603765066316096416e-02 1.578044442436737568e-02
3.422178310960174389e-03 3.410467006568168244e-03
2.610225312695013331e-02 2.542092550864675365e-02
1.011808480585058186e-02 1.001570916571219681e-02
8.461183008676813333e-03 8.389591390770492416e-03
1.973556117346410483e-04 1.973166624971578876e-04
1.361726415049048251e-03 1.359872116219606021e-03
3.052727024435067230e-04 3.051795110206495564e-04
3.106291895070429493e-02 3.009801401696627146e-02
9.853376858449105699e-03 9.756287822934485085e-03
3.662371112583766297e-02 3.528241490920885903e-02
1.493923488077375268e-06 1.493921256269987122e-06
3.238500206962369177e-02 3.133621371057416366e-02
4.897966956511490147e-04 4.895567948480782387e-04
4.599282741929745615e-03 4.578129340189533020e-03
8.523475619837958062e-04 8.516210656173761129e-04
0.000000000000000000e+00 0.000000000000000000e+00
8.860314399690270585e-07 8.860306549173144376e-07
0.000000000000000000e+00 0.000000000000000000e+00
0.000000000000000000e+00 0.000000000000000000e+00
0.000000000000000000e+00 0.000000000000000000e+00
0.000000000000000000e+00 0.000000000000000000e+00
0.000000000000000000e+00 0.000000000000000000e+00
2.391108641984324463e-05 2.391051467978946903e-05
1.700304767003989886e-02 1.671394403997025074e-02
4.927575396507543823e-03 4.903294397219277317e-03
3.213201101874391813e-02 3.109954488663523725e-02
9.230527481072507007e-03 9.145324843493672293e-03
8.283886501122156645e-03 8.215263725558683006e-03
1.599906632717528062e-04 1.599650662594186644e-04
1.582299964024736242e-03 1.579796290848583563e-03
3.088703538656053724e-04 3.087749529701083111e-04
4.431170885067007431e-02 4.234818130940352227e-02
1.229326187530886856e-02 1.214213758777394660e-02
4.808681435136413079e-02 4.577447263690156976e-02
3.285420813533409607e-05 3.285312873634189788e-05
3.779475284753734676e-02 3.636630950473091622e-02
2.292868904981212787e-03 2.287611657165782887e-03
5.397955553179315143e-03 5.368817629025216150e-03
1.282359176729581983e-03 1.280714731671439436e-03
0.000000000000000000e+00 0.000000000000000000e+00
1.596473812798852529e-05 1.596448325512502897e-05
0.000000000000000000e+00 0.000000000000000000e+00
0.000000000000000000e+00 0.000000000000000000e+00
0.000000000000000000e+00 0.000000000000000000e+00
0.000000000000000000e+00 0.000000000000000000e+00
0.000000000000000000e+00 0.000000000000000000e+00
1.710341860309240393e-05 1.710312607616449118e-05
1.293884242045518357e-02 1.277142877727381262e-02
6.528442075834782650e-03 6.485821519897252974e-03
2.502985405314786527e-02 2.440336045922598257e-02
9.752169892610483559e-03 9.657065074996145845e-03
5.714140261665642644e-03 5.681488862735653914e-03
1.656512558796551416e-04 1.656238155410806275e-04
1.294054101523965444e-03 1.292379525506294480e-03
3.184105015369508409e-04 3.183091162894618022e-04
4.069384783817887874e-02 3.903785858630202249e-02
2.571526665267287806e-02 2.505399171365480654e-02
3.156391302751061084e-02 3.056763242190235763e-02
1.051660905263364024e-04 1.051550306197398084e-04
2.631841800370511575e-02 2.562575887748736597e-02
7.866474357433479985e-04 7.860286215551863650e-04
2.801004459892786347e-03 2.793158833908447082e-03
6.506550630121334718e-04 6.502317110011101220e-04
0.000000000000000000e+00 0.000000000000000000e+00
0.000000000000000000e+00 0.000000000000000000e+00
0.000000000000000000e+00 0.000000000000000000e+00
0.000000000000000000e+00 0.000000000000000000e+00
0.000000000000000000e+00 0.000000000000000000e+00
0.000000000000000000e+00 0.000000000000000000e+00
0.000000000000000000e+00 0.000000000000000000e+00
2.878956019365567248e-06 2.878947730977805734e-06
1.603252568433632605e-02 1.577548380451742130e-02
6.236819664240388604e-03 6.197921744716132844e-03
2.917187318381913794e-02 2.832087499876631206e-02
9.435937422232448801e-03 9.346900507196161806e-03
7.473704896541840184e-03 7.417848631661247069e-03
2.925098018066519309e-04 2.924242398224989408e-04
1.024124094063914381e-03 1.023075263903872089e-03
1.526622166979413255e-04 1.526389109455341992e-04
3.747388178797902980e-02 3.606958997171960668e-02
1.200386619958583936e-02 1.185977339584828004e-02
4.192183538584422220e-02 4.016439510372640104e-02
8.208933144050789869e-05 8.208259278217155236e-05
2.613367210733465174e-02 2.545070328952097130e-02
9.989104725370888740e-04 9.979126504049446334e-04
3.204158022856979683e-03 3.193891394221540746e-03
7.387357686551740367e-04 7.381900381192834509e-04
0.000000000000000000e+00 0.000000000000000000e+00
4.127942133863846557e-08 4.127941963464783969e-08
0.000000000000000000e+00 0.000000000000000000e+00
0.000000000000000000e+00 0.000000000000000000e+00
0.000000000000000000e+00 0.000000000000000000e+00
0.000000000000000000e+00 0.000000000000000000e+00
0.000000000000000000e+00 0.000000000000000000e+00
0.000000000000000000e+00 0.000000000000000000e+00
8.521256920247764766e-03 8.448645100746894621e-03
3.566583025490306386e-03 3.553862511012590829e-03
2.197105588501894330e-02 2.148832858831631679e-02
6.785565919489273262e-03 6.739522014641539244e-03
5.168554623199001635e-03 5.141840666306009451e-03
1.377589322636090343e-04 1.377399547401906372e-04
1.497828429956938635e-03 1.495584939951351451e-03
3.848725124921713921e-04 3.847243856412993555e-04
3.535674289143445753e-02 3.410664362354345891e-02
1.403685229456677272e-02 1.383981907222728812e-02
3.448391246543127536e-02 3.329477224650775197e-02
1.626204916331447289e-05 1.626178470907148387e-05
2.569815622728724436e-02 2.503776099380518316e-02
1.297512078865382988e-03 1.295828541270581478e-03
4.440345248816339983e-03 4.420628582887654173e-03
1.286676422235863296e-03 1.285020886020325683e-03
0.000000000000000000e+00 0.000000000000000000e+00
1.570883061950779165e-05 1.570858385214835964e-05
0.000000000000000000e+00 0.000000000000000000e+00
0.000000000000000000e+00 0.000000000000000000e+00
0.000000000000000000e+00 0.000000000000000000e+00
0.000000000000000000e+00 0.000000000000000000e+00
0.000000000000000000e+00 0.000000000000000000e+00
0.000000000000000000e+00 0.000000000000000000e+00
1.554409423874223740e-02 1.530247537303933841e-02
4.959639699297292009e-03 4.935041673350445968e-03
2.858553528880686950e-02 2.776840246105924739e-02
7.963933586380901597e-03 7.900509348212614996e-03
7.277402428481245800e-03 7.224441842375180743e-03
1.409017559930802284e-04 1.408819026882382941e-04
8.816021797909519763e-04 8.808249573875397923e-04
1.581524094539524055e-04 1.581273972693363094e-04
1.526015148092406751e-02 1.502727925770331804e-02
5.092170326066810734e-03 5.066240127437135130e-03
3.403627046789735322e-02 3.287780276053349493e-02
1.177802155396427615e-05 1.177788283217255068e-05
3.363054983467123060e-02 3.249953595248892407e-02
1.115317982725617463e-03 1.114074048523026363e-03
5.446564353069854696e-03 5.416899289817723832e-03
4.218436879989981921e-04 4.216657359018936174e-04
0.000000000000000000e+00 0.000000000000000000e+00
0.000000000000000000e+00 0.000000000000000000e+00
0.000000000000000000e+00 0.000000000000000000e+00
0.000000000000000000e+00 0.000000000000000000e+00
0.000000000000000000e+00 0.000000000000000000e+00
0.000000000000000000e+00 0.000000000000000000e+00
0.000000000000000000e+00 0.000000000000000000e+00
0.000000000000000000e+00 0.000000000000000000e+00
8.625621052921391210e-03 8.551219714372790617e-03
2.589608528409736727e-03 2.582902456079324248e-03
2.065022754896020385e-02 2.022379565113636979e-02
7.758081870160721261e-03 7.697894035856604408e-03
4.166887265388750233e-03 4.149524315906291498e-03
1.603766828470020844e-04 1.603509621666010803e-04
1.544134584652115090e-03 1.541750233036596248e-03
2.544158710105290789e-04 2.543511435751070354e-04
3.327036839517427680e-02 3.216345098202366692e-02
1.032892408629925048e-02 1.022223741351871787e-02
3.103461338525249913e-02 3.007146615728040553e-02
3.407010005114243748e-05 3.406893927942494278e-05
2.693476184142062912e-02 2.620928044596658110e-02
1.479063534122610586e-03 1.476875905184639372e-03
4.767342761311098298e-03 4.744615204307273126e-03
7.280852485252566411e-04 7.275551403961365120e-04
0.000000000000000000e+00 0.000000000000000000e+00
2.086990871796423693e-06 2.086986516265524808e-06
0.000000000000000000e+00 0.000000000000000000e+00
0.000000000000000000e+00 0.000000000000000000e+00
0.000000000000000000e+00 0.000000000000000000e+00
0.000000000000000000e+00 0.000000000000000000e+00
0.000000000000000000e+00 0.000000000000000000e+00
2.263734771401053587e-07 2.263734258951542039e-07
1.249702415920515668e-02 1.234084854636939912e-02
5.062416133713924619e-03 5.036788076603037657e-03
2.410407029132119461e-02 2.352306408671224133e-02
7.086547772683261456e-03 7.036328613348739533e-03
5.174435041965570574e-03 5.147660263962049350e-03
2.292033243670729768e-04 2.291507902031720612e-04
1.029489616157326518e-03 1.028429767287550745e-03
5.318122645337795351e-04 5.315294402490710170e-04
2.350568126734857780e-02 2.295316421550639557e-02
4.685702769928493279e-03 4.663746959480377825e-03
2.863219298547380054e-02 2.781239051031638571e-02
1.548723890568144787e-04 1.548484035999223008e-04
2.903480786742775391e-02 2.819178779952931022e-02
1.407358493772201125e-03 1.405377835842208352e-03
5.279915027045603212e-03 5.252037524352781012e-03
2.119139594925789540e-03 2.114648842303007512e-03
0.000000000000000000e+00 0.000000000000000000e+00
3.849953502030331064e-06 3.849938679888363491e-06
0.000000000000000000e+00 0.000000000000000000e+00
0.000000000000000000e+00 0.000000000000000000e+00
0.000000000000000000e+00 0.000000000000000000e+00
0.000000000000000000e+00 0.000000000000000000e+00
0.000000000000000000e+00 0.000000000000000000e+00
0.000000000000000000e+00 0.000000000000000000e+00
8.351810091232862721e-03 8.282057359432843519e-03
1.513837820679668836e-03 1.511546115732348731e-03
2.418600073031596659e-02 2.360103809898912372e-02
7.718726983099341923e-03 7.659148236859716040e-03
6.207189756038979794e-03 6.168660551371504298e-03
3.214661391561322162e-04 3.213627986775082477e-04
1.949914733211859574e-03 1.946112565745062835e-03
6.086765465660012777e-04 6.083060594276617659e-04
1.859791657254845562e-02 1.825203407170898282e-02
5.675116101470333019e-03 5.642909158705165101e-03
2.343145793520962430e-02 2.288242471424012728e-02
5.361983385953580147e-04 5.359108299370456390e-04
1.741285690172161144e-02 1.710964931624177690e-02
1.771842956971531947e-04 1.771529014225115049e-04
4.928794067118050931e-03 4.904501056161992938e-03
1.089887866364829590e-03 1.088700010803580207e-03
1.453565422787702098e-05 1.453544294263318838e-05
2.086990871796423693e-06 2.086986516265524808e-06
0.000000000000000000e+00 0.000000000000000000e+00
0.000000000000000000e+00 0.000000000000000000e+00
0.000000000000000000e+00 0.000000000000000000e+00
0.000000000000000000e+00 0.000000000000000000e+00
0.000000000000000000e+00 0.000000000000000000e+00
7.696234167251800936e-05 7.695641847048229219e-05
1.380055630827791216e-02 1.361010095385996321e-02
6.664041001743353614e-03 6.619631559270437206e-03
2.189032432931758629e-02 2.141113803007487285e-02
9.201746800689023995e-03 9.117074656505033681e-03
4.980692020885717740e-03 4.955884727878803048e-03
2.446705124600813690e-04 2.446106488004138701e-04
1.822737259486303810e-03 1.819414888369184089e-03
1.020168003778021849e-03 1.019127261022089457e-03
2.143710640205716625e-02 2.097755687116404505e-02
6.538047851284320769e-03 6.495301781578637079e-03
3.300900305141960672e-02 3.191940876897098045e-02
5.492381442323468526e-05 5.492079779784389022e-05
3.335269186585490542e-02 3.224028981115624470e-02
5.763908585431051605e-03 5.730685943249845538e-03
6.922484595692121948e-03 6.874563802714526994e-03
2.718677250413487761e-03 2.711286044421571707e-03
0.000000000000000000e+00 0.000000000000000000e+00
0.000000000000000000e+00 0.000000000000000000e+00
0.000000000000000000e+00 0.000000000000000000e+00
0.000000000000000000e+00 0.000000000000000000e+00
0.000000000000000000e+00 0.000000000000000000e+00
0.000000000000000000e+00 0.000000000000000000e+00
0.000000000000000000e+00 0.000000000000000000e+00
0.000000000000000000e+00 0.000000000000000000e+00
1.105637851124803041e-02 1.093413500546404349e-02
1.151722525758241890e-04 1.151589879280607941e-04
3.043773771786889570e-02 2.951128184048711772e-02
1.134302148689032841e-02 1.121435735043827334e-02
8.459921885765169999e-03 8.388351607451920849e-03
4.602042187817103323e-04 4.599924308587258637e-04
3.414814755089204228e-03 3.403153795277629248e-03
1.054169675328009859e-03 1.053058401623628614e-03
2.835444106556411076e-02 2.755046673742356234e-02
6.668004716401152755e-03 6.623542429503204328e-03
3.258012443820595960e-02 3.151865992979697301e-02
1.394222804561977671e-03 1.392278947333216912e-03
2.021966078409633688e-02 1.981082610187241341e-02
3.661576771282961805e-04 3.660236056837761799e-04
7.954228705151191597e-03 7.890958950857340781e-03
2.455257845861125686e-03 2.449229554771462959e-03
0.000000000000000000e+00 0.000000000000000000e+00
0.000000000000000000e+00 0.000000000000000000e+00
0.000000000000000000e+00 0.000000000000000000e+00
9.773689602303989082e-05 9.772734352219566924e-05
2.654366704594854589e-06 2.654359658932252016e-06
3.406754272600682001e-05 3.406638212853943211e-05
4.253361400713341887e-06 4.253343309630136484e-06
3.188046129313279533e-06 3.188035965675156971e-06
1.134184428149747487e-02 1.121320684979173858e-02
3.111842760446502289e-03 3.102159195080759005e-03
2.060530731195121465e-02 2.018072862253126459e-02
7.890263433541322424e-03 7.828007176490642954e-03
5.644188851018477546e-03 5.612331983232516155e-03
4.287951060707609970e-04 4.286112408277707774e-04
5.298951847802383514e-03 5.270872957117055113e-03
5.032784970667434667e-03 5.007456046106458468e-03
3.618969295667368719e-02 3.487999908037536789e-02
1.207840280761203131e-02 1.193251499322910136e-02
5.546376994774938202e-02 5.238754017093251447e-02
1.388034422238164584e-03 1.386107782680846487e-03
4.219035944828872925e-02 4.041033301791292082e-02
2.296323135493540286e-03 2.291050035550937398e-03
1.022397505452160051e-02 1.011944538860612072e-02
3.309842722941077568e-03 3.298887664090471763e-03
3.684440108497891099e-05 3.684304357508760234e-05
2.908959209306476038e-04 2.908113004938335153e-04
0.000000000000000000e+00 0.000000000000000000e+00
1.841599474766094410e-04 1.841260325903548451e-04
0.000000000000000000e+00 0.000000000000000000e+00
1.337155016879932375e-03 1.335367033340765109e-03
0.000000000000000000e+00 0.000000000000000000e+00
2.556259048220519119e-04 2.555605602188358388e-04
2.104886256991054388e-02 2.060580795442356131e-02
5.668089730991920927e-03 5.635962489793345208e-03
4.479832860183054905e-02 4.279143835631295939e-02
1.495029687417942163e-02 1.472678549755332238e-02
1.015769938556607306e-02 1.005452052875854298e-02
3.383225541134585179e-02 3.268763390512731404e-02
1.044028762508255118e-02 1.033128801938809974e-02
9.563180021219655491e-02 8.648635900037107693e-02
2.191420601864033924e-01 1.711188176436621577e-01
2.604712737919782084e-01 1.926259893211625385e-01
2.488473530441581982e-01 1.869223479270742949e-01
2.383180193453817708e-01 1.815225410006759965e-01
2.573911263040228325e-01 1.911409344039693980e-01
2.295011779734638935e-01 1.768303872822563350e-01
2.169115604313031354e-01 1.698609353825602519e-01
2.305211557049776927e-01 1.773811524774191184e-01
2.667867708228944812e-01 1.956115897367868561e-01
1.795518759512165496e-01 1.473129997936155067e-01
1.496542269305148332e-01 1.272578392923447987e-01
2.277727307256768308e-01 1.758923138634451433e-01
2.727029316333980935e-01 1.983360427119482960e-01
2.352177410420914216e-01 1.798903553411470568e-01
2.547014115063576667e-01 1.898286024830267149e-01
7.489001166424137657e-02 6.928149781717116151e-02
4.156996366692789630e-02 3.984190178765818768e-02
6.264185349578876849e-02 5.871785168640090286e-02
3.540156294296546019e-02 3.414829228416071255e-02
2.840331985157983768e-02 2.759657127298868751e-02
1.473268787362986762e-02 1.451563578164806641e-02
4.476944951446901189e-02 4.276514590464042254e-02
5.709513242657311000e-02 5.383527827976519048e-02
2.699298211708714423e-01 1.970677128135328027e-01
2.742645097566666634e-01 1.990434884446019570e-01
3.061451392002761951e-01 2.124202929443196886e-01
2.820099477240297081e-01 2.024803371087197379e-01
2.746189416533873495e-01 1.992033785385607936e-01
2.923458638522083430e-01 2.068797597407144029e-01
2.686212358802601563e-01 1.964638675144217972e-01
2.533180634864728997e-01 1.891480221979361942e-01
2.677481733386708473e-01 1.960590890124759289e-01
3.055385436296603752e-01 2.121847419863265027e-01
2.958488991921831568e-01 2.083223280389566168e-01
2.634559980156061521e-01 1.940469351252070984e-01
2.838669318938868424e-01 2.032864968710382525e-01
3.322309796958807238e-01 2.218535558261960083e-01
3.357282602726895382e-01 2.230147955269627669e-01
3.195427347263434803e-01 2.174351754099531631e-01
1.984719427577118223e-01 1.590808306956913998e-01
1.801770940025051171e-01 1.477133087993175442e-01
1.437148653068578141e-01 1.230609027966895336e-01
1.151114063687227601e-01 1.018607704925375279e-01
6.134505542687160307e-02 5.758183960154565628e-02
3.063079201472909685e-02 2.969254659527950646e-02
1.495845886152093462e-01 1.272090394640279232e-01
6.844694709140040911e-02 6.376196252526744601e-02
2.779651337541292344e-01 2.007005181711782882e-01
1.976117263245887046e-02 1.937066868864902730e-02
5.118874939263223789e-02 4.856846132825053119e-02
2.078833516561359729e-02 2.035618028665571108e-02
5.375499068426101146e-02 5.086539166079602492e-02
1.999549374469727220e-02 1.959567397460304505e-02
4.709028694919934616e-02 4.487279182424141338e-02
1.465363306716314408e-02 1.443890410509608702e-02
2.040605215800847874e-02 1.998964519333311721e-02
5.334896025926542246e-02 5.050284869852074421e-02
7.913917144935370129e-02 7.287616299166349565e-02
6.706570103989020759e-02 6.256789278391827747e-02
5.963694867678465128e-02 5.608038302930720698e-02
5.643824277427030717e-02 5.325296752682283363e-02
5.226938817009638832e-02 4.953729923042017591e-02
5.332315148047130082e-02 5.047979299666201236e-02
4.625745320378828185e-02 4.411770122688762202e-02
4.667808358542763214e-02 4.449924009821946275e-02
3.948172115469245763e-02 3.792291484935556706e-02
1.064215667397344633e-02 1.052890117530004901e-02
2.430705218884134360e-03 2.424796891023023922e-03
3.784735189002961728e-03 3.770410968552084536e-03
1.094492825594256015e-02 1.082513680141483116e-02
1.052843730117783948e-02 1.041758930917300631e-02
1.184339594325745613e-02 1.170312991578868929e-02
5.378859334813077681e-02 5.089538057376019609e-02
7.305983087321421543e-02 6.772209198599155044e-02
6.250274104639939876e-02 5.859614840808613501e-02
8.412625239327935212e-02 7.704902605154161088e-02
5.721418457910260047e-02 5.394072166205098051e-02
8.273973784316186741e-02 7.589387362480672083e-02
5.420943393736107202e-02 5.127077120955195882e-02
3.309359681890847171e-02 3.199841066849599958e-02
7.710490459410730690e-02 7.115973828164091908e-02
7.116005713282126666e-02 6.609630340167488294e-02
7.407665988685137315e-02 6.858930834685911249e-02
6.301527197402904956e-02 5.904434747206820100e-02
7.387952437365986891e-02 6.842134025198166880e-02
5.830691458692409401e-02 5.490721829827723000e-02
6.960596798247604966e-02 6.476097720369856925e-02
5.544641250084093170e-02 5.237210784162751875e-02
4.048675030772917044e-02 3.884757335724876165e-02
3.783268778011093098e-02 3.640137551544357641e-02
2.403251169963378786e-02 2.345495008104075269e-02
1.104095679250253342e-02 1.091905406560862539e-02
1.390840267463394099e-02 1.371495900967417692e-02
3.413307005878200850e-02 3.296800358714428725e-02
1.826290344750818723e-02 1.792936980517518056e-02
1.636192347264046887e-02 1.609421093291592622e-02
