3.014335654424475652e-02 2.923473460049129391e-02
1.148134530511580043e-01 1.016313240496275472e-01
2.714499173664921550e-01 1.977648597282167242e-01
4.247852736783183092e-01 2.443427449443545119e-01
4.490059990825405190e-01 2.473996118704301361e-01
2.357283784676881266e-01 1.801605100526825209e-01
1.459049157476377534e-01 1.246166713083124850e-01
7.439409096763757723e-02 6.885961019673644823e-02
9.941223486101775919e-02 8.952944242095560445e-02
3.331797554773101577e-01 2.221710060173899826e-01
6.741519990848923172e-01 2.196710812147356640e-01
6.868469606884963774e-01 2.150882132814714853e-01
6.124059154555008266e-01 2.373649101706107878e-01
4.659898584343603600e-01 2.488433102706851530e-01
5.199467370621867479e-01 2.496021276805719946e-01
3.716777379574746631e-01 2.335333970642894663e-01
6.347348297350482449e-01 2.318465256562675658e-01
6.916797171266897415e-01 2.132588860422321986e-01
6.805518420946113922e-01 2.174010323162425262e-01
5.135331585788136532e-01 2.498168536188806743e-01
2.851654148108094255e-01 2.038461010065883983e-01
1.368636971233188893e-01 1.181320255330553237e-01
7.302550913501784646e-02 6.769278415058926912e-02
4.346799291618867744e-02 4.157852650802684735e-02
7.243148423488141030e-02 6.718516432641354064e-02
7.974008657759351637e-02 7.338160517019140516e-02
1.104915680024197572e-01 9.828318140278641257e-02
2.398640742181648022e-01 1.823293001176275463e-01
2.743397270099645069e-01 1.990774411940626765e-01
5.764416746624273502e-01 2.441566703748035971e-01
7.497575553927411374e-01 1.876211635242418518e-01
6.915745885213201438e-01 2.132991770328868664e-01
5.091789396753254593e-01 2.499157470664367109e-01
5.518959778609334732e-01 2.473068074818575157e-01
7.006123035295686030e-01 2.097547036725602165e-01
5.759442422058044242e-01 2.442324720757861334e-01
2.144670785455214390e-01 1.684709507656705907e-01
2.677708695823119989e-01 1.960696309854444430e-01
7.880630009534025371e-01 1.670197074817200145e-01
8.844979625645692511e-01 1.021613167836951108e-01
8.652547523424898301e-01 1.165889658912264704e-01
3.195755208866443708e-01 2.174470073366742973e-01
