5.591541719866147814e-02 5.278888331816111029e-02
1.232429141068856066e-02 1.217240325191298878e-02
3.211757592899015801e-02 3.108603724543571034e-02
1.030629939272142189e-03 1.029567741200417995e-03
2.541761598185339390e-03 2.535301046163329890e-03
1.736117001063605415e-05 1.736086860041191604e-05
4.213787723537581824e-04 4.212012122839678104e-04
1.954314424325921153e-03 1.950495079456792714e-03
8.351694830359315813e-02 7.654186764964809875e-02
8.668656107997643745e-02 7.917200120810395647e-02
1.111163596938137673e-03 1.109928912398977160e-03
0.000000000000000000e+00 0.000000000000000000e+00
0.000000000000000000e+00 0.000000000000000000e+00
2.757560182309255384e-05 2.757484140927664816e-05
1.117920998461643391e-04 1.117796023725763273e-04
1.067534852982143226e-03 1.066395222319811579e-03
1.960880146824203318e-03 1.957035095873993838e-03
1.819938691046770916e-03 1.816626514207601850e-03
3.069262299415201952e-03 3.059841928352590324e-03
3.307623753675164907e-04 3.306529716185577098e-04
6.917985138333714468e-04 6.913199286496293349e-04
2.789471228681767172e-04 2.788693113708202976e-04
1.071782195580220061e-03 1.070633478505457351e-03
7.901642613786546065e-04 7.895399018186944999e-04
2.394324981248878350e-03 2.388592189133045742e-03
1.938736513338935093e-03 1.934977814070781539e-03
1.420523859868302787e-03 1.418505971831847661e-03
1.252140082783650488e-03 1.250572227996737083e-03
5.221948521145806758e-03 5.194679774788309688e-03
3.016238298321124244e-05 3.016147321386401691e-05
1.884205028482667087e-03 1.880654799893307673e-03
1.378319228264702524e-03 1.376419464369698330e-03
2.821375302657043796e-02 2.741773716672612701e-02
2.539564846060143183e-03 2.533115456452798581e-03
0.000000000000000000e+00 0.000000000000000000e+00
0.000000000000000000e+00 0.000000000000000000e+00
1.276382545469265091e-05 1.276366253945241304e-05
0.000000000000000000e+00 0.000000000000000000e+00
8.283345542189226684e-05 8.282659404055513219e-05
3.042866535109150743e-06 3.042857276072400290e-06
1.645721283289267641e-03 1.643012884746996270e-03
3.596245737385800399e-04 3.594952439045433581e-04
1.308438782162126826e-03 1.306726770115461010e-03
7.304720834700070787e-04 7.299384940052780534e-04
4.801630876858531839e-04 4.799325310950771761e-04
4.637433246277284071e-05 4.637218188406147127e-05
1.518932138337978407e-04 1.518701422853890859e-04
2.695099985967090641e-05 2.695027350327747131e-05
6.751219594136928515e-02 6.295429934054344590e-02
6.775456034155925497e-03 6.729549229685145503e-03
6.198165005518577186e-02 5.813992511162226207e-02
9.639745483901105423e-09 9.639745390976412959e-09
4.069576651589491834e-02 3.903962110357868387e-02
1.016653290531449578e-04 1.016549932140134747e-04
2.252466457987360390e-04 2.251959097472924472e-04
3.389169223405140289e-05 3.389054358724891250e-05
3.728440124141111162e-07 3.728438734014535046e-07
4.381802770486028321e-05 4.381610768530833810e-05
0.000000000000000000e+00 0.000000000000000000e+00
0.000000000000000000e+00 0.000000000000000000e+00
0.000000000000000000e+00 0.000000000000000000e+00
0.000000000000000000e+00 0.000000000000000000e+00
0.000000000000000000e+00 0.000000000000000000e+00
7.502757250580754073e-07 7.502751621444117509e-07
3.540290876728878489e-03 3.527757217237028568e-03
1.658903104377248798e-03 1.656151144867536390e-03
4.447706749527460118e-03 4.427924654197668008e-03
1.739510047519833005e-04 1.739207457999290721e-04
8.502972691802641186e-05 8.502249686356666135e-05
4.054425268378917287e-07 4.054423624542491597e-07
1.880492555780654944e-04 1.880138930555420374e-04
4.132430245064079848e-05 4.132259475266776452e-05
1.313710276323732827e-03 1.311984441633614207e-03
5.467613230241991779e-04 5.464623750798439745e-04
3.494920055792495941e-04 3.493698609172857933e-04
3.109790851460346150e-09 3.109790841789546825e-09
4.504334430629084395e-04 4.502305527762789374e-04
5.342657522669627371e-06 5.342628978680222701e-06
9.044688895840515919e-05 9.043870831868289933e-05
1.537004074849464426e-04 1.536767836696854026e-04
0.000000000000000000e+00 0.000000000000000000e+00
0.000000000000000000e+00 0.000000000000000000e+00
0.000000000000000000e+00 0.000000000000000000e+00
0.000000000000000000e+00 0.000000000000000000e+00
0.000000000000000000e+00 0.000000000000000000e+00
0.000000000000000000e+00 0.000000000000000000e+00
0.000000000000000000e+00 0.000000000000000000e+00
1.567354846925526689e-08 1.567354822359514516e-08
1.051762085163774610e-03 1.050655881679986563e-03
1.602594310440960039e-04 1.602337479588574159e-04
1.340829249187089995e-03 1.339031426111614385e-03
9.314627802922366201e-04 9.305951573811668993e-04
4.528710261888892544e-04 4.526659340225278765e-04
5.564259603978443676e-06 5.564228642993503102e-06
7.219231920892679060e-05 7.218710747797402215e-05
1.714441427345444601e-05 1.714412034251366470e-05
6.984105573733487282e-02 6.496328267082936148e-02
4.304553819947608100e-03 4.286024636358782766e-03
7.465127664472946678e-02 6.907846354004153200e-02
1.763179372907274531e-04 1.762868492757169983e-04
4.438986752988061113e-02 4.241940719056026127e-02
1.388953481889872090e-04 1.388760562712386621e-04
7.046651321308700913e-04 7.041685791824290382e-04
3.335590441516098271e-05 3.335479179880162739e-05
0.000000000000000000e+00 0.000000000000000000e+00
1.940227308733597401e-08 1.940227271088777461e-08
0.000000000000000000e+00 0.000000000000000000e+00
0.000000000000000000e+00 0.000000000000000000e+00
0.000000000000000000e+00 0.000000000000000000e+00
0.000000000000000000e+00 0.000000000000000000e+00
0.000000000000000000e+00 0.000000000000000000e+00
1.146647655143838010e-11 1.146647655130690039e-11
4.670786889532585300e-03 4.648970639365155970e-03
4.085680961508753213e-03 4.068988172589518143e-03
5.768752014400019626e-03 5.735473514596375541e-03
5.873698814167324818e-04 5.870248780391369584e-04
1.657202606940916994e-04 1.656927974892871713e-04
1.700960401300942261e-06 1.700957508034655419e-06
3.570649683341651668e-06 3.570636933802490656e-06
2.972746862603873703e-07 2.972745978881482580e-07
1.350498026714368237e-03 1.348674181794208820e-03
1.223870515641146484e-03 1.222372656602090839e-03
4.623528199137508471e-04 4.621390497836686440e-04
3.855339119594098201e-06 3.855324255954371250e-06
3.440618864500372327e-04 3.439435078683296767e-04
7.697046305946719516e-07 7.697040381494536169e-07
1.914828825962804781e-05 1.914792160268477308e-05
4.081091811951482091e-06 4.081075156641104697e-06
0.000000000000000000e+00 0.000000000000000000e+00
0.000000000000000000e+00 0.000000000000000000e+00
0.000000000000000000e+00 0.000000000000000000e+00
0.000000000000000000e+00 0.000000000000000000e+00
0.000000000000000000e+00 0.000000000000000000e+00
0.000000000000000000e+00 0.000000000000000000e+00
0.000000000000000000e+00 0.000000000000000000e+00
0.000000000000000000e+00 0.000000000000000000e+00
1.225189205739213218e-03 1.223688117149353272e-03
7.586571619556358977e-04 7.580816012662493220e-04
1.663503106118947817e-03 1.660735863534880527e-03
1.387203828038619056e-03 1.385279493578094089e-03
7.075359120380897123e-04 7.070353049712661863e-04
1.299366130381163726e-06 1.299364442028823025e-06
3.593422655734850268e-05 3.593293528871022993e-05
1.145817714451592008e-05 1.145804585469244512e-05
7.474979090905416179e-02 6.916225966810685133e-02
6.688199540564801829e-03 6.643467527470390405e-03
7.619898255680895849e-02 7.039269761411608151e-02
1.779338475253204165e-06 1.779335309207794679e-06
6.073862625914289853e-02 5.704944553929505724e-02
3.158189629544683251e-04 3.157192213371066872e-04
4.273358421964848475e-04 4.271532262744590709e-04
3.214442668597005369e-05 3.214339342180308397e-05
5.447076666553478500e-14 5.447076666553181888e-14
5.434675125705869727e-07 5.434672172136497126e-07
0.000000000000000000e+00 0.000000000000000000e+00
0.000000000000000000e+00 0.000000000000000000e+00
0.000000000000000000e+00 0.000000000000000000e+00
0.000000000000000000e+00 0.000000000000000000e+00
0.000000000000000000e+00 0.000000000000000000e+00
3.113795849508795989e-06 3.113786153784203649e-06
5.322213935895461941e-03 5.293887974716022030e-03
4.147611169351511813e-03 4.130408490939382372e-03
5.959919133596300843e-03 5.924398497517293846e-03
1.104070597450696302e-03 1.102851625566541238e-03
2.897877908207608278e-04 2.897038138570520510e-04
7.061869361685626149e-10 7.061869356698626614e-10
1.847973638721707446e-06 1.847970223715138070e-06
1.053829106222086844e-06 1.053827995666301726e-06
1.383758592194901747e-03 1.381843804353428485e-03
1.153626796091011949e-03 1.152295941306352755e-03
5.028306683325068586e-04 5.025778296514910991e-04
2.612051231791944145e-04 2.611368950628193547e-04
4.694932854087781261e-04 4.692728614637341851e-04
1.068787105296923969e-05 1.068775682238159411e-05
5.448224700166103175e-06 5.448195017013720046e-06
1.487643212168499421e-06 1.487640999086172814e-06
0.000000000000000000e+00 0.000000000000000000e+00
5.954079750636074906e-10 5.954079747090968018e-10
0.000000000000000000e+00 0.000000000000000000e+00
0.000000000000000000e+00 0.000000000000000000e+00
0.000000000000000000e+00 0.000000000000000000e+00
0.000000000000000000e+00 0.000000000000000000e+00
0.000000000000000000e+00 0.000000000000000000e+00
0.000000000000000000e+00 0.000000000000000000e+00
1.391293216350908586e-03 1.389357519537044597e-03
4.274499355160725337e-04 4.272672220686998552e-04
4.984016491983882420e-03 4.959176071591514870e-03
4.043591241783478681e-03 4.027240611652850404e-03
2.658155868886587399e-03 2.651090076263291299e-03
3.318842039767695798e-05 3.318731892642846497e-05
9.144569747405285410e-05 9.143733515846634097e-05
7.707842053289711633e-06 7.707782642460592434e-06
1.173721210737907472e-02 1.159944995932546928e-02
3.625133728051072989e-03 3.611992133504819680e-03
7.714922702785463604e-02 7.119722379685917979e-02
5.376890200544257161e-07 5.376887309449434358e-07
6.504950351295644972e-02 6.081806560567431380e-02
3.622712242655593039e-04 3.621399838256284236e-04
3.165907891792956461e-04 3.164905594515024859e-04
1.364087146354680260e-05 1.364068539017251716e-05
0.000000000000000000e+00 0.000000000000000000e+00
0.000000000000000000e+00 0.000000000000000000e+00
0.000000000000000000e+00 0.000000000000000000e+00
0.000000000000000000e+00 0.000000000000000000e+00
0.000000000000000000e+00 0.000000000000000000e+00
0.000000000000000000e+00 0.000000000000000000e+00
0.000000000000000000e+00 0.000000000000000000e+00
2.101500979269638174e-12 2.101500979265221967e-12
5.725745942066895813e-03 5.692961775473800480e-03
1.117734250050909017e-03 1.116484920197172203e-03
6.083787510777531604e-03 6.046775040301238802e-03
1.429922066050844185e-03 1.427877388935864991e-03
6.456942313126385734e-04 6.452773102722882039e-04
2.701831881421047244e-05 2.701758882465892515e-05
2.888116444526132683e-06 2.888108103309535690e-06
5.683704159161702876e-07 5.683700928712405826e-07
1.319094762865613384e-03 1.317354751872193809e-03
1.266398699338463617e-03 1.264794933672777405e-03
5.341719963435860368e-04 5.338866566219083393e-04
2.638337350565059984e-04 2.637641268167521314e-04
4.635202585743289209e-04 4.633054075442201154e-04
1.528901535338598691e-04 1.528667781348122643e-04
6.936197175218172177e-06 6.936149064386918365e-06
8.570978577449892739e-07 8.570971231282515462e-07
0.000000000000000000e+00 0.000000000000000000e+00
2.071030657276252054e-10 2.071030656847335384e-10
0.000000000000000000e+00 0.000000000000000000e+00
0.000000000000000000e+00 0.000000000000000000e+00
0.000000000000000000e+00 0.000000000000000000e+00
0.000000000000000000e+00 0.000000000000000000e+00
0.000000000000000000e+00 0.000000000000000000e+00
0.000000000000000000e+00 0.000000000000000000e+00
1.878240023383851917e-03 1.874712237798410903e-03
2.806685054637803999e-04 2.805897306538211169e-04
6.627049974815107415e-03 6.583132183446410192e-03
5.394880578477472856e-03 5.365775842021439264e-03
3.903504232049941677e-03 3.888266886760309744e-03
4.740140562962475356e-04 4.737893669706811240e-04
2.229385782820576822e-04 2.228888766723712510e-04
4.999234389284718742e-06 4.999209396940239734e-06
7.833584438621438162e-02 7.219933987051319058e-02
9.242978450029280119e-04 9.234435184966509162e-04
7.726883566876587006e-02 7.129836270315911828e-02
7.370144738205798765e-06 7.370090419172336516e-06
6.900429805861728327e-02 6.424270490805479572e-02
2.364802313545948098e-04 2.364243084547732777e-04
4.654615585251748074e-04 4.652449040627101308e-04
5.304168129876900895e-06 5.304139995677351168e-06
0.000000000000000000e+00 0.000000000000000000e+00
2.671123940153513768e-07 2.671123226663203407e-07
0.000000000000000000e+00 0.000000000000000000e+00
0.000000000000000000e+00 0.000000000000000000e+00
0.000000000000000000e+00 0.000000000000000000e+00
0.000000000000000000e+00 0.000000000000000000e+00
0.000000000000000000e+00 0.000000000000000000e+00
1.739353072077792316e-09 1.739353069052443125e-09
4.081608591698222994e-03 4.064949063002398430e-03
2.825447468970662245e-03 2.817464315570749646e-03
6.229636772377802542e-03 6.190828398062040577e-03
1.616592866676332075e-03 1.613979494179743329e-03
7.629358584791029766e-04 7.623537873549496953e-04
2.409484725295048615e-05 2.409426669128634398e-05
1.919876009715311421e-05 1.919839150476384453e-05
6.871285850637061833e-07 6.871281129180137454e-07
2.899569120174607089e-03 2.891161619091936735e-03
3.071030399036158700e-04 3.070087276264978440e-04
8.300274514405095406e-04 8.293385058703646884e-04
6.148388244963393502e-05 6.148010218183286085e-05
5.279161397910945176e-04 5.276374443404425497e-04
7.311148893751917486e-06 7.311095440853770833e-06
1.641861908916957506e-05 1.641834951811677816e-05
5.726029907931872683e-06 5.725997120513365953e-06
0.000000000000000000e+00 0.000000000000000000e+00
0.000000000000000000e+00 0.000000000000000000e+00
0.000000000000000000e+00 0.000000000000000000e+00
0.000000000000000000e+00 0.000000000000000000e+00
0.000000000000000000e+00 0.000000000000000000e+00
0.000000000000000000e+00 0.000000000000000000e+00
0.000000000000000000e+00 0.000000000000000000e+00
3.213038925686593605e-05 3.212935689495213950e-05
4.556558185183232079e-03 4.535795962688271565e-03
1.635862887774383167e-03 1.633186840386785564e-03
7.611483702257264110e-03 7.553549018107535984e-03
6.115203309359429178e-03 6.077807597844629012e-03
5.194901678368742289e-03 5.167914674920824104e-03
1.171048418157492248e-04 1.170911282717725381e-04
2.169288288445382444e-04 2.168817707277543899e-04
2.790620762197215682e-06 2.790612974632977412e-06
7.549867773214852251e-02 6.979862739284570239e-02
3.650636992957864008e-02 3.517365488414339603e-02
7.697229436521359214e-02 7.104756026536850066e-02
2.768812938398183430e-04 2.768046305889399123e-04
1.546465474732447616e-02 1.522549920087053026e-02
9.538474773905029056e-05 9.537564948894904657e-05
5.672361688910597898e-05 5.672039932039299448e-05
8.048055859331134127e-06 8.047991088128018581e-06
0.000000000000000000e+00 0.000000000000000000e+00
7.149870535138626679e-11 7.149870534627420013e-11
0.000000000000000000e+00 0.000000000000000000e+00
0.000000000000000000e+00 0.000000000000000000e+00
0.000000000000000000e+00 0.000000000000000000e+00
0.000000000000000000e+00 0.000000000000000000e+00
0.000000000000000000e+00 0.000000000000000000e+00
4.062093472484087517e-10 4.062093470834027114e-10
4.196573974479310062e-03 4.178962741356032594e-03
1.677706622398982125e-03 1.674891922888140658e-03
6.029735612653738114e-03 5.993377901095233405e-03
1.561722690894358414e-03 1.559283713131104148e-03
7.730009581033245748e-04 7.724034276220958931e-04
4.830535849712328959e-06 4.830512515635733311e-06
3.389678714631157364e-05 3.389563815413273394e-05
4.927841652443420441e-06 4.927817368820068466e-06
6.299202724784784546e-03 6.259522769816848291e-03
4.616664706348484401e-03 4.595351113337640611e-03
2.459965922886807928e-03 2.453914490545043570e-03
9.819397330894675808e-05 9.818433125255256254e-05
5.816189727537150354e-04 5.812806921242479876e-04
7.494343820190196701e-06 7.494287655000901434e-06
3.907707662692592678e-05 3.907554960900822168e-05
7.193252707179443811e-06 7.193200964294934874e-06
0.000000000000000000e+00 0.000000000000000000e+00
1.545991912477891955e-12 1.545991912475501895e-12
0.000000000000000000e+00 0.000000000000000000e+00
0.000000000000000000e+00 0.000000000000000000e+00
0.000000000000000000e+00 0.000000000000000000e+00
0.000000000000000000e+00 0.000000000000000000e+00
0.000000000000000000e+00 0.000000000000000000e+00
1.707248057196325132e-05 1.707218910237037136e-05
6.598775475037980606e-03 6.555231637268017775e-03
2.465971585011081640e-03 2.459890569152999636e-03
7.786367653422321226e-03 7.725740132188060015e-03
5.332551112276689292e-03 5.304115010911645590e-03
5.287938534866498154e-03 5.259976240917971745e-03
8.496159182203286999e-05 8.495437334994793567e-05
1.492527623467046439e-04 1.492304859596365241e-04
1.512823414538476804e-06 1.512821125903793281e-06
8.004953829880089022e-02 7.364160971694970470e-02
4.526747819633004238e-02 4.321833361407482338e-02
7.740365849227702488e-02 7.141233214428797937e-02
3.508941675926335627e-06 3.508929363254650589e-06
1.524796120480363497e-02 1.501546088390043852e-02
1.508466986743176385e-05 1.508444232016675383e-05
1.929809497385290989e-04 1.929437080915671237e-04
2.346448863928246892e-06 2.346443358105975724e-06
0.000000000000000000e+00 0.000000000000000000e+00
1.396507539964778619e-09 1.396507538014545229e-09
0.000000000000000000e+00 0.000000000000000000e+00
0.000000000000000000e+00 0.000000000000000000e+00
0.000000000000000000e+00 0.000000000000000000e+00
0.000000000000000000e+00 0.000000000000000000e+00
0.000000000000000000e+00 0.000000000000000000e+00
6.155085225665777635e-10 6.155085221877269750e-10
4.499335506876259855e-03 4.479091486872822589e-03
3.235721947136759643e-03 3.225252050617577037e-03
5.648979743955201416e-03 5.617068771807585091e-03
2.291823119033597773e-03 2.286570665824660953e-03
5.726206536439115962e-04 5.722927592309319913e-04
4.714256576667965884e-06 4.714234352452895599e-06
3.722977097062380765e-05 3.722838491477728078e-05
3.314701687064719333e-06 3.314690699817445278e-06
6.573576018376658080e-03 6.530364116707281300e-03
3.834768300766397148e-03 3.820062852845834255e-03
3.357853534263884922e-03 3.346578353906316371e-03
1.602531312467120868e-06 1.602528744360513515e-06
1.718310622142948507e-03 1.715358030748779117e-03
2.647661230489449947e-05 2.647591129389535559e-05
3.041274753906738991e-05 3.041182260385451381e-05
9.734803839919102330e-06 9.734709073513301471e-06
0.000000000000000000e+00 0.000000000000000000e+00
2.841246603098694234e-07 2.841245795830468372e-07
0.000000000000000000e+00 0.000000000000000000e+00
0.000000000000000000e+00 0.000000000000000000e+00
0.000000000000000000e+00 0.000000000000000000e+00
0.000000000000000000e+00 0.000000000000000000e+00
0.000000000000000000e+00 0.000000000000000000e+00
1.005973999694333712e-11 1.005973999684213836e-11
7.038125583414212016e-03 6.988590371686302649e-03
2.113418088056413010e-03 2.108951552041488878e-03
7.601629159245150424e-03 7.543844393370463877e-03
3.466763036221005238e-03 3.454744590271697016e-03
2.870922559874726152e-03 2.862680363529928641e-03
1.753300044001618384e-05 1.753269303391175336e-05
2.347342387018269737e-05 2.347287286855450971e-05
9.209317086464440081e-08 9.209316238349228242e-08
4.779746337646556542e-02 4.551286587124099559e-02
3.626981693610070029e-02 3.495431731552244015e-02
7.717637470412387624e-02 7.122018189165255087e-02
4.110456163578000962e-11 4.110456163409042213e-11
7.222346077954162891e-02 6.700723249256763936e-02
1.545006970114994833e-05 1.544983099649617758e-05
1.201024815581386036e-04 1.200880569520621860e-04
1.726995014704076932e-06 1.726992032192296219e-06
0.000000000000000000e+00 0.000000000000000000e+00
6.766014669271480663e-12 6.766014669225701386e-12
0.000000000000000000e+00 0.000000000000000000e+00
0.000000000000000000e+00 0.000000000000000000e+00
0.000000000000000000e+00 0.000000000000000000e+00
0.000000000000000000e+00 0.000000000000000000e+00
0.000000000000000000e+00 0.000000000000000000e+00
2.101786402331265586e-07 2.101785960580657588e-07
4.437570381702027680e-03 4.417878350809468363e-03
4.946502418754599980e-04 4.944055630136725285e-04
5.234754142898657633e-03 5.207351491962062921e-03
2.404439737956455894e-03 2.398658407502991981e-03
7.539187606945656206e-04 7.533503671968384352e-04
1.552189463939263548e-06 1.552187054647131675e-06
2.590192406744365922e-05 2.590125315777326305e-05
2.570472319308626892e-06 2.570465711980682485e-06
6.260249084391496244e-03 6.221058365792871483e-03
5.781267146675465700e-03 5.747844096854236653e-03
3.522198001508077773e-03 3.509792122746250090e-03
1.607469235097046429e-06 1.607466651139704646e-06
7.790753235547780804e-04 7.784683651950061135e-04
1.659400176267970763e-05 1.659372640178520758e-05
2.965620227020139722e-05 2.965532277986830724e-05
8.233570777794420781e-06 8.233502986106667343e-06
0.000000000000000000e+00 0.000000000000000000e+00
5.075461851785461214e-07 5.075459275754160143e-07
0.000000000000000000e+00 0.000000000000000000e+00
0.000000000000000000e+00 0.000000000000000000e+00
0.000000000000000000e+00 0.000000000000000000e+00
0.000000000000000000e+00 0.000000000000000000e+00
0.000000000000000000e+00 0.000000000000000000e+00
9.514792272702013312e-05 9.513886959982087248e-05
6.601562921449738615e-03 6.557982288443878552e-03
4.873760083790793299e-03 4.850006546436440823e-03
7.476445340975448363e-03 7.420548106038854681e-03
2.442606965581295853e-03 2.436640636792989766e-03
1.241367497340610049e-03 1.239826504077156397e-03
1.943966513243058298e-05 1.943928723185012241e-05
1.466272180030121817e-05 1.466250680489062584e-05
1.890188460263635867e-07 1.890188102982394329e-07
7.591858654158553654e-02 7.015495475911331935e-02
7.242017341080528303e-02 6.717549189395417841e-02
7.567510456919593342e-02 6.994838311763719452e-02
1.117528999102540457e-04 1.117404111996156960e-04
6.667962232699795044e-02 6.223345029332686545e-02
3.779877498020303039e-05 3.779734623281302689e-05
2.199549691746264461e-04 2.199065889861618358e-04
1.554966052357892205e-06 1.554963634438468242e-06
0.000000000000000000e+00 0.000000000000000000e+00
0.000000000000000000e+00 0.000000000000000000e+00
0.000000000000000000e+00 0.000000000000000000e+00
0.000000000000000000e+00 0.000000000000000000e+00
0.000000000000000000e+00 0.000000000000000000e+00
0.000000000000000000e+00 0.000000000000000000e+00
0.000000000000000000e+00 0.000000000000000000e+00
7.737639957268434858e-11 7.737639956669724116e-11
4.208701850657861447e-03 4.190988679390130617e-03
1.174632636643476976e-03 1.173252874812408990e-03
4.905706728001487348e-03 4.881640769500328499e-03
2.843864285604472564e-03 2.835776721529536127e-03
1.029622054985129733e-03 1.028561933409017932e-03
3.132514634122117598e-06 3.132504821474184810e-06
1.316515574996119865e-05 1.316498242863527762e-05
7.546059314143966439e-07 7.546053619842849077e-07
6.496443005604897805e-03 6.454239233879824865e-03
4.326537194767542463e-03 4.307818270669835220e-03
4.345293634418661774e-03 4.326412057649342731e-03
1.295318326595218752e-05 1.295301548099546588e-05
5.727840536624694435e-04 5.724559720903394646e-04
5.296508657721382793e-06 5.296480604717421208e-06
4.861303712327034955e-05 4.861067389589200123e-05
3.806871403585938908e-06 3.806856911316055522e-06
0.000000000000000000e+00 0.000000000000000000e+00
1.785576060450350471e-14 1.785576060450318601e-14
0.000000000000000000e+00 0.000000000000000000e+00
0.000000000000000000e+00 0.000000000000000000e+00
0.000000000000000000e+00 0.000000000000000000e+00
0.000000000000000000e+00 0.000000000000000000e+00
0.000000000000000000e+00 0.000000000000000000e+00
0.000000000000000000e+00 0.000000000000000000e+00
5.006887561124441846e-03 4.981818638074698817e-03
2.484138376772764781e-03 2.477967433297809715e-03
6.759621903676345939e-03 6.713929415395685288e-03
9.049785314994059776e-04 9.041595453569311377e-04
5.189354370135143427e-04 5.186661430257259037e-04
1.953388506700807774e-06 1.953384690974149675e-06
2.611806760247515485e-05 2.611738544901986723e-05
2.799655725177125039e-06 2.799647887104945705e-06
6.673377911907316107e-02 6.228038184355991214e-02
2.562534915187773821e-02 2.496869063272209865e-02
7.583513368509946229e-02 7.008416618406256016e-02
2.893766880511802829e-05 2.893683141644215470e-05
6.164402368177931968e-02 5.784403802609955347e-02
1.083394660954268207e-03 1.082220916962883936e-03
2.019889198735931764e-03 2.015809246360761569e-03
3.740119870485180006e-04 3.738721020820620156e-04
0.000000000000000000e+00 0.000000000000000000e+00
3.346442293259788453e-09 3.346442282061112504e-09
0.000000000000000000e+00 0.000000000000000000e+00
0.000000000000000000e+00 0.000000000000000000e+00
0.000000000000000000e+00 0.000000000000000000e+00
0.000000000000000000e+00 0.000000000000000000e+00
0.000000000000000000e+00 0.000000000000000000e+00
0.000000000000000000e+00 0.000000000000000000e+00
2.316657917236722951e-03 2.311291013331227221e-03
2.310879760911698237e-04 2.310345744384759235e-04
4.480626939490149445e-03 4.460550921719264907e-03
1.376418108200028710e-03 1.374523581391447679e-03
4.689253867925498396e-04 4.687054957741713154e-04
6.118589534279576461e-06 6.118552097141687796e-06
1.388107405381186982e-05 1.388088136959498222e-05
9.814450741387925573e-07 9.814441109043590375e-07
4.715123007865495465e-03 4.692890622886193054e-03
2.358090222906033227e-03 2.352529633406668166e-03
3.608090071907850329e-03 3.595071757940850304e-03
3.659180245922331704e-07 3.659178906962324483e-07
1.991784173971041481e-03 1.987816969775360165e-03
5.145652342673311916e-05 5.145387565292995050e-05
3.267406416968816180e-04 3.266338822499451392e-04
1.295880168471382779e-05 1.295863375417272373e-05
0.000000000000000000e+00 0.000000000000000000e+00
0.000000000000000000e+00 0.000000000000000000e+00
0.000000000000000000e+00 0.000000000000000000e+00
0.000000000000000000e+00 0.000000000000000000e+00
0.000000000000000000e+00 0.000000000000000000e+00
0.000000000000000000e+00 0.000000000000000000e+00
0.000000000000000000e+00 0.000000000000000000e+00
0.000000000000000000e+00 0.000000000000000000e+00
2.258169452237410689e-03 2.253070122962392684e-03
4.437932014838431166e-04 4.435962490781598304e-04
3.733897180011125274e-03 3.719955191860230444e-03
7.417504790167600733e-04 7.412002852436385151e-04
2.426495040913680134e-04 2.425906253095322287e-04
2.286332091462745191e-06 2.286326864148312576e-06
2.554203789852512192e-05 2.554138550282511182e-05
3.846735976694680527e-06 3.846721179317006117e-06
2.107490973917580321e-02 2.063075791866139652e-02
3.971122101445853018e-04 3.969545120371393947e-04
6.409981588443654232e-02 5.999102948801787738e-02
4.727378016871917806e-05 4.727154535842773730e-05
3.381263328406663299e-02 3.266933911446386063e-02
1.576570282389685648e-03 1.574084708534371265e-03
3.162479895054834660e-03 3.152478615968208522e-03
2.311719171995925751e-04 2.311184767442908466e-04
0.000000000000000000e+00 0.000000000000000000e+00
5.447570393630573947e-11 5.447570393333813855e-11
0.000000000000000000e+00 0.000000000000000000e+00
0.000000000000000000e+00 0.000000000000000000e+00
0.000000000000000000e+00 0.000000000000000000e+00
0.000000000000000000e+00 0.000000000000000000e+00
0.000000000000000000e+00 0.000000000000000000e+00
4.366529352231363326e-13 4.366529352229456429e-13
3.767012038311556323e-04 3.765593000341878132e-04
4.920948520369140269e-05 4.920706363025739277e-05
2.118623890194921283e-03 2.114135323006816666e-03
1.532294781755698929e-04 1.532059989025879318e-04
1.261505221886575795e-04 1.261346082344090959e-04
9.634884536266831139e-06 9.634791705266804727e-06
6.949922984088613041e-05 6.949439969793765276e-05
2.936868255820268415e-05 2.936782003868747937e-05
3.497732207404796387e-03 3.485498076810079632e-03
9.764174690688883721e-04 9.754640779949854670e-04
3.933864003324470497e-03 3.918388717327818752e-03
7.952409705686809286e-06 7.952346464866681637e-06
3.003120001282563647e-03 2.994101271540460137e-03
9.512936209924018971e-05 9.512031250370678781e-05
4.140891960983226648e-04 4.139177262359973117e-04
1.454605418801377186e-04 1.454393831108936506e-04
0.000000000000000000e+00 0.000000000000000000e+00
2.155354926994014659e-08 2.155354880538466197e-08
0.000000000000000000e+00 0.000000000000000000e+00
0.000000000000000000e+00 0.000000000000000000e+00
0.000000000000000000e+00 0.000000000000000000e+00
0.000000000000000000e+00 0.000000000000000000e+00
0.000000000000000000e+00 0.000000000000000000e+00
0.000000000000000000e+00 0.000000000000000000e+00
3.616758724725379834e-03 3.603677781052502631e-03
6.127529080616191072e-04 6.123774419352811171e-04
7.984827292866768927e-03 7.921069825969859549e-03
6.695816120309370373e-04 6.691332724957670857e-04
3.420932284231289013e-04 3.419762006461959675e-04
2.436993656898060740e-06 2.436987717959977104e-06
3.306775333285711445e-05 3.306665985654663249e-05
3.644933735614862096e-05 3.644800880195492028e-05
2.876905025310666237e-03 2.868628442786008616e-03
8.307190667258982980e-04 8.300289725580762982e-04
1.534229328729061655e-02 1.510690732397737372e-02
1.954496000348569166e-04 1.954113994887031209e-04
1.170059896406955811e-02 1.156369494795157250e-02
1.824539914555405062e-04 1.824207019965424440e-04
2.844264835256030133e-03 2.836174992802956065e-03
1.628027753659318374e-04 1.627762706222649959e-04
2.576704115711874689e-08 2.576704049317833716e-08
5.447570393630573947e-11 5.447570393333813855e-11
0.000000000000000000e+00 0.000000000000000000e+00
0.000000000000000000e+00 0.000000000000000000e+00
0.000000000000000000e+00 0.000000000000000000e+00
0.000000000000000000e+00 0.000000000000000000e+00
0.000000000000000000e+00 0.000000000000000000e+00
9.935031245266564983e-07 9.935021374781980805e-07
7.424571536911824714e-04 7.419059110661152968e-04
3.134393329332417315e-04 3.133410887178120891e-04
3.139653604433862832e-03 3.129796179678028326e-03
6.897206884978245110e-04 6.892449738696825859e-04
1.771476131991070544e-04 1.771162319222449209e-04
8.698783141946788211e-06 8.698707473118637699e-06
2.005752660617629904e-04 2.005350356244072364e-04
1.484493435588021088e-04 1.484273063511990680e-04
1.424607276049411064e-02 1.404312217139681851e-02
1.342236480171614833e-03 1.340434881402911317e-03
7.281169674104959015e-03 7.228154242281853090e-03
2.073376094199117688e-05 2.073333105314837822e-05
6.546476211475782056e-03 6.503619860688363875e-03
7.162669590442832411e-04 7.157539206876647412e-04
9.248632870431683665e-04 9.240079149434480632e-04
3.919078413381902378e-04 3.917542495820878698e-04
0.000000000000000000e+00 0.000000000000000000e+00
0.000000000000000000e+00 0.000000000000000000e+00
0.000000000000000000e+00 0.000000000000000000e+00
0.000000000000000000e+00 0.000000000000000000e+00
0.000000000000000000e+00 0.000000000000000000e+00
0.000000000000000000e+00 0.000000000000000000e+00
0.000000000000000000e+00 0.000000000000000000e+00
0.000000000000000000e+00 0.000000000000000000e+00
9.387871755581754171e-03 9.299739619482504799e-03
4.742962542141385232e-05 4.742737585204623464e-05
1.720349614951517669e-02 1.690753586974879166e-02
1.493847755263372863e-03 1.491616174147467359e-03
6.417854463445746586e-04 6.413735577854349059e-04
3.064070613969432976e-05 3.063976728682159256e-05
4.633460350620165549e-04 4.631313455138088425e-04
3.136257991580385118e-04 3.135274380161410124e-04
1.402219415402560995e-02 1.382557222513241917e-02
6.395442828376004391e-03 6.354541139404978022e-03
1.671548273261023662e-02 1.643607536962604643e-02
5.549987701433278147e-04 5.546907465084671739e-04
1.029439949153695445e-02 1.018842483064559892e-02
3.458973830154386049e-04 3.457777380158616595e-04
3.349927321402385114e-03 3.338705308343706876e-03
8.450689264326020000e-04 8.443547849421800073e-04
0.000000000000000000e+00 0.000000000000000000e+00
0.000000000000000000e+00 0.000000000000000000e+00
0.000000000000000000e+00 0.000000000000000000e+00
5.085638752828719683e-04 5.083052380676292151e-04
4.538839347464245551e-05 4.538633336838024602e-05
1.527657289976516242e-04 1.527423916296954520e-04
8.905109655868932624e-06 8.905030354890949138e-06
1.604702488617074121e-05 1.604676737916304344e-05
7.760921654374131756e-03 7.700689749448798305e-03
5.662301563341204857e-04 5.659095397441783531e-04
1.880550811140253853e-02 1.845186097607451337e-02
4.900963175601200615e-03 4.876943735552601369e-03
1.475474391852415589e-03 1.473297367171403239e-03
1.757387603972191932e-04 1.757078762853132360e-04
3.185730543299430083e-03 3.175581664204919167e-03
1.568047226601026675e-02 1.543459505552514932e-02
3.668254390086467254e-02 3.533693487382581072e-02
1.218025295462504994e-02 1.203189439258639699e-02
2.879937987034816502e-02 2.796997558943154980e-02
2.152357075822702100e-04 2.151893811724517726e-04
2.048689674481514109e-02 2.006718380658242470e-02
7.181753802755839588e-04 7.176596043987499554e-04
7.097060592398844910e-03 7.046692323346663914e-03
1.973944641902246680e-03 1.970048184452951896e-03
5.570341096593567701e-04 5.567238226600328306e-04
7.616988249613025012e-04 7.611186398613550624e-04
0.000000000000000000e+00 0.000000000000000000e+00
1.396527841270601142e-04 1.396332812269456848e-04
0.000000000000000000e+00 0.000000000000000000e+00
3.023433439723733403e-03 3.014292289959293568e-03
0.000000000000000000e+00 0.000000000000000000e+00
9.766029162270554054e-04 9.756491629710721666e-04
2.826149203659525030e-02 2.746278010446071352e-02
6.798201771684038094e-03 6.751986224355510484e-03
3.547795475515299474e-02 3.421926948154431491e-02
6.384949226096658763e-03 6.344181649476826439e-03
2.618671902822610441e-03 2.611814460287977934e-03
4.811590133779287265e-02 4.580076137624465582e-02
6.173526048979498769e-03 6.135413625102070084e-03
1.274078555902787568e-01 1.111750939241654274e-01
4.925375435591784479e-01 2.499443117438688300e-01
6.057273984847746373e-01 2.388217172096416818e-01
5.577806703597200100e-01 2.466613941327813753e-01
5.519060071279758839e-01 2.473057664240305153e-01
5.608632574227387924e-01 2.462956638958934130e-01
4.631466588948687790e-01 2.486418312493888505e-01
4.575864085552832083e-01 2.482010872607606500e-01
4.753642376353147125e-01 2.493930792127107554e-01
5.771593515151167697e-01 2.440464344737666713e-01
4.962877961166499152e-01 2.499862195423284417e-01
4.860168141877459491e-01 2.498044705145399669e-01
6.125807942344286827e-01 2.373255647695452497e-01
6.130343555124597721e-01 2.372232344738828824e-01
5.902007474699965117e-01 2.418638251558539176e-01
6.061756776146856041e-01 2.387267254830623409e-01
2.825183434279239236e-01 2.027017290546655470e-01
1.832401650736427967e-01 1.496632069774269380e-01
2.315187131070789717e-01 1.779177985883210189e-01
1.515116448090293166e-01 1.285558662962918430e-01
1.274061762670350983e-01 1.111738425160482824e-01
1.312358229014978436e-02 1.295135387802345134e-02
1.245664429827876563e-01 1.090496442654035614e-01
8.262992228756074753e-02 7.580221823031241257e-02
6.972388388418765404e-01 2.110968404523082542e-01
5.418674241620703436e-01 2.482471187940332724e-01
5.945642510840919437e-01 2.410576024169048259e-01
5.430383392185464952e-01 2.481477013573093471e-01
5.555481060566247464e-01 2.469144079135219827e-01
5.591943451082270755e-01 2.464960295072081142e-01
5.585347546874870339e-01 2.465736824936757277e-01
5.316347482416400316e-01 2.489992427036880618e-01
6.430645338474498818e-01 2.295325391550118721e-01
7.394414136121990611e-01 1.926678094473918135e-01
7.357562960702256349e-01 1.944189688632481650e-01
6.963659460075899421e-01 2.114404152485442889e-01
6.610610212184263590e-01 2.240593474440776278e-01
7.354234180623793193e-01 1.945758142278262159e-01
7.019113483510317497e-01 2.092318074070683154e-01
6.778524344562772974e-01 2.183685115579755975e-01
3.388695294410531966e-01 2.240369714574523829e-01
2.890951421921307274e-01 2.055191409530424396e-01
2.235481681791810227e-01 1.735743846829136128e-01
1.719540627915926434e-01 1.423858630810576620e-01
8.288239577483494380e-02 7.601290424545856239e-02
4.373563516665625317e-02 4.182282938322539473e-02
2.076659225922837804e-01 1.645407871861793714e-01
7.553450399813303739e-02 6.982904270388906598e-02
5.783301900159858455e-01 2.438643813320595655e-01
4.422972539513819745e-02 4.227345678660886230e-02
1.324406313894830878e-01 1.149001105466381512e-01
2.141348024704033473e-02 2.095494311074994759e-02
1.332118303616946775e-01 1.154664386133817527e-01
1.537498636486047190e-02 1.513859615914082621e-02
1.072329116947536853e-01 9.573401434421884015e-02
6.929290925993886012e-03 6.881275853256824636e-03
1.245465600485429029e-02 1.229953754865503734e-02
1.331531190927673636e-01 1.154233659686346725e-01
1.564071757154234521e-01 1.319439711001481053e-01
1.536636152707146763e-01 1.300511086126484583e-01
1.519969483348566075e-01 1.288938760317475396e-01
1.512236100924063409e-01 1.283550298430262138e-01
1.512054045550319803e-01 1.283423301883810930e-01
1.504840041425650476e-01 1.278385686397855159e-01
1.496063884187456006e-01 1.272243169630450366e-01
1.477983064472052910e-01 1.259539670585432813e-01
1.380478315793262634e-01 1.189906277755722330e-01
4.392572694720876803e-02 4.199625745936802490e-02
9.826337986195617449e-03 9.729781067976665809e-03
1.526291104564997565e-02 1.502995459206255165e-02
8.700156130532425702e-02 7.943228963576015600e-02
3.731533878256603626e-02 3.592290427410835957e-02
7.596223314516777070e-02 7.019197228076694273e-02
1.138785385653114102e-01 1.009102170195402964e-01
1.438237602943511495e-01 1.231384862691441706e-01
1.136611052000404826e-01 1.007422583647458181e-01
1.512374495713984524e-01 1.283646834185371566e-01
1.020675804702310674e-01 9.164978948718396912e-02
1.550222960626106983e-01 1.309903837860869613e-01
1.340845727204107996e-01 1.161059000787956624e-01
1.021007829872067202e-01 9.167621310060604378e-02
1.565051471194894572e-01 1.320112860445964154e-01
1.554146432781664533e-01 1.312609319328867374e-01
1.562753495862897468e-01 1.318533646979726803e-01
1.332626967158362374e-01 1.155037503798592852e-01
1.521865813632198028e-01 1.290258258161958715e-01
1.000224625878933793e-01 9.001796956574684150e-02
1.293402047378047204e-01 1.126113161761874704e-01
1.002128963190678651e-01 9.017027173041161636e-02
5.239350108517035892e-02 4.964842212920861364e-02
3.449215554350799906e-02 3.330244674947045042e-02
1.952216767358384494e-02 1.914105264290832248e-02
2.364853097003291778e-03 2.359260566832885927e-03
1.827006318830528761e-03 1.823668366741482095e-03
1.707727687541770595e-02 1.678564348993803051e-02
3.670887718525272549e-03 3.657412301883252847e-03
6.166985999367785402e-03 6.128954283051386842e-03
