1.166094172505998880e-02 1.152496416314474290e-02
6.172499692340238653e-03 6.134399939888298715e-03
1.113858269264632501e-02 1.101451466824540475e-02
2.250420198058902983e-03 2.245355806991071717e-03
8.831094175268663568e-03 8.753105950936200183e-03
3.665792474749296156e-04 3.664448671302503115e-04
2.950371662362539192e-03 2.941666969416467138e-03
2.674214106075729208e-03 2.667062684990594620e-03
1.898492067431536805e-03 1.894887795301436299e-03
8.181568950837927665e-03 8.114630880340612321e-03
1.155427477929980620e-05 1.155414127803413042e-05
0.000000000000000000e+00 0.000000000000000000e+00
0.000000000000000000e+00 0.000000000000000000e+00
2.311665858904389279e-11 2.311665858850951150e-11
1.284114963054188009e-09 1.284114961405236752e-09
6.190937548854755909e-06 6.190899221147021965e-06
4.077512280836251106e-03 4.060886174435880333e-03
6.445287209500357882e-04 6.441133036779062579e-04
1.198473367439211769e-02 1.184109983314600954e-02
2.218934405520823615e-03 2.214010735624819502e-03
2.045196534838714109e-03 2.041013705972598031e-03
3.315325417867415382e-05 3.315215504041151608e-05
7.577761029800275444e-04 7.572018783577799455e-04
4.522833692169048181e-04 4.520788089708346197e-04
1.256791657544254273e-02 1.240996404839525905e-02
3.977213577831532898e-03 3.961395349987845496e-03
1.220814846198183673e-02 1.205910957311204755e-02
1.432456115454788662e-03 1.430404184932084757e-03
1.500606779117905076e-02 1.478088572062558927e-02
4.379608737820872002e-04 4.377690640551232552e-04
2.421652365727803777e-03 2.415787965547368590e-03
8.495073279055556778e-04 8.487856652053904580e-04
8.930996417626355013e-04 8.923020147925189716e-04
3.020109463199539680e-05 3.020018252587842669e-05
0.000000000000000000e+00 0.000000000000000000e+00
0.000000000000000000e+00 0.000000000000000000e+00
7.014201849621289713e-07 7.014196929718531365e-07
0.000000000000000000e+00 0.000000000000000000e+00
5.378061642595071772e-06 5.378032719048040115e-06
4.442953873767820468e-06 4.442934133928695709e-06
6.453565970660556789e-03 6.411917456922888899e-03
1.601508828764059084e-03 1.598943998235449835e-03
1.319374577747101270e-02 1.301967084983047911e-02
3.612589187634780794e-03 3.599538386996164931e-03
3.800269823515244061e-03 3.785827772783723587e-03
3.393280056926365894e-04 3.392128621971892723e-04
2.674199649735528768e-03 2.667048305968883030e-03
4.729117867036879380e-04 4.726881411456846835e-04
1.176549243704361550e-02 1.162706562475748426e-02
3.791188783402503915e-03 3.776815671011107128e-03
1.004473631968491772e-02 9.943839591952920165e-03
6.274696227748053133e-06 6.274656855935302375e-06
1.133604434197512702e-02 1.120753844065189991e-02
8.342328373118926364e-04 8.335368928850432017e-04
3.025155161790455023e-03 3.016003598037547608e-03
7.640785568315267007e-04 7.634947407905169061e-04
2.188212989101853668e-06 2.188208200825767934e-06
4.024670365320489728e-05 4.024508385604995056e-05
0.000000000000000000e+00 0.000000000000000000e+00
0.000000000000000000e+00 0.000000000000000000e+00
0.000000000000000000e+00 0.000000000000000000e+00
0.000000000000000000e+00 0.000000000000000000e+00
0.000000000000000000e+00 0.000000000000000000e+00
3.944865396791552251e-07 3.944863840595252332e-07
6.723348202332881871e-03 6.678144791283069023e-03
1.658242266649495112e-03 1.655492499234592196e-03
1.487047480818925495e-02 1.464934378716826330e-02
3.777894320456732721e-03 3.763621834960193414e-03
1.921946937758651228e-03 1.918253057727091308e-03
3.363626555204961635e-05 3.363513415368932956e-05
7.715665097635115727e-04 7.709711948845229769e-04
1.479473866659669840e-04 1.479254982367457017e-04
1.212915972875905878e-02 1.198204321303330752e-02
3.568336830661096842e-03 3.555603802924044154e-03
1.455439089216685813e-02 1.434256059792486833e-02
1.592473883479180409e-05 1.592448523748484873e-05
1.359177751156328759e-02 1.340704109563944924e-02
1.430761354487066503e-04 1.430556646681717164e-04
1.964013531035114883e-03 1.960156181885025928e-03
5.924901019421440580e-04 5.921390574212446155e-04
0.000000000000000000e+00 0.000000000000000000e+00
0.000000000000000000e+00 0.000000000000000000e+00
0.000000000000000000e+00 0.000000000000000000e+00
0.000000000000000000e+00 0.000000000000000000e+00
0.000000000000000000e+00 0.000000000000000000e+00
0.000000000000000000e+00 0.000000000000000000e+00
0.000000000000000000e+00 0.000000000000000000e+00
2.614577239863741142e-07 2.614576556262326637e-07
7.143206359540793873e-03 7.092180962445809693e-03
1.633745302042757374e-03 1.631076178330810589e-03
1.286467667330511676e-02 1.269917676739643585e-02
3.173614515735724041e-03 3.163542686641235713e-03
3.772438648889244774e-03 3.758207355529611347e-03
2.074222272567186997e-04 2.073792032763585493e-04
2.707937923286204539e-03 2.700604995489833040e-03
4.938970369076329603e-04 4.936531026245668695e-04
1.147916223783628821e-02 1.134739107215372231e-02
3.780923510878762307e-03 3.766628128283646456e-03
9.690197238972006466e-03 9.596297316441826028e-03
2.270615548455331523e-05 2.270563991505642677e-05
9.356666920821361463e-03 9.269119704954168967e-03
8.606010605059754561e-04 8.598604263206314092e-04
3.664172716278854634e-03 3.650746554584132376e-03
8.173071589443159065e-04 8.166391679522542893e-04
0.000000000000000000e+00 0.000000000000000000e+00
2.795262899902505914e-06 2.795255086407826531e-06
0.000000000000000000e+00 0.000000000000000000e+00
0.000000000000000000e+00 0.000000000000000000e+00
0.000000000000000000e+00 0.000000000000000000e+00
0.000000000000000000e+00 0.000000000000000000e+00
0.000000000000000000e+00 0.000000000000000000e+00
2.039475854581323361e-06 2.039471695119562134e-06
7.345407839725953680e-03 7.291452823394046004e-03
5.638497930536941032e-03 5.606705271624271708e-03
1.864688978393276575e-02 1.829918328531862995e-02
4.898752722270238551e-03 4.874754944036288618e-03
3.224974047112501643e-03 3.214573589507952519e-03
6.240440104262539938e-05 6.240050673335590433e-05
6.998808429708307808e-04 6.993910097764731958e-04
1.239971704392375785e-04 1.239817951409606471e-04
1.794201984402854846e-02 1.762010376794503549e-02
6.841721360403923112e-03 6.794912209230515900e-03
2.188439625666441582e-02 2.140546945714570659e-02
5.692752998473656328e-04 5.689512254803492843e-04
1.492623410154176981e-02 1.470344163708774132e-02
1.153124152473986101e-04 1.152991182942884223e-04
1.489437893910027086e-03 1.487219468670211925e-03
3.143687546652973040e-04 3.142699269513874968e-04
0.000000000000000000e+00 0.000000000000000000e+00
0.000000000000000000e+00 0.000000000000000000e+00
0.000000000000000000e+00 0.000000000000000000e+00
0.000000000000000000e+00 0.000000000000000000e+00
0.000000000000000000e+00 0.000000000000000000e+00
0.000000000000000000e+00 0.000000000000000000e+00
0.000000000000000000e+00 0.000000000000000000e+00
0.000000000000000000e+00 0.000000000000000000e+00
5.982082853942963761e-03 5.946297538671525482e-03
1.740533587644949249e-03 1.737504130475229103e-03
1.339943731051659349e-02 1.321989239027812971e-02
4.199731260642987178e-03 4.182093517981364840e-03
3.505145574629627610e-03 3.492859529130281759e-03
1.869882093983765334e-04 1.869532448079225338e-04
2.205112439712852025e-03 2.200249918841075750e-03
5.515949085276565132e-04 5.512906515845429015e-04
1.207529624700762888e-02 1.192948346755463157e-02
3.650783612423485081e-03 3.637455391438745075e-03
9.094336370523000909e-03 9.011629416502783818e-03
1.370973533781039451e-06 1.370971654212609046e-06
9.764207133829663071e-03 9.668867392877332489e-03
9.030173349216853197e-04 9.022018946145163006e-04
3.318933749290902367e-03 3.307918428058720384e-03
7.378153447772805738e-04 7.372709732942917807e-04
8.762711410220632038e-07 8.762703731709505988e-07
1.036984820958801459e-05 1.036974067583612429e-05
0.000000000000000000e+00 0.000000000000000000e+00
0.000000000000000000e+00 0.000000000000000000e+00
0.000000000000000000e+00 0.000000000000000000e+00
0.000000000000000000e+00 0.000000000000000000e+00
0.000000000000000000e+00 0.000000000000000000e+00
1.146876434225806280e-05 1.146863280970252456e-05
9.625542229239817185e-03 9.532891166032937333e-03
6.222329589710001718e-03 6.183612204187021247e-03
2.046923431933081461e-02 2.005024476571114558e-02
5.803964363429460135e-03 5.770278361097501071e-03
2.619210673257992179e-03 2.612350408707083630e-03
2.997812962813609582e-05 2.997723093988009476e-05
9.459690064675647199e-04 9.450741491063675099e-04
4.380858522879008490e-04 4.378939330739260293e-04
1.547956414305923754e-02 1.523994723700015236e-02
3.892779583472151528e-03 3.877625850586654058e-03
2.361591198395914318e-02 2.305820068512503748e-02
3.148893680108100310e-03 3.138978148699475643e-03
1.924669288238624668e-02 1.887625769547734977e-02
1.714101501385363016e-04 1.713807686989657841e-04
1.441058129748836944e-03 1.438981481215521625e-03
3.881721421668916450e-04 3.880214645549372198e-04
0.000000000000000000e+00 0.000000000000000000e+00
2.602623689292735999e-06 2.602616915642667958e-06
0.000000000000000000e+00 0.000000000000000000e+00
0.000000000000000000e+00 0.000000000000000000e+00
0.000000000000000000e+00 0.000000000000000000e+00
0.000000000000000000e+00 0.000000000000000000e+00
0.000000000000000000e+00 0.000000000000000000e+00
0.000000000000000000e+00 0.000000000000000000e+00
6.991988714891013770e-03 6.943100808701850070e-03
1.039329528421737868e-03 1.038249322553088608e-03
1.262112343688306070e-02 1.246183068007402153e-02
4.423169237124362912e-03 4.403604811024119589e-03
4.329899276566686987e-03 4.311151248821473887e-03
3.703640425689337093e-04 3.702268730449057130e-04
2.130000072830119922e-03 2.125463172519863591e-03
4.302668269698118057e-04 4.300816974274211169e-04
1.079704329259442708e-02 1.068046714873226860e-02
3.275978091665895497e-03 3.265246059208820432e-03
1.217550786650380482e-02 1.202726487469650898e-02
1.772393108045444834e-05 1.772361694272150506e-05
1.017239931258652474e-02 1.006892160481181325e-02
1.629053282881595417e-03 1.626399468283128147e-03
3.755451190656765043e-03 3.741347777011359670e-03
6.901671915407627369e-04 6.896908607884834255e-04
0.000000000000000000e+00 0.000000000000000000e+00
0.000000000000000000e+00 0.000000000000000000e+00
0.000000000000000000e+00 0.000000000000000000e+00
0.000000000000000000e+00 0.000000000000000000e+00
0.000000000000000000e+00 0.000000000000000000e+00
0.000000000000000000e+00 0.000000000000000000e+00
0.000000000000000000e+00 0.000000000000000000e+00
1.832768066900231743e-06 1.832764707861444614e-06
1.121432802567694578e-02 1.108856687260946321e-02
1.987631074666554309e-03 1.983680397377574241e-03
2.064194707491742373e-02 2.021585709587373283e-02
6.772284055987933850e-03 6.726420224652945867e-03
3.644198893424639794e-03 3.630918707849802550e-03
1.097773259089029224e-04 1.097652748476192090e-04
9.631460218987880238e-04 9.622183716392886067e-04
3.896877123514246445e-04 3.895358558382669444e-04
1.861997591087603127e-02 1.827327240795442731e-02
6.525828103419947963e-03 6.483241670984562013e-03
2.778627623760449375e-02 2.701419909045203044e-02
3.012044016957576582e-03 3.002971607797486498e-03
1.685892042694807358e-02 1.657469722898590597e-02
2.113837916191589150e-04 2.113391085117996202e-04
2.223422489251724275e-03 2.218478881686013985e-03
5.528090977232459711e-04 5.525034998247203280e-04
0.000000000000000000e+00 0.000000000000000000e+00
1.532132922705258168e-06 1.532130575273965359e-06
0.000000000000000000e+00 0.000000000000000000e+00
0.000000000000000000e+00 0.000000000000000000e+00
0.000000000000000000e+00 0.000000000000000000e+00
0.000000000000000000e+00 0.000000000000000000e+00
0.000000000000000000e+00 0.000000000000000000e+00
0.000000000000000000e+00 0.000000000000000000e+00
5.882999789960973239e-03 5.848390103432292431e-03
6.270300603262187302e-04 6.266368936296660020e-04
1.166587233818548383e-02 1.152977976077464335e-02
5.004986051196076355e-03 4.979936165823408735e-03
3.858518255529771405e-03 3.843630092401515048e-03
3.884335578127988127e-04 3.882826771839636829e-04
1.994873338482810229e-03 1.990893818846220520e-03
7.634463572248105859e-04 7.628635068844507715e-04
1.351116748144507405e-02 1.332861583473341459e-02
1.154430169689992219e-03 1.153097460673301652e-03
1.138411759261991930e-02 1.125451945925732070e-02
8.684415166855297174e-05 8.683660976187393453e-05
1.241606113483159288e-02 1.226190256072771760e-02
1.508815271127941001e-03 1.506538747605552092e-03
4.566451755914465588e-03 4.545599274275371506e-03
7.466519537758272828e-04 7.460944646357500027e-04
0.000000000000000000e+00 0.000000000000000000e+00
1.042296403904250293e-05 1.042285540086314328e-05
0.000000000000000000e+00 0.000000000000000000e+00
0.000000000000000000e+00 0.000000000000000000e+00
0.000000000000000000e+00 0.000000000000000000e+00
0.000000000000000000e+00 0.000000000000000000e+00
0.000000000000000000e+00 0.000000000000000000e+00
8.930562409071173639e-06 8.930482654126231049e-06
7.458034719749507928e-03 7.402412437868518928e-03
4.062139624147596655e-03 4.045638645821526304e-03
2.238566813677572709e-02 2.188454999884587027e-02
6.148398902100575027e-03 6.110596093041223420e-03
4.157020259030485415e-03 4.139739441596495401e-03
7.748493317227883516e-05 7.747892925741012152e-05
1.135550895818771520e-03 1.134261419981776693e-03
2.274734115986784620e-04 2.274216674456941217e-04
1.047236170071033645e-02 1.036269134111983230e-02
1.532112094838848117e-03 1.529764727367696536e-03
2.771154696329844458e-02 2.694361712819935001e-02
1.613232239464898899e-03 1.610629721206449953e-03
2.631607455392546979e-02 2.562353877399770746e-02
7.897625814798118430e-04 7.891388565447061401e-04
2.696239466155859153e-03 2.688969758897002786e-03
6.820709043070122008e-04 6.816056835885099660e-04
0.000000000000000000e+00 0.000000000000000000e+00
0.000000000000000000e+00 0.000000000000000000e+00
0.000000000000000000e+00 0.000000000000000000e+00
0.000000000000000000e+00 0.000000000000000000e+00
0.000000000000000000e+00 0.000000000000000000e+00
0.000000000000000000e+00 0.000000000000000000e+00
0.000000000000000000e+00 0.000000000000000000e+00
2.178014129162091668e-06 2.178009385416544756e-06
5.903145413561354700e-03 5.868298287787704348e-03
5.032421605111586085e-04 5.029889078390426590e-04
1.091905923650717675e-02 1.079983338189682493e-02
4.288199974004447759e-03 4.269811314987395634e-03
4.067849956629332291e-03 4.051302553359683277e-03
1.752122724218617097e-04 1.751815730814544722e-04
1.796675846360805406e-03 1.793447802263909048e-03
7.716000631713953051e-04 7.710046965139092040e-04
1.307308430129560002e-02 1.290217876814681898e-02
6.205280813625406282e-03 6.166775303649459083e-03
1.244497363247826054e-02 1.229009626376518192e-02
1.227111500270488468e-04 1.226960920007078796e-04
8.056784272039634737e-03 7.991872499233450278e-03
7.559127966524484049e-04 7.553413924963055075e-04
3.291936167656893224e-03 3.281099323924965838e-03
1.757360131996596724e-03 1.754271817363065641e-03
0.000000000000000000e+00 0.000000000000000000e+00
4.053302042020447595e-06 4.053285612763003591e-06
0.000000000000000000e+00 0.000000000000000000e+00
0.000000000000000000e+00 0.000000000000000000e+00
0.000000000000000000e+00 0.000000000000000000e+00
0.000000000000000000e+00 0.000000000000000000e+00
0.000000000000000000e+00 0.000000000000000000e+00
1.357110353810152568e-06 1.357108512061640132e-06
1.042440826716833045e-02 1.031573997944772343e-02
3.738762090921253240e-03 3.724783748948743475e-03
2.304544578175771186e-02 2.251435321047777841e-02
6.436719726805879838e-03 6.395288365964427874e-03
5.216923297950263466e-03 5.189707009253567531e-03
1.260496855297916368e-04 1.260337970065694702e-04
1.383830134303978701e-03 1.381915148463370990e-03
3.668939646494146271e-04 3.667593534681184660e-04
1.376273370051999366e-02 1.357332086160856557e-02
4.622691953262750807e-03 4.601322672367990849e-03
3.023581485707803329e-02 2.932161035700653340e-02
3.822742476374069599e-03 3.808129116333395115e-03
2.802871787975478798e-02 2.724310885377190239e-02
6.565789358046840701e-04 6.561478399057416814e-04
4.893555127099068203e-03 4.869608245317110472e-03
5.598859009793197804e-04 5.595724287572043706e-04
0.000000000000000000e+00 0.000000000000000000e+00
6.361113721386867132e-06 6.361073257619091133e-06
0.000000000000000000e+00 0.000000000000000000e+00
0.000000000000000000e+00 0.000000000000000000e+00
0.000000000000000000e+00 0.000000000000000000e+00
0.000000000000000000e+00 0.000000000000000000e+00
0.000000000000000000e+00 0.000000000000000000e+00
2.434551828942924819e-06 2.434545901900316937e-06
4.576309688795237619e-03 4.555367078427476589e-03
1.464478964200103617e-03 1.462334265563518905e-03
1.061630788906735637e-02 1.050360189587188318e-02
3.554308208185127504e-03 3.541675101346355124e-03
4.207282877087349486e-03 4.189581647879516910e-03
2.406289676409881706e-04 2.405710653409201994e-04
1.797869607649484015e-03 1.794637272523374278e-03
4.638884747409546382e-04 4.636732822239571531e-04
1.493692693766284808e-02 1.471381515132176923e-02
8.312479532152588710e-03 8.243382216180133309e-03
1.222873811090609796e-02 1.207919607512097059e-02
8.302302810437993893e-06 8.302233882206037994e-06
7.583763087630665187e-03 7.526249625061355586e-03
1.978860996506785330e-04 1.978469407422435748e-04
3.295607050086970906e-03 3.284746024258388113e-03
8.074679497208981423e-04 8.068159452310716970e-04
0.000000000000000000e+00 0.000000000000000000e+00
6.129640112630977253e-06 6.129602540143067297e-06
0.000000000000000000e+00 0.000000000000000000e+00
0.000000000000000000e+00 0.000000000000000000e+00
0.000000000000000000e+00 0.000000000000000000e+00
0.000000000000000000e+00 0.000000000000000000e+00
0.000000000000000000e+00 0.000000000000000000e+00
6.579158336923410859e-06 6.579115051598988561e-06
1.130989950781004227e-02 1.118198568093328044e-02
3.819279264714718104e-03 3.804692370612838305e-03
2.547543827181211751e-02 2.482644031667120832e-02
7.293869659691165110e-03 7.240669125078601914e-03
4.883273441243006149e-03 4.859427081741056996e-03
1.489723988473952519e-04 1.489502060717768999e-04
1.579596857742572016e-03 1.577101731509581882e-03
4.256244207967382637e-04 4.254432646491596959e-04
2.079362683901939818e-02 2.036125192189900887e-02
1.754405917810198398e-03 1.751327977685750940e-03
2.295496424476337408e-02 2.242803386128500859e-02
6.514066333267271524e-05 6.513642002665329101e-05
2.719084142336462492e-02 2.645149956605406458e-02
2.206675547414131775e-03 2.201806130442576174e-03
3.914278901896332125e-03 3.898957322574501169e-03
1.121456923807972669e-03 1.120199258176015830e-03
0.000000000000000000e+00 0.000000000000000000e+00
1.005268234574991313e-05 1.005258128932756829e-05
0.000000000000000000e+00 0.000000000000000000e+00
0.000000000000000000e+00 0.000000000000000000e+00
0.000000000000000000e+00 0.000000000000000000e+00
0.000000000000000000e+00 0.000000000000000000e+00
0.000000000000000000e+00 0.000000000000000000e+00
3.962050464601079594e-06 3.962034766757195408e-06
4.739622053466732536e-03 4.717158036257024234e-03
6.654098871913292435e-04 6.649671168733572698e-04
1.047672519893495802e-02 1.036696342804095845e-02
3.529309277083462950e-03 3.516853253110155571e-03
3.739738037995707105e-03 3.725752397402875074e-03
1.814698710112915144e-04 1.814369396972066468e-04
1.496762841057614618e-03 1.494522542055243654e-03
3.471988804999809287e-04 3.470783334373604722e-04
1.559639009630899541e-02 1.535314271227274964e-02
2.671643455178842989e-03 2.664505776427242983e-03
1.167244245591174054e-02 1.153619654302517027e-02
1.943438604148792940e-06 1.943434827195184892e-06
1.016992957976841673e-02 1.006650211211096782e-02
2.926197701554382143e-04 2.925341438255523807e-04
3.067504709476181340e-03 3.058095124333522902e-03
7.161454372401369547e-04 7.156325729528570422e-04
0.000000000000000000e+00 0.000000000000000000e+00
3.067148392154276069e-06 3.067138984755016576e-06
0.000000000000000000e+00 0.000000000000000000e+00
0.000000000000000000e+00 0.000000000000000000e+00
0.000000000000000000e+00 0.000000000000000000e+00
0.000000000000000000e+00 0.000000000000000000e+00
0.000000000000000000e+00 0.000000000000000000e+00
2.028431690396863377e-05 2.028390545045637454e-05
1.105064683253959359e-02 1.092853003712207678e-02
3.439874287836408237e-03 3.428041552720290271e-03
2.456038504001894357e-02 2.395717252670495623e-02
6.142364691539903450e-03 6.104636047536027288e-03
5.549510344847894718e-03 5.518713279780321050e-03
1.337669112697050194e-04 1.337490176831543755e-04
1.417435010788324319e-03 1.415425888778515731e-03
3.458923436270042260e-04 3.457727021136244513e-04
2.139543977572573238e-02 2.093767493252902609e-02
3.755717652915313391e-03 3.741612237826893658e-03
2.552886337846951501e-02 2.487714051307295463e-02
3.047316245794295813e-06 3.047306959657993796e-06
2.098201047392154323e-02 2.054176571039378896e-02
1.142464551579574052e-03 1.141159326327958242e-03
3.963104732194851036e-03 3.947398533076506080e-03
1.176661689598092458e-03 1.175277156866324580e-03
0.000000000000000000e+00 0.000000000000000000e+00
1.619634723141770007e-06 1.619632099925133616e-06
0.000000000000000000e+00 0.000000000000000000e+00
0.000000000000000000e+00 0.000000000000000000e+00
0.000000000000000000e+00 0.000000000000000000e+00
0.000000000000000000e+00 0.000000000000000000e+00
0.000000000000000000e+00 0.000000000000000000e+00
5.055902239313130636e-06 5.055876677165677259e-06
4.054488491355054923e-03 4.038049614428524704e-03
1.555314496940333416e-03 1.552895493755940748e-03
1.027394027228882220e-02 1.016838642357026368e-02
3.890729985296067714e-03 3.875592205477585653e-03
2.967985281446313978e-03 2.959176344815431844e-03
1.452684528838204441e-04 1.452473499604171859e-04
1.432140558822969818e-03 1.430089532242744075e-03
3.333545886410603813e-04 3.332434633592923356e-04
1.804543244195316518e-02 1.771979480993607012e-02
8.309677010038908629e-03 8.240626278027738880e-03
8.821506049682504430e-03 8.743687080697918820e-03
4.757503853417742673e-05 4.757277514988589990e-05
8.041461252900413900e-03 7.976796153818514756e-03
5.178467860130445567e-04 5.175786207192604798e-04
2.114333805679181714e-03 2.109863398237343726e-03
6.259921170103637661e-04 6.256002508798046971e-04
0.000000000000000000e+00 0.000000000000000000e+00
0.000000000000000000e+00 0.000000000000000000e+00
0.000000000000000000e+00 0.000000000000000000e+00
0.000000000000000000e+00 0.000000000000000000e+00
0.000000000000000000e+00 0.000000000000000000e+00
0.000000000000000000e+00 0.000000000000000000e+00
0.000000000000000000e+00 0.000000000000000000e+00
3.908108371210927179e-06 3.908093097899885853e-06
1.138638953434076458e-02 1.125673966771302027e-02
4.249639578416195516e-03 4.231580141869754202e-03
2.383636405666744729e-02 2.326819180522545980e-02
6.831952246868675319e-03 6.785276675365181122e-03
5.763549128547254194e-03 5.730330629990076224e-03
3.271594750587823405e-04 3.270524417366616116e-04
1.217789570283045767e-03 1.216306558845555667e-03
1.438107973157702851e-04 1.437901157703456794e-04
1.744412874427524185e-02 1.713983111662839218e-02
4.239044569864544414e-03 4.221075070999246760e-03
2.065623090323476588e-02 2.022955102810701511e-02
4.099762751677941150e-05 4.099594671131740918e-05
1.377305386309080580e-02 1.358335685037520557e-02
5.305334188714475345e-04 5.302519531629081148e-04
2.398543036786807917e-03 2.392790028087489473e-03
7.212982484322520834e-04 7.207779772690606256e-04
0.000000000000000000e+00 0.000000000000000000e+00
6.360599365440018004e-07 6.360595319717589577e-07
0.000000000000000000e+00 0.000000000000000000e+00
0.000000000000000000e+00 0.000000000000000000e+00
0.000000000000000000e+00 0.000000000000000000e+00
0.000000000000000000e+00 0.000000000000000000e+00
0.000000000000000000e+00 0.000000000000000000e+00
0.000000000000000000e+00 0.000000000000000000e+00
2.500709608094859888e-03 2.494456059550842052e-03
9.007345035311848866e-04 8.999231808853333601e-04
9.355374946490144575e-03 9.267851906100729731e-03
3.002078794052998739e-03 2.993066316967296116e-03
3.275477445230443822e-03 3.264748692736230400e-03
1.073010796449594997e-04 1.072895661232665200e-04
1.613265991686234878e-03 1.610663364526303482e-03
3.780316074435364159e-04 3.778886995473100508e-04
1.493231095846525927e-02 1.470933704790495719e-02
6.827762475593452014e-03 6.781144135170330024e-03
1.058206375306098776e-02 1.047008367978714133e-02
2.863620220537076983e-06 2.863612020216309318e-06
8.672686235271618790e-03 8.597470748736148888e-03
5.440134737895484848e-04 5.437175231298839060e-04
2.561500090807675590e-03 2.554938808092468028e-03
1.054659912789529400e-03 1.053547605257884124e-03
0.000000000000000000e+00 0.000000000000000000e+00
1.516025367087843183e-05 1.516002383758706634e-05
0.000000000000000000e+00 0.000000000000000000e+00
0.000000000000000000e+00 0.000000000000000000e+00
0.000000000000000000e+00 0.000000000000000000e+00
0.000000000000000000e+00 0.000000000000000000e+00
0.000000000000000000e+00 0.000000000000000000e+00
0.000000000000000000e+00 0.000000000000000000e+00
1.205292881567301792e-02 1.190765572263733675e-02
3.258317317828413051e-03 3.247700686084752444e-03
2.508162038742595829e-02 2.445253270616701627e-02
6.194941902323785818e-03 6.156564597150618670e-03
6.311811797932232945e-03 6.271972829759716456e-03
2.220852121609046069e-04 2.220358903194440483e-04
1.145412321227478377e-03 1.144100351841858708e-03
1.480190366739350953e-04 1.479971270387172189e-04
6.243209333329587454e-03 6.204231670549813747e-03
1.917579580069488955e-03 1.913902468623589464e-03
1.522314458105138678e-02 1.499140045011579207e-02
6.711677063389043884e-06 6.711632016780040609e-06
1.578874106501367697e-02 1.553945672059562841e-02
4.996510965722137038e-04 4.994014453539078434e-04
2.517053556591712388e-03 2.510717997984961581e-03
2.456747675110108344e-04 2.456144114196192490e-04
0.000000000000000000e+00 0.000000000000000000e+00
0.000000000000000000e+00 0.000000000000000000e+00
0.000000000000000000e+00 0.000000000000000000e+00
0.000000000000000000e+00 0.000000000000000000e+00
0.000000000000000000e+00 0.000000000000000000e+00
0.000000000000000000e+00 0.000000000000000000e+00
0.000000000000000000e+00 0.000000000000000000e+00
0.000000000000000000e+00 0.000000000000000000e+00
3.579561610695613204e-03 3.566748349370847584e-03
9.518098234416663824e-04 9.509038815016663789e-04
9.389939927100623626e-03 9.301768955266064356e-03
3.552424147366495082e-03 3.539804430043702599e-03
2.815448954048009340e-03 2.807522201235159408e-03
1.036855181407703142e-04 1.036747674540981935e-04
1.613886523656369492e-03 1.611281893945129941e-03
2.382828603041565877e-04 2.382260815826418659e-04
1.592137420348222615e-02 1.566788404695491563e-02
7.342009470043541451e-03 7.288104366985331990e-03
1.078994977090878479e-02 1.067352675485004967e-02
4.671283249205215090e-06 4.671261428318020968e-06
9.762165649789071240e-03 9.666865771615150427e-03
4.789179184633005678e-04 4.786885560906753607e-04
2.589193437748790391e-03 2.582489515090709113e-03
6.185432128259536278e-04 6.181606171198206082e-04
0.000000000000000000e+00 0.000000000000000000e+00
3.732606529364816586e-06 3.732592597013313443e-06
0.000000000000000000e+00 0.000000000000000000e+00
0.000000000000000000e+00 0.000000000000000000e+00
0.000000000000000000e+00 0.000000000000000000e+00
0.000000000000000000e+00 0.000000000000000000e+00
0.000000000000000000e+00 0.000000000000000000e+00
1.432590520343925207e-06 1.432588468028326205e-06
9.391775080111243804e-03 9.303569640955845071e-03
3.379841948723133222e-03 3.368418617124784627e-03
2.111581053545509221e-02 2.066993308088585501e-02
6.187294558569798354e-03 6.149011944615290735e-03
4.898170152192043124e-03 4.874178081352218209e-03
3.050116317398040211e-04 3.049185996443074583e-04
8.847927188233918909e-04 8.840098606681089924e-04
2.698673741327349616e-04 2.697945457331136598e-04
1.005888488251872534e-02 9.957703717438962446e-03
1.888321920131249719e-03 1.884756160457201580e-03
1.131522875062269257e-02 1.118719434894377418e-02
6.370727450977784270e-05 6.370321589295238336e-05
1.149343278517721105e-02 1.136133378798982393e-02
4.241607724651745397e-04 4.239808601042762836e-04
1.826798599838377673e-03 1.823461406714006186e-03
7.317720679740940181e-04 7.312365776146269357e-04
0.000000000000000000e+00 0.000000000000000000e+00
2.116361395703186435e-07 2.116360947804630664e-07
0.000000000000000000e+00 0.000000000000000000e+00
0.000000000000000000e+00 0.000000000000000000e+00
0.000000000000000000e+00 0.000000000000000000e+00
0.000000000000000000e+00 0.000000000000000000e+00
0.000000000000000000e+00 0.000000000000000000e+00
0.000000000000000000e+00 0.000000000000000000e+00
3.012237490566354106e-03 3.003163915866780519e-03
5.052986519907654668e-04 5.050433252630617603e-04
9.157417805678020120e-03 9.073559504810271847e-03
3.460550182414281334e-03 3.448574774849273977e-03
3.760231101344811613e-03 3.746091763409290648e-03
2.286719389122050165e-04 2.286196480565591549e-04
1.817704074831712289e-03 1.814400026728052581e-03
4.865916930636135832e-04 4.863549215878550601e-04
1.216797897946053988e-02 1.201991926701594625e-02
3.323110632829908914e-03 3.312067568551881926e-03
9.719883461406109842e-03 9.625407326902793784e-03
2.351404210596547010e-04 2.350851300420385827e-04
7.640907492679367523e-03 7.582524025367683856e-03
7.778849417224433882e-05 7.778244312241875823e-05
2.699187491594190295e-03 2.691901878479411626e-03
8.122656752528391614e-04 8.116058997256451893e-04
2.446291252452790156e-06 2.446285268111898251e-06
3.732606529364816586e-06 3.732592597013313443e-06
0.000000000000000000e+00 0.000000000000000000e+00
0.000000000000000000e+00 0.000000000000000000e+00
0.000000000000000000e+00 0.000000000000000000e+00
0.000000000000000000e+00 0.000000000000000000e+00
0.000000000000000000e+00 0.000000000000000000e+00
2.690368067433474361e-05 2.690295686630091670e-05
1.007714603953321734e-02 9.975597167231137902e-03
4.596992150294248666e-03 4.575859813464381622e-03
1.879293266108965701e-02 1.843975834308540784e-02
8.154540587052994810e-03 8.088044054867099542e-03
4.822922952771933718e-03 4.799662366963559045e-03
2.519638930845806402e-04 2.519004072811622977e-04
1.244497808494601787e-03 1.242949033699254028e-03
3.321685483158327151e-04 3.320582123713424470e-04
6.025858772248139823e-03 5.989547798305059657e-03
2.066173701971915199e-03 2.061904628205194715e-03
1.064796035020284908e-02 1.053458129058335718e-02
8.595560796668722352e-06 8.595486913003313144e-06
1.087286375266189112e-02 1.075464458647794157e-02
1.472548172465810469e-03 1.470379774345578067e-03
2.114666025521065584e-03 2.110194213121572605e-03
8.349809998748789971e-04 8.342838066047269206e-04
0.000000000000000000e+00 0.000000000000000000e+00
0.000000000000000000e+00 0.000000000000000000e+00
0.000000000000000000e+00 0.000000000000000000e+00
0.000000000000000000e+00 0.000000000000000000e+00
0.000000000000000000e+00 0.000000000000000000e+00
0.000000000000000000e+00 0.000000000000000000e+00
0.000000000000000000e+00 0.000000000000000000e+00
0.000000000000000000e+00 0.000000000000000000e+00
3.056513874589830964e-03 3.047171597524270942e-03
3.773105303607752532e-05 3.772962940371431181e-05
8.650821173303143916e-03 8.575984466330673767e-03
3.890294250979056852e-03 3.875159861619856174e-03
4.182208061106064412e-03 4.164717196839683513e-03
2.850426058391228464e-04 2.849613565519792642e-04
2.330586093831576566e-03 2.325154462290815287e-03
6.241229760252930969e-04 6.237334465360904519e-04
1.394710635399987360e-02 1.375258457835009003e-02
2.133477307102288854e-03 2.128925581682368333e-03
1.341210109694647955e-02 1.323221664111176588e-02
5.593441454777242985e-04 5.590312796046441064e-04
8.512260873987688437e-03 8.439802288800866623e-03
1.557907926146627573e-04 1.557665218435992562e-04
3.377592444223643121e-03 3.366184313504366494e-03
1.293942654198412204e-03 1.292268366606058073e-03
0.000000000000000000e+00 0.000000000000000000e+00
0.000000000000000000e+00 0.000000000000000000e+00
0.000000000000000000e+00 0.000000000000000000e+00
1.035498491914883893e-05 1.035487769343616355e-05
1.246366530897362343e-06 1.246364977467832973e-06
3.205670764296814642e-06 3.205660487971765741e-06
2.911035991562467003e-07 2.911035144149412655e-07
1.601722751465072703e-08 1.601722725809915127e-08
7.069557081791521223e-03 7.019578444458812912e-03
2.070963722997626062e-03 2.066674832255653831e-03
1.556653787432829388e-02 1.532422077293539749e-02
6.558262694504619211e-03 6.515251884934488216e-03
4.899516993742053517e-03 4.875511726970086467e-03
2.533269877308746911e-04 2.532628131681619044e-04
2.478339314602488568e-03 2.472197148844184136e-03
7.760974242728503657e-04 7.754950970608873910e-04
7.948511455095784092e-03 7.885332620743994506e-03
2.589901252527979352e-03 2.583193664030133518e-03
1.407362793738972315e-02 1.387556093406964661e-02
2.753429520509508596e-04 2.752671383097067244e-04
1.199445798394817124e-02 1.185059096161947267e-02
4.408571847064976664e-04 4.406628296491903077e-04
2.827466472349392072e-03 2.819471905697132352e-03
8.702587981751310799e-04 8.695014477993299063e-04
2.537673622826074488e-06 2.537667183038658515e-06
8.226628301449234298e-06 8.226560624036023922e-06
0.000000000000000000e+00 0.000000000000000000e+00
1.557064933345415087e-05 1.557040688833348665e-05
0.000000000000000000e+00 0.000000000000000000e+00
9.450725913503528345e-05 9.449832751300607037e-05
0.000000000000000000e+00 0.000000000000000000e+00
1.476365961004733857e-05 1.476344164440225663e-05
3.906659360866590776e-03 3.891397373504744059e-03
8.732565817068322148e-04 8.724940046493379064e-04
9.601004576424689019e-03 9.508825287548160893e-03
3.107062455366981814e-03 3.097408618265430885e-03
3.493058524437962949e-03 3.480857066582814310e-03
3.420744889642291127e-03 3.409043394042277162e-03
3.672272546121087451e-03 3.658786960468092889e-03
1.058232437178316734e-02 1.047033878267353106e-02
3.136186201413960345e-02 3.037829562514567094e-02
3.397569215139534249e-02 3.282134449422895867e-02
3.584802869326848135e-02 3.456294753207508202e-02
2.615634854853182353e-02 2.547219397913954089e-02
3.631651007893593047e-02 3.499762117462247579e-02
2.425530690985808202e-02 2.366698699656667390e-02
2.599398163637310286e-02 2.531829455506100224e-02
2.688547653845504981e-02 2.616264768975523278e-02
2.788657937826899413e-02 2.710891806884849556e-02
1.474385152893281127e-02 1.452647037102559706e-02
1.139971886761065659e-02 1.126976527735009878e-02
2.051899671245297277e-02 2.009796748636731578e-02
3.013838886524343452e-02 2.923006638185080344e-02
2.576862567851846350e-02 2.510460360915886188e-02
2.698076634667779736e-02 2.625280459402377572e-02
8.928644157994601246e-03 8.848923471494509960e-03
1.132293798671077899e-02 1.119472906205988029e-02
1.266966214619621479e-02 1.250914180729745771e-02
1.640580508586813105e-02 1.613665464535263272e-02
1.133359048745805064e-02 1.120514021412065062e-02
8.679884440304269297e-03 8.604544046407232652e-03
9.761286417078022387e-03 9.666003704561790255e-03
1.002063251931828956e-02 9.920219443231070855e-03
2.868882878502371919e-02 2.786577988796731450e-02
2.529825766124875822e-02 2.465825582055382673e-02
2.497745387521345742e-02 2.435358067312504149e-02
3.022707526508585860e-02 2.931339918600469469e-02
2.296450719948343530e-02 2.243713860856830916e-02
3.384975297590801790e-02 3.270394719937802508e-02
2.128766039300970803e-02 2.083449590800159207e-02
2.176977186083155907e-02 2.129584889395890607e-02
2.251881988821285291e-02 2.201172263905508061e-02
2.403996234787423789e-02 2.346204255818702678e-02
2.365284827651309082e-02 2.309339104492134226e-02
2.084825154858663265e-02 2.041360195595348648e-02
2.681886425778802485e-02 2.609961277771036606e-02
2.975260112001966786e-02 2.886738384661267226e-02
3.757966489755178163e-02 3.616743368373949441e-02
2.611460736238750344e-02 2.543263464469584095e-02
1.860628888215181895e-02 1.826009489618573428e-02
1.607217235944114961e-02 1.581385763508956488e-02
1.451452036250351282e-02 1.430384906114998307e-02
1.403981814707714812e-02 1.384270165347415218e-02
8.848513384413319444e-03 8.770217195299178162e-03
6.089363138736635442e-03 6.052282795301231096e-03
1.959833552476788684e-02 1.921424076942650910e-02
1.319833818083344761e-02 1.302414205009780161e-02
3.323653515576611289e-02 3.213186788660563759e-02
1.175871106663868050e-02 1.162044378068998948e-02
1.056816276694925137e-02 1.045647670268051894e-02
1.372740308561040332e-02 1.353896149013557662e-02
8.819822532847004098e-03 8.742033263336088794e-03
1.010754790695477835e-02 1.000538538226339313e-02
6.791541385949458054e-03 6.745416351552393705e-03
5.853237959478119201e-03 5.818977564867843823e-03
5.189566865135757795e-03 5.162635260888042560e-03
7.549450492100299830e-03 7.492456289367625984e-03
1.402043417823407336e-02 1.382386160368787899e-02
8.011272967485183819e-03 7.947092472925625095e-03
6.526789692049382065e-03 6.484190708365139902e-03
7.009451414186554721e-03 6.960319005058712531e-03
5.511865066439690028e-03 5.481484409929051650e-03
6.811756494358300364e-03 6.765356467819868061e-03
4.085727100823464963e-03 4.069033934881061999e-03
6.457442498899092914e-03 6.415743935272505069e-03
5.533644501045080315e-03 5.503023279581133534e-03
8.421374847817681211e-03 8.350455293490224862e-03
2.110760569458245903e-03 2.106305259276666265e-03
2.126278450386067959e-03 2.121757390337491653e-03
1.498541061481440317e-03 1.496295436168494468e-03
2.142377401585520910e-03 2.137787620654696408e-03
1.697897874885548417e-03 1.695015017692007601e-03
1.810449743387032920e-02 1.777672460653731065e-02
1.988364668715573297e-02 1.948828728157609227e-02
2.082002990996202271e-02 2.038655626451030961e-02
1.888049465460132914e-02 1.852402157619889925e-02
1.750631866923644739e-02 1.719984747588759050e-02
1.551842296059384278e-02 1.527760150940995695e-02
8.368980689523106836e-03 8.298940851741496219e-03
4.567763410990261647e-03 4.546898948411480165e-03
1.084808580382917720e-02 1.073040483822193698e-02
9.339391053238917453e-03 9.252166827993598200e-03
9.517392012252823275e-03 9.426811261537928685e-03
7.948918335895250112e-03 7.885733033184518306e-03
1.111343957608540087e-02 1.098993103687409892e-02
8.663177834046251538e-03 8.588127183861940517e-03
1.206868559823731472e-02 1.192303242616821364e-02
1.048762058085013320e-02 1.037763039540226181e-02
1.296166177854222133e-02 1.279365710248089871e-02
1.115806698692814979e-02 1.103356452804337383e-02
1.665508985800961267e-02 1.637769783983123936e-02
6.150431528725023439e-03 6.112603720735488959e-03
7.579630183827809273e-03 7.522179390104215789e-03
8.816995055735471140e-03 8.739255653922606629e-03
6.235868492799162902e-03 6.196982436939677333e-03
4.138569509662837903e-03 4.121441752076526917e-03
