9.698566434557780447e-01 2.923473460046988048e-02
8.090192769178689014e-01 1.545070864931574750e-01
6.315247281114738653e-01 2.327012458952028573e-01
4.870957303276517436e-01 2.498334798242233257e-01
4.862437406359645942e-01 2.498107653283093976e-01
6.639018527204283426e-01 2.231361826748110011e-01
6.960357549365121521e-01 2.115699827864717664e-01
6.689570842073400136e-01 2.214535036961537973e-01
6.908168220888368793e-01 2.135889404079171494e-01
6.199930748576214512e-01 2.356016619862132400e-01
3.211473831828258185e-01 2.180117414576490664e-01
3.112345331263103865e-01 2.143675985159579911e-01
3.829719745632130246e-01 2.363044412623667434e-01
4.606371332521151940e-01 2.484505647213882673e-01
3.992066257263334750e-01 2.398406957025285835e-01
5.569899200177920173e-01 2.467521490163656628e-01
3.082727879219533396e-01 2.132406761487797286e-01
2.779275201916027171e-01 2.006838137117489818e-01
1.905378627528278856e-01 1.542331856104124099e-01
2.882526782266089938e-01 2.051630717217960143e-01
4.448732109502854248e-01 2.469610371290682782e-01
5.318651416885656902e-01 2.489846127451676439e-01
6.219393734356469805e-01 2.351307892061218485e-01
6.401029274019557347e-01 2.303711697334023256e-01
6.886561827498476340e-01 2.144088447102561190e-01
7.535541666934426619e-01 1.857102845523939116e-01
6.501132817905984629e-01 2.274660026300563964e-01
5.146321446853527881e-01 2.497859003419068968e-01
6.168080831940953024e-01 2.363558717005213028e-01
3.900574888519381944e-01 2.379126442424583099e-01
2.438832605638996121e-01 1.844042157806206617e-01
2.759154140901214913e-01 1.997860983575982796e-01
3.805936905948792970e-01 2.357421332742485887e-01
3.214141905153318768e-01 2.181071086507058165e-01
2.264657374759073138e-01 1.751790072254007513e-01
3.260259160979462889e-01 2.197330181304411600e-01
5.811905421630106927e-01 2.434080958632763858e-01
5.896333216116338427e-01 2.419658676568653966e-01
2.011585977330119790e-01 1.606938162911002443e-01
1.154920990618985704e-01 1.021536741161751805e-01
1.347367199141581984e-01 1.165827362209318763e-01
6.804244791141750293e-01 2.174470073363786171e-01
