3.221911437298708141e-03 7.950971460148807766e-04
7.160853333212133243e-03 1.738935512843257924e-03
8.597524452737275238e-03 2.075463686468903470e-03
1.106789750186180574e-02 2.644476020353732793e-03
1.397268051212647612e-02 3.297934327337660211e-03
9.849708690193831329e-03 2.365410411266778094e-03
8.570297748392977089e-03 2.069124433602134543e-03
1.970113962308433705e-02 4.537150003322820528e-03
3.619933527762207032e-02 7.739441944863824016e-03
5.194049036254175244e-02 1.028730805153414522e-02
4.168386284637107947e-02 8.683421289797694717e-03
3.913591954474881368e-02 8.252359687574151170e-03
1.788770833845065855e-02 4.151956975011187288e-03
1.911016325638449295e-02 4.412342474410455018e-03
3.058653836772661644e-02 6.711098262611242191e-03
3.227549614216992935e-02 7.027166384319256595e-03
3.091103010618739474e-02 6.772265744321224849e-03
1.139341163350790324e-02 2.718543079726422427e-03
1.569338815424440106e-02 3.677064606801321717e-03
1.375497643843621694e-03 3.419824171926860571e-04
1.147284314539059229e-03 2.855048173363774621e-04
3.965994615623450251e-03 9.757695406147084104e-04
4.308357955072724538e-03 1.058527540499142701e-03
5.076851429482739583e-03 1.243438436933643918e-03
5.837825392236102584e-03 1.425376142748789035e-03
1.223032254592481931e-02 2.907999846903847919e-03
1.651453843646067191e-02 3.855904629345830933e-03
2.081186873249262631e-02 4.769833302984652357e-03
1.615897136436267659e-02 3.778630485536376132e-03
1.569679592163620782e-02 3.677809578203556848e-03
5.507377236278040294e-02 1.073532268842774563e-02
4.907132061076310142e-02 9.859835646206471099e-03
4.718548126076355098e-02 9.569900673381020323e-03
1.132439043704014901e-02 2.702855790489510756e-03
1.481373693731958749e-02 3.483987432281790246e-03
1.845679500123125231e-03 4.580133422136065807e-04
8.374970887231459118e-03 2.023602584445890334e-03
4.538547524541278189e-02 9.286527448101218607e-03
1.308743848886729892e-02 3.100578576016939543e-03
9.794900396296710339e-04 2.439131091696840152e-04
2.110968964334739711e-02 4.831803413998400631e-03
6.481404442811870836e-02 1.200265075189953234e-02
2.264064549779612120e-03 5.608901491593342760e-04
2.784392965590301843e-03 6.883453972107467537e-04
3.049722368945704219e-03 7.531297857087782639e-04
9.752307735330378174e-03 2.342969427668009814e-03
5.100063863850908506e-03 1.249005314547369351e-03
1.216392232019898254e-02 2.893019573837910495e-03
1.111400589607619040e-02 2.654980346961031447e-03
2.148707768191632575e-02 4.910074913170374769e-03
3.018620642826234934e-02 6.635344548535920296e-03
3.667549695243130931e-02 7.823782161400028370e-03
4.513949467050603487e-02 9.247299688517866476e-03
1.877326540502268631e-02 4.340880857288250023e-03
2.665585307692077202e-02 5.953428765971806140e-03
1.290691843210087925e-02 3.060141064612314360e-03
1.557514073660193864e-02 3.651200175185527388e-03
3.132565143509385974e-02 6.850116420940467223e-03
4.867045879751364518e-02 9.798801139817937822e-03
2.057563285474336978e-02 4.720551546312647812e-03
4.068630294797994512e-02 8.516200489420184747e-03
1.100839738942298307e-02 2.630914534272291161e-03
1.176759705241291372e-02 2.803422922715271236e-03
8.487175070613306449e-03 2.049761626974086568e-03
8.290411698354793399e-03 2.003871998460480478e-03
7.474786282030580070e-03 1.812824140545612464e-03
8.480527335384995674e-03 2.048212489960036728e-03
1.554904638237298610e-02 3.645488752192060054e-03
2.178348174027587222e-02 4.971350358340035844e-03
4.187693741517183738e-02 8.715556466518739609e-03
3.616773113230678516e-02 7.733828007817862560e-03
3.264741688614355986e-02 7.096000392198238173e-03
7.355852192804843148e-02 1.297877433377292618e-02
6.585114924552898374e-02 1.212641345442531243e-02
8.345124699242309485e-02 1.389870112351536922e-02
4.944855947013854225e-02 9.916979833862808041e-03
4.918226401923734420e-02 9.876670910751367272e-03
3.039067644360858925e-02 6.674075896202041197e-03
2.953517408081656262e-02 6.511467012220001870e-03
4.574903541553325403e-02 9.344284612431598067e-03
3.726263819633579555e-02 7.927155343732925769e-03
6.880147023400362549e-02 1.246672525214041934e-02
8.436406919977941510e-02 1.397372112799968522e-02
8.640375469547117993e-02 1.413532984839263595e-02
2.342892559495791342e-03 5.802339943286070672e-04
2.520689664757449176e-03 6.238185398033472542e-04
6.288963401549880865e-03 1.532689789721436305e-03
1.255532573803336618e-02 2.981195230120218306e-03
9.823228950627141062e-03 2.359311410640346166e-03
1.119621178277430303e-02 2.673697787408841741e-03
5.253233838547266728e-03 1.285711993874358609e-03
1.060304102922072882e-02 2.538335778237844030e-03
9.052075723053160453e-03 2.181078855867401613e-03
4.453061563920560073e-02 9.149678180594738447e-03
4.606205224210982441e-02 9.393800403772601185e-03
4.685143115954074067e-02 9.517801188187999251e-03
4.231578093211365438e-02 8.788319917133779677e-03
2.194680315881541999e-02 5.005038620812064798e-03
2.588080214540800297e-02 5.800384616662245148e-03
3.327403280954482900e-02 7.211346942975541824e-03
3.632491619787050346e-02 7.761729512685311069e-03
3.543453600213726518e-02 7.603027658847554687e-03
2.329503222499080400e-02 5.281099529884341302e-03
7.899541495593740900e-03 1.912482618057827861e-03
1.301200457124717172e-03 3.236069916515577354e-04
1.508339683299760340e-03 3.748098322247232534e-04
1.662376544497663668e-03 4.128306403487199479e-04
6.971721422307338573e-03 1.694325455986575536e-03
4.959077365450850240e-03 1.215176893046185716e-03
8.046507981475548021e-03 1.946880704672937414e-03
7.906933130289612102e-03 1.914213691045531457e-03
7.877642399410295440e-03 1.907353350079587151e-03
5.981428453274571788e-02 1.137582249902216631e-02
6.322867991436002810e-02 1.180930401487741144e-02
5.671888162707848513e-02 1.096268887374307957e-02
5.799498902630401131e-02 1.113532850441487955e-02
4.771477481389560515e-02 9.651993967933134022e-03
7.636795172527056919e-04 1.903366729081050934e-04
2.245994408462548969e-02 5.110536932871868887e-03
1.014915952864639537e-03 2.526989338247807252e-04
5.630696607243611436e-03 1.375969407528078231e-03
4.623043385292034679e-02 9.420355449000843498e-03
6.422554621850512513e-02 1.193146576756094410e-02
1.052704713238455381e-01 1.523574569821679880e-02
8.061847524514098584e-02 1.365528026043383650e-02
5.965359883925522994e-02 1.135484785533901440e-02
4.933564858635845242e-04 1.230957208437524590e-04
2.843579036713698863e-04 7.100861650046209872e-05
2.439404881296647798e-04 6.092561507066725332e-05
7.577856973390697040e-03 1.837040327038508324e-03
3.398019122346043839e-03 8.379582466306815646e-04
7.860116714256449449e-03 1.903247743802378685e-03
1.082199829067675024e-03 2.693788007968846631e-04
7.093551926608692576e-03 1.723069502716679299e-03
7.521115228723760510e-03 1.823711632897199704e-03
1.045838544588034887e-02 2.505218535335485171e-03
4.015547138820330098e-02 8.426405964642011762e-03
1.705303842176934814e-02 3.972453486027995549e-03
4.055523237460461478e-02 8.494081220692974860e-03
9.524769521116305260e-03 2.290471145848689983e-03
9.718852379506133163e-03 2.335257003301901158e-03
2.331295755603061265e-02 5.284745398998368614e-03
2.143712192341526782e-02 4.899730284494445073e-03
3.143165631632035412e-02 6.869965060292807651e-03
1.876597437657685080e-02 4.339331799841873380e-03
7.977622158924396398e-03 1.930763084420537455e-03
2.519508151518807648e-03 6.235291165541321763e-04
4.700836952884330480e-04 1.172999451415322340e-04
1.558888393811929112e-04 3.894790851505461489e-05
9.589769536804502049e-04 2.388246016224223201e-04
8.593523720211424292e-05 2.147642443553557864e-05
5.223336394076719255e-04 1.303105774210611243e-04
1.308627289613243034e-03 3.254443170201902469e-04
1.523521344599759221e-03 3.785592188624887252e-04
5.423287370170815080e-02 1.061701383548161078e-02
6.288397996102450260e-02 1.176660005451759389e-02
7.195817933123736798e-02 1.281156526014282440e-02
4.035675238717880559e-02 8.460520633554638459e-03
2.485746803741802763e-02 5.596473292123247713e-03
1.549239542597412485e-02 3.633084540458787065e-03
2.193854384474326971e-02 5.003336255158094895e-03
1.036726743231508640e-03 2.581068834677457632e-04
1.387438509062474418e-03 3.449346416491891050e-04
6.891179739025955764e-03 1.675306576560927144e-03
6.223618175928558732e-02 1.168570311984656537e-02
1.162067998958070530e-01 1.554767963192762135e-02
8.111751724113404338e-02 1.369932770691783229e-02
5.397491653390015798e-02 1.058043751863355086e-02
3.110784341938266015e-03 7.680191062625182008e-04
2.755450501123283928e-03 6.812701178166804443e-04
3.346845957250264066e-03 8.255101114510035934e-04
7.312392748964915284e-03 1.774627099526114105e-03
9.739254444624393867e-03 2.339960534018962601e-03
1.105196511639423840e-02 2.640845346164564632e-03
8.827037307216595297e-03 2.128842739181155234e-03
1.143013004220471036e-02 2.726884637769466744e-03
6.296756573437806495e-03 1.534540000014319311e-03
7.629580665076993867e-03 1.849184665144331784e-03
1.027434326205058090e-02 2.463023686046201133e-03
4.588158885472386900e-02 9.365277017847044999e-03
4.551314013641260398e-02 9.306839109026418880e-03
4.403724428707530419e-02 9.070032187369280255e-03
4.134987055191008398e-02 8.627655843317800707e-03
3.759026303599136837e-02 7.984537883882822720e-03
2.250646080607821703e-02 5.120074423504019680e-03
4.011770268742082673e-02 8.419995602938913637e-03
3.763412458082526085e-02 7.992203812241239352e-03
4.352584549498052235e-02 8.986962147692213743e-03
2.337241465967421217e-02 5.296833897894799234e-03
8.219706770546071628e-03 1.987363113242756989e-03
7.737202274609069740e-04 1.928314138748445767e-04
1.452752603485103549e-03 3.610776607443431496e-04
6.032654952037369220e-04 1.504524445432308148e-04
6.209982073403397251e-03 1.513931640998857769e-03
4.667878848934385594e-02 9.490787827503063129e-03
4.705104813926953844e-02 9.548960903813526191e-03
4.795316906621222702e-02 9.688785843060323047e-03
5.673978565809987412e-02 1.096554313799785220e-02
5.417652474680042379e-02 1.060903535305942821e-02
1.233796736718527701e-02 2.932266403042590400e-03
1.255312144835814270e-02 2.980699503992306505e-03
4.703460721873826793e-03 1.153742637706246885e-03
2.013272419633812052e-02 4.627854465518711942e-03
1.531876158740959771e-03 3.806223951195209800e-04
1.537397962881463347e-02 3.607135657576451219e-03
5.924781713686456952e-02 1.130165044873279907e-02
9.340574754646725764e-02 1.462680321190244076e-02
1.052404005080674332e-01 1.523455822791841899e-02
1.051714916224103374e-01 1.523183025551985703e-02
8.651285015317110305e-02 1.414373929666773791e-02
4.669681450574831205e-04 1.165239770158723486e-04
1.916563422811010955e-04 4.787735341673870045e-05
2.967835207042821086e-04 7.410779971790889284e-05
7.254816336485670359e-04 1.808440848113803767e-04
1.078343014764497837e-03 2.684229300336330999e-04
6.870187481531042292e-03 1.670347394351374666e-03
4.212433797765588635e-03 1.035363850940839358e-03
6.498093458146496360e-03 1.582298145945817709e-03
3.781672452103570538e-03 9.311170664908935976e-04
3.404896050275031238e-03 8.396306954555792564e-04
9.782397962970595592e-03 2.349904180836717444e-03
5.029570009120376897e-03 1.232095927803451146e-03
4.364101104261760428e-02 9.005714915832529338e-03
2.883506678266270495e-02 6.377305619305058404e-03
4.081294066514676994e-02 8.537539040549902217e-03
3.037648124579381270e-02 6.671389698572389830e-03
5.834337709180541752e-03 1.424544930790369287e-03
2.496677353647586833e-02 5.618353603297295343e-03
2.568797113590345904e-02 5.762120922896855207e-03
3.711532745792486820e-02 7.901284332172225228e-03
2.960221821148387167e-02 6.524263229830660343e-03
7.365069134831207960e-03 1.787023040346958627e-03
4.285442351090312514e-04 1.069524086158126289e-04
1.010590793156017657e-03 2.516264045377927154e-04
2.049096176863360146e-03 5.080752490738039842e-04
1.546504967640026720e-02 3.627094657606538645e-03
4.509875546135425767e-02 9.240791121175533085e-03
3.946470494301302506e-02 8.308713299514179640e-03
4.583875595306286660e-02 9.358497440941259543e-03
1.295603804034995039e-03 3.222223617917188091e-04
1.540232898623212360e-02 3.613350508357904799e-03
1.693942352967547915e-02 3.947911812901146698e-03
3.155205501376436711e-02 6.892481577849478985e-03
3.250728400616592628e-02 7.070097488083950873e-03
3.086890509450149894e-02 6.764336971892033999e-03
1.547322614663343941e-02 3.628885809273499005e-03
2.585793382637728566e-02 5.795850714825015113e-03
6.168908066247979355e-02 1.161672749263801055e-02
7.992138741831493476e-02 1.359291868771034598e-02
9.756537451606780986e-02 1.487234132455637903e-02
3.785491497022720753e-02 8.030734155153670603e-03
4.601069420658361608e-02 9.385689570274156901e-03
1.516339530951003661e-03 3.767855971646262114e-04
9.331323361896461457e-04 2.324123480905687764e-04
1.185252640216662373e-03 2.949083362330250134e-04
1.890623601022154267e-03 4.690814426547965967e-04
1.557107301992977132e-03 3.868522423483244346e-04
2.435125977451172742e-03 6.028516558367356731e-04
3.048972275263189900e-03 7.529468368804738800e-04
6.006570457819212366e-03 1.465563725790056549e-03
4.831606695678438909e-03 1.184557250657885001e-03
5.252038968332384435e-03 1.285425828758214161e-03
2.712294675004212757e-03 6.707171263469970286e-04
1.136204978580487293e-03 2.827602828917707284e-04
5.185123669182458393e-03 1.269395409830898370e-03
7.848926618533445809e-03 1.900626005570238593e-03
4.611951972762023261e-02 9.402869831998707240e-03
4.024730630138746712e-02 8.441980910829163798e-03
3.458969019618699653e-02 7.450975881178554042e-03
3.042992509947551206e-03 7.514883240712908787e-04
6.105769731915717743e-03 1.489162008959751381e-03
3.004697997485361941e-02 6.608923988104150639e-03
3.227589988539215915e-02 7.027241257936182005e-03
2.651148499554406915e-02 5.925012412217059432e-03
7.629697118425864989e-03 1.849212001487550352e-03
3.831378165511999806e-03 9.431650827308378461e-04
7.766092059961866682e-03 1.881210829106663880e-03
3.066685738177768808e-02 6.726258203770129826e-03
4.500635844028652577e-02 9.226017310016081802e-03
4.048883401540458865e-02 8.482862823924164006e-03
3.796831868784070890e-02 8.050486447978743437e-03
4.568223885800709095e-04 1.139969104503097319e-04
1.873490556724993587e-03 4.648626723151106700e-04
6.028347418890067470e-03 1.470745882119678383e-03
4.897767680576961026e-03 1.200453791891336122e-03
1.279524091382216490e-02 3.035092038412792563e-03
2.263988182883067135e-02 5.147406207984250685e-03
1.784743829599104090e-02 4.143328520268553007e-03
3.492178366395459060e-02 7.510914941716601879e-03
5.898648711298336983e-02 1.126721611631568976e-02
6.004223190357099033e-02 1.140548836393054898e-02
4.130954034795222135e-02 8.620906963228962966e-03
2.243833672175499921e-02 5.106105225599890871e-03
4.571701632177114366e-02 9.339208499077697456e-03
1.136552419026665020e-03 2.828463533554708689e-04
7.373620781077220914e-04 1.837968166926991860e-04
1.097318852434464717e-03 2.731256044447080830e-04
3.053841749883246925e-03 7.541344880374817924e-04
1.326637405538977701e-03 3.298993845789692362e-04
2.118544719023315696e-03 5.251479480293273555e-04
1.477668837106319282e-03 3.672337040844246732e-04
5.032231241598297648e-03 1.232734459130656541e-03
4.170595000538005435e-03 1.025254887475988714e-03
9.094091473399346093e-03 2.190820368623281646e-03
1.041030956999185360e-02 2.494202847154899233e-03
2.010459865552728046e-03 4.985730175171837605e-04
1.519861595258347430e-02 3.568656061271743667e-03
6.412708365608678351e-03 1.562054262819822115e-03
6.024526426425184933e-02 1.143182419979342154e-02
4.178890404608755216e-02 8.700913510148775010e-03
4.065141317248654323e-02 8.510315900201423020e-03
3.951518448297532821e-02 8.317346316020258340e-03
2.783443630004005936e-02 6.183853230869027461e-03
3.073977395879637017e-02 6.740009786661197051e-03
3.266961873615806949e-02 7.100100695673587127e-03
2.828143795379683620e-02 6.270519755714749031e-03
2.391279302136649354e-02 5.406376585258909108e-03
3.161750210961091628e-02 6.904709087751478153e-03
3.571323024856207923e-02 7.652872747353709967e-03
4.479559414318003141e-02 9.192253281154503380e-03
4.643172811803419203e-02 9.452026653481500340e-03
4.096318511953626895e-02 8.562813744746669564e-03
2.032406219155655485e-03 5.039708797492512731e-04
3.690625766936489038e-03 9.090357231825467108e-04
9.982793804132037221e-03 2.396042278897192370e-03
1.441632785994085425e-02 3.396251456019906603e-03
1.411201536138100184e-02 3.328854862785396961e-03
2.079545908279156752e-02 4.766413652233833509e-03
1.515467215031045950e-02 3.559003949594219483e-03
3.568288781396629361e-02 7.647453470747469020e-03
4.830839351220440891e-02 9.743397494321109215e-03
5.688402691619207086e-02 1.098521421084595363e-02
4.165577188524213076e-02 8.678739639955204699e-03
1.025848364187759371e-03 2.554097261806331570e-04
1.380275208904344943e-02 3.260172057029268877e-03
4.617685716939741447e-02 9.411912154306423250e-03
1.522280954666264648e-03 3.795795202872132750e-04
4.155389556465723653e-04 1.037120662902152324e-04
3.838633343613052657e-04 1.035510012675870130e-04
2.223747242506794036e-03 5.509917669765132487e-04
5.635607185681014561e-04 1.408384706053009399e-04
2.316513586860026799e-03 5.737622091590584674e-04
2.127593308646350771e-03 5.273716738745910055e-04
3.827215667616603624e-03 9.432922290269769427e-04
1.719817915600761228e-03 4.269967052373689533e-04
8.424091404734587729e-03 2.039880801269246258e-03
1.515293827729271778e-02 3.558623030887736721e-03
1.370417042535703595e-02 3.240769624306110396e-03
2.726739316566187746e-02 6.185970462069277642e-03
4.396663292309885979e-02 1.444879939101264762e-02
6.942324444355149615e-02 1.254999898089235837e-02
2.542159607248411363e-02 5.810149348586898625e-03
3.717291426629792256e-02 7.911403042083601372e-03
4.253958824390098592e-02 8.825357008278791535e-03
3.101551870181083748e-02 6.791927181313201119e-03
4.741320656862972605e-02 1.029022650914946518e-02
1.857136041228498596e-02 4.297944675508260162e-03
1.413096090824820204e-02 3.337210677500293456e-03
1.577475755946152261e-02 3.694878484881385441e-03
2.561015575661575866e-02 5.746807793702152223e-03
3.922975814133414924e-02 8.268465611505964805e-03
3.774491749177033562e-02 8.017499815410819575e-03
5.058356139101922999e-02 1.010691775381965425e-02
4.798619088133424665e-03 1.194904070689093573e-03
5.192280775232972073e-03 1.277634187717463250e-03
1.654729372968816170e-02 3.864971916877917371e-03
2.516650863530227322e-02 5.673539521587901355e-03
3.954767110250360235e-02 8.343451989996242962e-03
3.328277100272099276e-02 7.228226935669872233e-03
8.445358344778618187e-02 1.742726997445458170e-02
4.104569372897392404e-02 8.631003048241053452e-03
5.182162410967126875e-02 1.055204584447772508e-02
7.483023776835030783e-02 1.341691595378688602e-02
6.514923833533599329e-02 1.204947142689878972e-02
9.208337377850459027e-02 1.549736844278475946e-02
3.073332861655336118e-02 6.738891719120810968e-03
3.386480077353881679e-02 7.321912794270366356e-03
5.483227428906024131e-02 1.070255065362030363e-02
1.021537989947043923e-03 2.762679349507742065e-04
6.096326398701089723e-04 1.589332973813709841e-04
5.821750860836599371e-04 1.650657685277963534e-04
3.142264180034965316e-03 7.800517215280222552e-04
6.687842856835038300e-04 1.673559239150354332e-04
1.653141512359637471e-03 4.111673010335711062e-04
4.011403323177421972e-04 1.001610425498988041e-04
6.992648808513752439e-04 1.743967331024230617e-04
2.565553517357525566e-04 6.698463784889889668e-05
1.020342365992521830e-02 2.915348797645602244e-03
5.683580836067482316e-03 1.405679425729024039e-03
3.184124681515324712e-02 9.047102845956087741e-03
3.963950687679899249e-02 9.383288840623725188e-03
5.488666605852708658e-02 1.763450762213918110e-02
6.059161991885141790e-02 1.203145537908818438e-02
1.977024776377290030e-02 4.766625445356523390e-03
1.760527540653840026e-02 4.462275851958921735e-03
4.066009231516397315e-02 8.513895538629167800e-03
3.844635842307290302e-02 8.267683971925465086e-03
3.342987283991821768e-02 7.971298535411503253e-03
2.530922314231844744e-02 5.707137271121213301e-03
5.382431668659957286e-03 1.333528550096121056e-03
1.233528106682426316e-02 2.955309566075264502e-03
2.687696429226855283e-02 6.026388962729630101e-03
3.521902983772580431e-02 7.792687457364239761e-03
3.451330420019245449e-02 7.563866662468258888e-03
3.491861991762158779e-02 1.059564289188632928e-02
8.966978289346854217e-03 2.632470408641392895e-03
1.041408788976097045e-02 3.836042561814478197e-03
2.274588640791518762e-02 6.370936364259415820e-03
4.331028448168294798e-02 1.337205918810254260e-02
6.530405991623124129e-02 2.036162721803863596e-02
3.278617796130055967e-02 8.545997783346949428e-03
4.460097289196408160e-02 1.471669442190826592e-02
4.301964473719640386e-02 9.793080520143609621e-03
5.522510597242733660e-02 1.736318958166988349e-02
5.512990016127135989e-02 1.527867743730034616e-02
6.917822155640822313e-02 2.082840194577163101e-02
6.967389798700798775e-02 2.535614764722830122e-02
2.605669182419170435e-02 6.437736207733543367e-03
4.459632815558455671e-02 1.234969640648590251e-02
2.908568671362165431e-02 1.144638890263044266e-02
2.845516298651236745e-04 8.779274999665262133e-05
1.943102917190042060e-04 5.522844181133949399e-05
1.849606538039316934e-04 6.744847836361877211e-05
3.919104850377611829e-04 1.078633070516773584e-04
9.314458354726319242e-05 2.853094746128740080e-05
1.675004492138448657e-04 4.538426990659050398e-05
5.798542276815024172e-05 1.454438296557987195e-05
1.179383019940803451e-04 3.568475110441713299e-05
7.910646883521445043e-05 2.010194322141332387e-05
5.397418250955072876e-03 1.880363307379411550e-03
4.978118565388059413e-03 1.248168125287382052e-03
2.747964269189844336e-02 7.529271077944156912e-03
2.712404951900040245e-02 7.171680576472603749e-03
5.310956810964514302e-02 1.925561802554608126e-02
4.479183751024606863e-02 9.854095488717731430e-03
1.309912984861800155e-02 3.457185368314417799e-03
1.258087689984750505e-02 3.474466162586480576e-03
1.931261660354429907e-02 4.457939675308014542e-03
2.772041254040310057e-02 6.323212541446364236e-03
2.928148446028865787e-02 7.360028205755685289e-03
1.004760727519039094e-03 2.798349145619995551e-04
9.671405843667493394e-04 2.499902162942231024e-04
3.252571709204869418e-03 8.274471153274135611e-04
1.372681670438892325e-02 3.278311341249615703e-03
1.999611054598043544e-02 7.927432790209435962e-03
2.315440225114659065e-02 5.453366182489265308e-03
2.243356063229401051e-02 6.700671581379261631e-03
5.660550048751715642e-03 2.078144401282216742e-03
1.034023598848527251e-02 4.260027551195972977e-03
2.246328910456032654e-02 6.407030914785865304e-03
3.987538812724838316e-02 1.270700579049281742e-02
6.495684952816960234e-02 2.112511356381911384e-02
3.114336705704994629e-02 8.586881736077899355e-03
4.603038143786220698e-02 1.576140057587386428e-02
2.796241477051571167e-02 7.662421068136811286e-03
5.396635991557127698e-02 2.046238797088212671e-02
7.474163071893487331e-02 2.810067715661931226e-02
8.042284663677584655e-02 2.519755135167472265e-02
9.241225631319996414e-02 3.038345592001062689e-02
5.316782452335280101e-02 1.078481138053950621e-02
5.501456930423789804e-02 1.315858493513147494e-02
2.722279098216674395e-02 1.037874136193787412e-02
3.796186571031488809e-04 1.202629693640997404e-04
3.106464377928907323e-04 8.815242245288444764e-05
2.689397345799639629e-04 9.190801735767591292e-05
7.538859903715109658e-04 1.934676363956529276e-04
1.282234514979834589e-04 3.518586138179900796e-05
4.348813909477232224e-04 1.117657909581612431e-04
5.087903203296258474e-05 1.280090262075356741e-05
1.812253607396942473e-04 4.618635001148273646e-05
2.849667955919921300e-04 7.145070614882669739e-05
1.966140368249304562e-02 5.072895724813411555e-03
2.096455095029594803e-02 4.891276321676597642e-03
2.946972869951669863e-02 8.104509502135400292e-03
3.158219093435455510e-02 8.999572547307734677e-03
5.715981938775020060e-02 2.068271973841231612e-02
2.391713030319615740e-02 5.998100178921951173e-03
8.043065448575031570e-03 2.107041988559979571e-03
9.815884402698862518e-03 2.814882009675463443e-03
9.436605576006052570e-03 2.274845461237272933e-03
3.318699604557034943e-02 7.563303629777708668e-03
4.241768053537951083e-02 1.178338955324903861e-02
1.055595402193145209e-03 2.958324147131619736e-04
9.705766442956215330e-04 2.632741063913343008e-04
1.832890776270670354e-03 5.072092411941234863e-04
1.297761435672236535e-02 3.184103342895263158e-03
1.997249619008108212e-02 8.906976915833898778e-03
1.855703628621476614e-02 4.569784784160470410e-03
1.779088369362103253e-02 5.362029085467093399e-03
1.287104518466413924e-02 3.919366344972054911e-03
2.735774659371378523e-02 8.131558132330846470e-03
4.294006156678682046e-02 1.043163093658040427e-02
5.905316742871229152e-02 1.583528822665881269e-02
7.568003001346212955e-02 2.381521768721357735e-02
3.804361030022199164e-02 1.113763877619536151e-02
7.665626171258035915e-02 1.859583960416588688e-02
1.858285633193593189e-02 4.568827805442023972e-03
5.364120245143232102e-02 1.132868597478182103e-02
7.343663982425470416e-02 1.363917481943702908e-02
8.689282143862454844e-02 2.421560688942492323e-02
9.864689323505600183e-02 3.041294952000129365e-02
8.189184798260411291e-02 1.376817840109604424e-02
6.539948617910175399e-02 1.374516643225911008e-02
5.538481698291470440e-02 1.772653977896728600e-02
3.805280101682681233e-04 9.498720097554441081e-05
2.585233957983971813e-04 6.456401460342415621e-05
1.776372140669082360e-04 4.437774853690560804e-05
2.439248878725727362e-03 6.038630951560445582e-04
3.064750060585333499e-04 7.652482458529475404e-05
5.883940721794050574e-03 1.436364422035645233e-03
4.080887351621536739e-04 1.018556473747721767e-04
3.295143974762054871e-03 8.129280198761030217e-04
8.063256549572858992e-03 1.950798031208985164e-03
2.472621692361706702e-02 5.577400951326065386e-03
1.948452279209479318e-02 4.491484069588037170e-03
3.866402414837601109e-02 8.171099273747799846e-03
6.741402054571758728e-02 1.273941283119908729e-02
3.551687864220542945e-02 7.620125165725880230e-03
5.570529407107897846e-02 1.082324884188185822e-02
1.139998599587310410e-02 2.751431428358915542e-03
8.335744303771508781e-03 2.014451442845018037e-03
2.554959108400804008e-02 5.734616166441986601e-03
3.944467085703409759e-02 8.315693032061102774e-03
5.647022211984522450e-02 1.092870710864095318e-02
1.065513052680018731e-02 2.550250825156897671e-03
1.380346351214775539e-03 3.431812317543819269e-04
7.956482510730731759e-04 2.004296728853366849e-04
1.138433639011462301e-02 2.716480982485367651e-03
2.147026081612941027e-03 5.321467994081089878e-04
2.315761202458565399e-02 5.253128011465179638e-03
2.346245549013382600e-02 5.317827558133166217e-03
5.660116873982119941e-03 1.386489687469765440e-03
2.662122953496945735e-02 5.946617521788833891e-03
6.578486853072003371e-02 1.211856820507589000e-02
3.841227262212523752e-02 8.127565467534837024e-03
3.987457787038179574e-02 8.383376606083726285e-03
2.304122754582325905e-02 5.229408719637410052e-03
6.056305146394230093e-02 1.147290191635399331e-02
4.445318008255352143e-02 9.137209801186447350e-03
4.531594300849234314e-02 9.275451061374159756e-03
5.568829132645269214e-02 1.082088704075330650e-02
5.521173368452140379e-02 1.075459788467983575e-02
1.121182818976942108e-01 1.545906133873272727e-02
1.313370150063460917e-01 1.558484224080934274e-02
1.406084665171662973e-01 1.538137577298250014e-02
8.404940444282782419e-02 1.394804872351291039e-02
1.763767984639331293e-03 4.378311186561941533e-04
1.988235449354389291e-03 4.931057821365278284e-04
2.691333378171424043e-03 6.655900691903964429e-04
1.291074960056287808e-02 3.061000459311939096e-03
6.210532624543572619e-03 1.514062440655373131e-03
1.223385092187480837e-02 2.908795622090044886e-03
8.579987453096763958e-03 2.071380678578892999e-03
1.214868267255930605e-02 2.889580177461283615e-03
1.711798126870267903e-02 3.986470034460013606e-03
4.449469615150618285e-02 9.235507690640739481e-03
3.678461788538935767e-02 7.843046358373233218e-03
4.661689601623444923e-02 9.481089009870196510e-03
4.028568537879113898e-02 8.448484898258838000e-03
4.055705702400869139e-02 8.494397208755737408e-03
1.671715043117387098e-02 3.899860053784242036e-03
1.608846652048236125e-02 3.763316992682878229e-03
1.424876979515313398e-02 3.359165008113015362e-03
1.508981344471137243e-02 3.544750891381650941e-03
4.715795868444637440e-02 9.567834168475397583e-03
5.336451491758878451e-02 1.049408556981833683e-02
7.551667517269666091e-03 1.830889197026030731e-03
2.151860090747107976e-03 5.333345208366268653e-04
2.783854522621415431e-03 6.882137846522341567e-04
9.718949942778408457e-03 2.335279497704369905e-03
5.896121546206207695e-03 1.439266137263914887e-03
2.092315959190489336e-02 4.793011290667901873e-03
2.154012207805864818e-02 4.921089665060550053e-03
3.530866083497856411e-02 7.588176046845770614e-03
4.003995800150656620e-02 8.406791263614231402e-03
4.072579655415654171e-02 8.522858633568585959e-03
4.770050706962090242e-02 9.649788392706271437e-03
5.965340027175719539e-02 1.135482190395681670e-02
1.478120775609778267e-02 3.476817836295520350e-03
8.444972170610356987e-02 1.398067493028755208e-02
5.940862944205469592e-02 1.132278885833929230e-02
5.355678891564232685e-02 1.052086758995591370e-02
4.420570600723940785e-02 9.097282058211369690e-03
3.646591023884127730e-02 7.786714950163090704e-03
2.480472876367396246e-02 5.585907621879056262e-03
9.829544515468574550e-02 1.491186675051360370e-02
1.020220974771118977e-01 1.509701599564865215e-02
5.106177149697498086e-02 1.015813836583445880e-02
5.851857834431532356e-04 1.459540034596443334e-04
3.526930359461832648e-04 8.804886660894087986e-05
3.705679666164675640e-04 9.250467103623462902e-05
5.589091356365071157e-03 1.366034896901473141e-03
9.529145519449976455e-04 2.373205918429408781e-04
9.791302402477374336e-03 2.351955997882584481e-03
6.011704808119730514e-03 1.466785607329962760e-03
1.523895689775159323e-02 3.577513417106367288e-03
1.588489951248952745e-02 3.718894845600491904e-03
3.953104274726297607e-02 8.320057346129811071e-03
3.301292278727860352e-02 7.163377625860832196e-03
1.859695438065025672e-02 4.303391882926577497e-03
5.197915653221206467e-02 1.029295641925281196e-02
1.514488799008847052e-02 3.556854365289791823e-03
6.544892668752560344e-03 1.593387547142649041e-03
1.171757716841361451e-02 2.792092677405675748e-03
6.878966670771708390e-03 1.672421485235338996e-03
2.670113989987122141e-02 5.962334103015310381e-03
2.319457914957289216e-02 5.260656285467421242e-03
1.735361509422261861e-02 4.037255816717223375e-03
8.426209080816905728e-03 2.035551270730585113e-03
3.225088927200117986e-03 7.958710332116806629e-04
1.131367044822259929e-03 2.815617698154551391e-04
8.337281554455318235e-04 2.077369362242003563e-04
3.701499228249288957e-04 9.240046974086492209e-05
2.732555331969073117e-03 6.756719743499956269e-04
1.019750225520855459e-02 2.445386511557155057e-03
1.454360588347257746e-02 3.424384998774366098e-03
1.503197090864669822e-02 3.532032577763273909e-03
6.022748241777538258e-02 1.142952096606040385e-02
1.844682930988332178e-02 4.271421815882860476e-03
5.858339979127761415e-02 1.121383521671473829e-02
4.434416645031757226e-03 1.088940110276204664e-03
3.874892219544455452e-02 8.185751577552522959e-03
4.385305527778108475e-02 9.040173362249147651e-03
4.531250288914598356e-02 9.274902804207632578e-03
1.281589994974881644e-03 3.187550258285006812e-04
2.640950406442316850e-03 6.532629825612913839e-04
3.125344264720241599e-02 6.836582984498633560e-03
9.859459724503664979e-02 1.492775470534817364e-02
1.029700201026874096e-01 1.513967998572400379e-02
5.940680894571209042e-02 1.132253328731568434e-02
1.972462570212825655e-03 4.892250339623158487e-04
1.386468061723729502e-03 3.446947217447524406e-04
1.203567881342900141e-03 2.994433946907248045e-04
6.594935262076206776e-03 1.605240644408075477e-03
5.011446490839095193e-03 1.227747026779230262e-03
1.437519049706437353e-02 3.387151522439203581e-03
1.321344904742086622e-02 3.128767026126429325e-03
1.370201511268811373e-02 3.237758560023694821e-03
1.242002546640285504e-02 2.950749334014618388e-03
3.310385021729273652e-02 7.180097655114231828e-03
2.069400134381513615e-02 4.745258644335961784e-03
1.544721667739484133e-02 3.623187666270324871e-03
1.349376949252742430e-02 3.191360558014392362e-03
6.112593009693959543e-03 1.490784459121330353e-03
7.211060311029408865e-03 1.750765686948048622e-03
1.190736403888894603e-02 2.835055691367610684e-03
2.375148030672518881e-03 5.881456795005221344e-04
2.875673172909368278e-03 7.106487970299514003e-04
1.016151844971779732e-02 2.437123155225494157e-03
2.110890651650455113e-02 4.831640694803609505e-03
1.250603453191376918e-02 2.970107733265022528e-03
7.555306657716758141e-03 1.831744005737050325e-03
3.595173388552819378e-03 8.858680754444465304e-04
3.015552778636731383e-03 7.447946360984391244e-04
2.064585798814734703e-03 5.118839351830161821e-04
6.367941565031512256e-03 1.551434711482222069e-03
7.574951223241105196e-03 1.836357919775794423e-03
1.635083610004933394e-02 3.820359183841656910e-03
1.177833536695829450e-02 2.805854657723033142e-03
1.085038549079898364e-02 2.594865507400804985e-03
2.529238459711974710e-03 6.259125677419074760e-04
4.489784817154202773e-02 9.208645272450667607e-03
3.408067549787289346e-02 7.358676432076909600e-03
3.873644389942743765e-02 8.183598888883369948e-03
3.704425176545558113e-02 7.888786352501436089e-03
3.388926892288489368e-02 7.323834682593611395e-03
1.733614160227345139e-03 4.303981220002955216e-04
3.255682361832255758e-03 8.033211228169182721e-04
8.078075254931144436e-03 1.954263513908455208e-03
2.982762509256024416e-02 6.567219054477731362e-03
2.560272397218391061e-02 5.745181518250136628e-03
4.225189165693792048e-02 8.777750565644859906e-03
2.503591761129112317e-03 6.196299685758845490e-04
2.408621333279596308e-03 5.963538765927694964e-04
2.040906332498431015e-03 5.060612844665755448e-04
6.324254557727514853e-03 1.541067443720941415e-03
6.650520750965320353e-03 1.618400761482309807e-03
1.689264120558444868e-02 3.937798974495502688e-03
1.154434304835415780e-02 2.752813905670456387e-03
2.378451859218542325e-02 5.380426323384341659e-03
1.670763905416352418e-02 3.897764560776670936e-03
1.845093120418317412e-02 4.272295938744292976e-03
1.383519027997108693e-02 3.267385079909765257e-03
1.399675544458835359e-02 3.303279698171474738e-03
3.550672809539088051e-03 8.750609249843718535e-04
5.229924980705094768e-03 1.280129129872470493e-03
5.175547736317942342e-03 1.267100639708579899e-03
2.365541876158132675e-03 5.857896806716754619e-04
4.076769628338688858e-04 1.017530402024417714e-04
6.130435994692072033e-04 1.528850774124516497e-04
3.891274183405516590e-03 9.576765310809409130e-04
5.200507073329863061e-03 1.273081494512711721e-03
1.138096368098658398e-02 2.715714585938710460e-03
8.074831900721703148e-03 1.953505064955513102e-03
6.282393801937096421e-03 1.531129978601656521e-03
8.758716129737689066e-03 2.112963924193095137e-03
2.988936824914684067e-03 7.383004628853399778e-04
3.595498388892618552e-03 8.859469885586252359e-04
5.198194230331090737e-03 1.272527334326525308e-03
9.719261748159426645e-03 2.335351388110621599e-03
4.147060623095482484e-03 1.019567043962241485e-03
5.101005834688959913e-03 1.249231198146709063e-03
3.029376036990368004e-02 6.655728175126772971e-03
3.154690542210759896e-02 6.891519113815497422e-03
3.385195971277320942e-02 7.317034751798082159e-03
4.136647943747347872e-02 8.630434238317453641e-03
9.677459764495644975e-03 2.325711713630479200e-03
3.770641705983072273e-03 9.284426876208691243e-04
2.102957005015127986e-03 5.213168230888397823e-04
3.202932412439000835e-03 7.904743270710978473e-04
8.329470314639741621e-03 2.012987502937470686e-03
8.951595092389894037e-03 2.157767718399374816e-03
1.637012357827631256e-02 3.824549948601040170e-03
3.420478999846481710e-02 7.381229840777125441e-03
3.568933594707026508e-03 8.794961116733282557e-04
3.501748797799662978e-03 8.631749548070243245e-04
4.678984881288192343e-03 1.147853320802724557e-03
1.282775242121251928e-02 3.042386873123206336e-03
1.381850643916925428e-02 3.263675489582951606e-03
1.897886610610760583e-02 4.384519167853341386e-03
1.269222997661235974e-02 3.011964792373872466e-03
2.234745517601654727e-02 5.087455041160067817e-03
1.520003192819656401e-02 3.568967011430946180e-03
2.555812857364018337e-02 5.736314207223322872e-03
1.392769202268306222e-02 3.287942400592056350e-03
3.138497068028963614e-03 7.747741031612144806e-04
2.869818205483092022e-03 7.092186948382508049e-04
3.341556883276172989e-03 8.242232184148728978e-04
1.948792923678171899e-03 4.834004370601648472e-04
1.459157129437133960e-03 3.626601428308962537e-04
6.018120058019962165e-04 1.500908237601716422e-04
3.576352929288286169e-03 8.812979320472426239e-04
4.408045564475198547e-03 1.082580525420310212e-03
1.752793285257535708e-02 4.074754783059448757e-03
1.058736646101136013e-02 2.534749286673091719e-03
1.027888782304978328e-02 2.464066420883604877e-03
5.698519207866423707e-03 1.392156680804183290e-03
7.642488998085696789e-03 1.852214611435563235e-03
2.636259342596677761e-03 6.521149723277411877e-04
5.535093910959348364e-03 1.353136213136697753e-03
8.441608419685619341e-03 2.039141352210097850e-03
1.082999095904374140e-02 2.590209035587966169e-03
4.937070874434271520e-03 1.209893049789380597e-03
2.273559757287202387e-02 5.166991996222421515e-03
3.053622932542040744e-02 6.701596029940436183e-03
3.233294826636615160e-02 7.037817522996028460e-03
3.219535495240761352e-02 7.012297857590385659e-03
3.455095580626543761e-02 7.443970404439852542e-03
2.260500244031927401e-03 5.600151996547134137e-04
2.868817101728928301e-03 7.089741638690597253e-04
2.796746321737725565e-03 6.913647904462778522e-04
6.661934890244712582e-03 1.621102346079318331e-03
9.018523400017592478e-03 2.173297085687733200e-03
8.834003022471902805e-03 2.130461146216932819e-03
1.060164952147708319e-02 2.538017407793035501e-03
2.583389398559072722e-02 5.791083417938941089e-03
2.724115053541946527e-03 6.736079605605527600e-04
4.173378749732687548e-03 1.025927597244451423e-03
7.228980611654969163e-03 1.754986992230058796e-03
1.277113008842500549e-02 3.029680758370777074e-03
1.026508313237260196e-02 2.460898851378629914e-03
1.099414336000886956e-02 2.627664651781790473e-03
2.788774404733268975e-03 6.894163385028218970e-04
9.510377282348811412e-03 2.287147044534586313e-03
9.014931127642370964e-03 2.172463798674457210e-03
3.941556896986481325e-03 9.698533534744386425e-04
1.992055879941096071e-03 4.940456833564661710e-04
9.756266778797156305e-04 2.429548220553383027e-04
7.512812537600922769e-04 1.872558899177717388e-04
2.903164230248228431e-04 7.249482213072778135e-05
1.361885119294756490e-04 3.402858067158734498e-05
1.879310959753628164e-04 4.694745589700620480e-05
3.257744440062210873e-04 8.133748201318771601e-05
7.806376487460565635e-05 1.950984726726501671e-05
8.582354712868481414e-05 2.144852110092945478e-05
1.714777079111465437e-03 4.257538093468203177e-04
9.126953583214199956e-04 2.273408267632535365e-04
1.605349183692791068e-03 3.987601499216146300e-04
2.847195145226931456e-03 7.036922661117290178e-04
7.448957869567344320e-03 1.806752494049246836e-03
2.403995328106043119e-03 5.952196384889550879e-04
3.734849792889037567e-03 9.197633452468161443e-04
5.987346071399530546e-03 1.460988204871179353e-03
7.638624374047501414e-03 1.851307511184082863e-03
1.007713815626314242e-02 2.417735825645370932e-03
2.393436227352360376e-02 5.410736870940631438e-03
2.971824700535696806e-02 6.546387546267833785e-03
2.766404545622942399e-02 6.150711953053028536e-03
4.410566139970735602e-07 1.102639589683316457e-07
1.906049860543568389e-05 4.764761348751832874e-06
1.492466076271259726e-03 3.708890640789943953e-04
3.582636079524082352e-03 8.828237386027128729e-04
4.977896535506854889e-03 1.219694679958502597e-03
5.514441592553528081e-03 1.348201332060697775e-03
1.146439853264183580e-02 2.734667199445218674e-03
7.086970507157516232e-03 1.721517475820058584e-03
6.379608715410059472e-03 1.554202771490778784e-03
2.393287972963926893e-03 5.925941659194479925e-04
3.095272012659989417e-03 7.642372943326411266e-04
5.979431427838740459e-03 1.459104256759459527e-03
7.973214739933781950e-03 1.929731531694348122e-03
9.493097078109533418e-03 2.283155377392971728e-03
7.179172186754274529e-03 1.743252533401502477e-03
6.467343492605163655e-03 1.575009341299948634e-03
6.858430562665050181e-04 1.709903833687972800e-04
2.596264788573663437e-03 6.423256062910284638e-04
8.870481173345663066e-04 2.209751749711747740e-04
1.714344069814605076e-03 4.256470418639427856e-04
7.231416545282289866e-04 1.802624797795434220e-04
1.364877447148774622e-04 3.410330727426201270e-05
1.048321383709342871e-04 2.619704481549814824e-05
6.300403697965682639e-05 1.574703973623847313e-05
9.401310724432494802e-05 2.349443834674750305e-05
5.427033188965994733e-05 1.356463770349157280e-05
2.457703946650092509e-04 6.138219557935852455e-05
5.176311337055842338e-05 1.293809892273379307e-05
8.391650809985669096e-05 2.097208504463249801e-05
1.692504781193446793e-03 4.202616228639990460e-04
2.469976922285366380e-04 6.168841519716794335e-05
1.236426678405246581e-03 3.075779186702393944e-04
3.680353497213067733e-04 9.187338741168220844e-05
5.847573950937573917e-04 1.458474075623225152e-04
2.852013019230773688e-04 7.121898569815072772e-05
6.865891855972053922e-04 1.711758916895223231e-04
1.419542634555025261e-03 3.528705573474368940e-04
4.160650134774479016e-03 1.022851524149620810e-03
5.195704606694182513e-03 1.271930805313522574e-03
1.967577887930005778e-02 4.531808445317904097e-03
1.173267647005571228e-02 2.795513420362929265e-03
2.137066198170279110e-02 4.885960301889500333e-03
1.844117299830301950e-07 4.610289848807139551e-08
5.299235790575549185e-07 1.324806139453890955e-07
1.560487896715176080e-07 3.901217306665464166e-08
1.217072454410367290e-05 3.042533009489989797e-06
1.998706896084404970e-04 4.992772410954557036e-05
8.317086270370470814e-04 2.072354175189739336e-04
2.926234776728161603e-03 7.229958442135070830e-04
1.447369556897979770e-03 3.597475105902599017e-04
1.263372725355232495e-03 3.142470706956366024e-04
1.495325160375945853e-03 3.715952927587331178e-04
1.854360594809081973e-03 4.601514954866898241e-04
3.020235366802309467e-03 7.459370200296938430e-04
2.621130170961179836e-03 6.484122193671720087e-04
5.703150044334263404e-03 1.393261590655375977e-03
1.500768066365262008e-03 3.729397118022937849e-04
1.030282605855383643e-03 2.565091692159177333e-04
8.192934545134424170e-04 2.041521218637520332e-04
1.124938426970061760e-03 2.799691202780415708e-04
6.242382065004557822e-04 1.556698782866590479e-04
9.573724760467972050e-04 2.384265569538073165e-04
8.960049332849243271e-05 2.239209508371840034e-05
6.872034417140217234e-05 1.717536355714750545e-05
5.113829843810247498e-05 1.278195948395847481e-05
3.777211834426299532e-05 9.441602853141535420e-06
7.042410682918963437e-05 1.760106715247471897e-05
3.342503600612819304e-05 8.355141768500038018e-06
3.423377327433038708e-05 8.557271367349999312e-06
2.513328595339536339e-05 6.282689806286025745e-06
8.322626638640344724e-05 2.079963998518424107e-05
2.360304888787100855e-04 5.895191182799720033e-05
9.569529122146171120e-05 2.391466521660346603e-05
2.837358971188874441e-04 7.085346822040799596e-05
2.228415853559788471e-04 5.566073796683074324e-05
1.267729271662273777e-04 3.167716041649454962e-05
9.228707444307310400e-05 2.306325170665901434e-05
8.623764201628237886e-04 2.148504119506531055e-04
6.425195913842403307e-04 1.602170664207475245e-04
1.750514904954541965e-03 4.345644238061674826e-04
7.754677326959404397e-04 1.932655829695325385e-04
1.296535407991731680e-03 3.224528479337566110e-04
2.201102787879955153e-04 5.497912116217074709e-05
8.401317790066348983e-05 2.099623626110490499e-05
1.824621578729554768e-06 4.561520654384831138e-07
6.946181840936465720e-07 1.736540635289899605e-07
1.540547925829571632e-07 3.851367441286017573e-08
1.377075356711790461e-06 3.442669428414095713e-07
3.401186076097423310e-05 8.501808383571134078e-06
4.227499013607425422e-05 1.056696035922755846e-05
1.300437378324705647e-04 3.249402308436820223e-05
1.034511146553549355e-04 2.585207653071529686e-05
3.112525534691514039e-04 7.771626021524678319e-05
4.577124098333700789e-04 1.142186018082270548e-04
4.545775102846841449e-03 1.115779704426048211e-03
5.320242768647419351e-03 1.301755709044509664e-03
7.118515574048133419e-03 1.728955629534067572e-03
1.356149974551189644e-02 3.206460661030454719e-03
1.096260222358858005e-02 2.620471908384515696e-03
1.473494664643808759e-02 3.466618008936144663e-03
3.990036627142622312e-03 9.815887644997159552e-04
5.712532504959223073e-03 1.395500098619589964e-03
4.127740771700945735e-03 1.014896949046874015e-03
1.312033673351782094e-02 3.107940947378557989e-03
1.382148033441190672e-02 3.264336764968441516e-03
1.973867237065463423e-03 4.895706573968054394e-04
9.521518789612045536e-03 2.289720377342076285e-03
1.947469406668317577e-03 4.830747145771703338e-04
6.399625619934578430e-04 1.595810884176112341e-04
9.855333361249826903e-04 2.454120580746320455e-04
6.096561566826573866e-04 1.520423585412832707e-04
1.863262773058840978e-03 4.623439451032433211e-04
1.565728779853072482e-03 3.889806883512079354e-04
1.048370008375306903e-02 2.511017053492183276e-03
2.520716165943820853e-03 6.238250314967047107e-04
2.698162090742135637e-03 6.672604440176158926e-04
1.639110462683529340e-03 4.070909325620037278e-04
4.888941726972192460e-03 1.198333680533318277e-03
2.361645022317723514e-03 5.848338883679927644e-04
5.258253155186339532e-03 1.286914062552557865e-03
6.479253027245983169e-03 1.577832537020419602e-03
6.398378446158539505e-03 1.558655364799368601e-03
2.371070462815979846e-03 5.871456405643566204e-04
1.317450575942398982e-03 3.276269679655487762e-04
1.884421888523440209e-03 4.675544262769137948e-04
3.144602094677110475e-04 7.851616714358928466e-05
2.192338115511619043e-04 5.476038942366322882e-05
1.122818461438092504e-02 2.680974023860610567e-03
3.062080994724955952e-04 7.645826146794133858e-05
1.056684711241752568e-03 2.630545952314660915e-04
1.816299562791258860e-03 4.507759465960190100e-04
4.395991124278031577e-03 1.079673043104776653e-03
7.235461290919699244e-03 1.756513422637527534e-03
3.854467541605006813e-03 9.487599653719651751e-04
7.012873441373294013e-03 1.704037966438604534e-03
6.488090232035681644e-03 1.579927243149883542e-03
1.972475836470218187e-03 4.892282981920956621e-04
1.910160543998051840e-03 4.738914226956660058e-04
2.305310403359380270e-03 5.710131447840081226e-04
3.810485980636673167e-03 9.381016917505396579e-04
2.143363461694128801e-03 5.312468584946067589e-04
3.599320860539063655e-03 8.868751044776542521e-04
1.570044091746476342e-03 3.900459844865910414e-04
1.984890481478587907e-03 4.922828301461827259e-04
1.018856475574151949e-03 2.536760503757186131e-04
6.587284860192538401e-03 1.603428893218812774e-03
1.711595692164788159e-03 4.249693632277599660e-04
4.710705729380854578e-04 1.175457357498331426e-04
1.673136824683264801e-03 4.154848193367050176e-04
4.057782844607501788e-04 1.012799150990476352e-04
6.780383862388199550e-04 1.690498605064916378e-04
1.993640539519184510e-04 4.980126746197146800e-05
2.065257294097381461e-03 5.120490358335228788e-04
3.807258504255475262e-04 9.503651043320463106e-05
1.304145494050528396e-03 3.243355780429797784e-04
1.349012559679180516e-03 3.354333050336229792e-04
5.532056571886418035e-04 1.379953777980149276e-04
4.520093265558971715e-03 1.109592073260391417e-03
4.880899938566685484e-03 1.196401800431371072e-03
1.031574840266868964e-02 2.472522435560010803e-03
2.869503393265110391e-03 7.091417985923176466e-04
2.824756653219690460e-03 6.982099131550137177e-04
1.150353250477202357e-03 2.862650000184171367e-04
4.082453671299302381e-03 1.003946989846520423e-03
4.479171684840042422e-04 1.117786623311783326e-04
3.882785454035772663e-04 9.691887612207359455e-05
6.675683055228827118e-04 1.664464289381819824e-04
5.264016698069964514e-04 1.313233187337735082e-04
3.086963930781254015e-04 7.707880480643190249e-05
6.963281697215350759e-04 1.735971695104360137e-04
1.363565551814683099e-03 3.390320769395751156e-04
1.096000597596632304e-03 2.727989320892258837e-04
1.139419111004845393e-05 2.848417949921060990e-06
3.115182484362012390e-05 7.786985774713944171e-06
2.149758672556876550e-04 5.369775219041958100e-05
2.617122439814301019e-04 6.535956769670772637e-05
1.928053155192391754e-04 4.816415499011731998e-05
8.550989869679204679e-04 2.130435524644665624e-04
3.599622380517844469e-03 8.869483138471361385e-04
3.937410924855269320e-03 9.688495264226476946e-04
5.362734783635724096e-03 1.311924771549314575e-03
1.214748348979696746e-02 2.889309517314352007e-03
4.690164057133545429e-03 1.150543375400558911e-03
1.038302982662685052e-02 2.487950148276089814e-03
2.890460464756487279e-03 7.142603544908014950e-04
3.485108723532131560e-03 8.591311980681930974e-04
6.611087554585458152e-03 1.609065409991969862e-03
2.037491200018805987e-02 4.678636156018805420e-03
1.386907221206957856e-02 3.274916888993794056e-03
2.369773618596739476e-02 5.362851346152140014e-03
3.878454027308544938e-02 8.191956899120956745e-03
2.657753327880095842e-02 5.971807673087203144e-03
4.314600523844550756e-02 8.924923541838096497e-03
1.631223513540442163e-02 3.817910779750895676e-03
2.236265206281275869e-02 5.090574808420765714e-03
5.362589230410916286e-02 1.053073675061537602e-02
3.518467141659301078e-02 7.558206751454635969e-03
5.001085928614060205e-02 1.000512908267648174e-02
4.619985602879661535e-02 9.415537310117618949e-03
2.453252877138430502e-02 5.531287224927277507e-03
3.173947206180021546e-02 6.927473928688257336e-03
5.430989767408302832e-02 1.062790943315138764e-02
4.083984117869102204e-02 8.542067667172048920e-03
2.944953323717131727e-02 6.495108301405570946e-03
1.451543673430149076e-02 3.418422732138541587e-03
1.728327138102768445e-02 4.028484751201896405e-03
1.683241703266749253e-02 3.924773995005238249e-03
2.674887882824728697e-02 5.971717188493565892e-03
3.107554567800667814e-02 6.803196880315789952e-03
4.165782597779196100e-02 8.679082029251990876e-03
1.574158040002680836e-02 3.687597746516193837e-03
5.634611228040673631e-02 1.091164370098548185e-02
2.824596395800172896e-02 6.263717291741770742e-03
6.693407237869780646e-02 1.225334804947769522e-02
1.449570876734887492e-02 3.413801619169423793e-03
5.456499884982118258e-04 1.361147632146048557e-04
4.823754198985470004e-03 1.182669945174137649e-03
3.019217271920907747e-02 6.636475886295716692e-03
1.899954046469419164e-02 4.388902578303995917e-03
6.671348621312330265e-03 1.623330262900996631e-03
