0.000000000000000000e+00 0.000000000000000000e+00
3.834773315973632329e-02 3.687718452124598423e-02
5.008258858275772829e-02 4.757432290360795457e-02
5.381501830282741511e-02 5.091896210789376848e-02
5.537492861784518161e-02 5.230854589841373026e-02
5.960244223702340638e-02 5.604999111640569798e-02
5.498807751077088024e-02 5.196438884244033302e-02
4.399015071106254088e-02 4.205501735148054615e-02
1.798743713372720487e-02 1.766388923908741512e-02
2.143966762015764044e-03 2.139370168539135586e-03
2.024185503318733440e-03 2.020088176366887853e-03
6.996835454080526946e-04 6.991939883443378748e-04
1.543223792473405508e-03 1.540842252799749399e-03
4.624155847888167248e-02 4.410327674832584255e-02
4.697713166310735211e-02 4.477028076381443095e-02
4.816471940662446494e-02 4.584487921110559638e-02
4.595517080966939755e-02 4.384329308552351034e-02
2.894477583738925414e-02 2.810697578911254199e-02
1.253267828093525549e-01 1.096199803200099271e-01
1.694109371183870894e-01 1.407108715030570001e-01
2.063819365826704832e-01 1.637884328350570629e-01
2.230728861320847856e-01 1.733113736047867115e-01
2.001463787318021326e-01 1.600878058123481607e-01
1.476987903635901822e-01 1.258838576887224281e-01
7.164975724964788018e-02 6.651606953571441438e-02
5.234923605078802000e-02 4.960879353568689587e-02
4.320763454913589124e-02 4.134073486580421009e-02
1.417946559755890040e-02 1.397840835292654335e-02
5.658636632303453394e-03 5.626616463767006651e-03
2.014253727487896883e-03 2.010196509409198102e-03
1.939933410938652920e-03 1.936170069299776933e-03
1.468478622097818846e-03 1.466322192634260477e-03
1.616095069105626721e-03 1.613483305833239134e-03
2.116227151106901336e-03 2.111748733751819384e-03
1.604279339322668826e-03 1.601705627124091298e-03
8.373062306168995014e-04 8.366051488930696710e-04
7.809726108211275135e-04 7.803626926022747337e-04
3.535212271769884083e-04 3.533962499189236797e-04
2.046265204636495228e-05 2.046223332623618192e-05
4.277096692664305311e-10 4.277096690834949891e-10
4.062366217607224070e-10 4.062366215956942396e-10
0.000000000000000000e+00 0.000000000000000000e+00
