1.000000000000000000e+00 0.000000000000000000e+00
1.000000000000000000e+00 0.000000000000000000e+00
1.000000000000000000e+00 0.000000000000000000e+00
5.016671381896435911e-01 2.499972206502566463e-01
2.772410864051791379e-01 2.003784664140551286e-01
1.150155971644996750e-01 1.017870095733932057e-01
1.500881516878255217e-02 1.478355063601187458e-02
6.909186036294967352e-03 6.861449184610833932e-03
2.742973392633018658e-03 2.735449489600326033e-03
2.135492482869786462e-02 2.089889201425852716e-02
1.413145836472403348e-02 1.393176024921010531e-02
4.069217725156040050e-02 3.903632396208799038e-02
1.468387742338574387e-01 1.252771486153556879e-01
2.171348955386549762e-01 1.699873326780723670e-01
1.901589504946716858e-01 1.539985240414366852e-01
1.940570535120322015e-01 1.563989134942604664e-01
9.480418691576193713e-02 8.581635305900320310e-02
4.071180954072548680e-02 3.905435810464517876e-02
1.717441754959042957e-02 1.687945693142274897e-02
9.717653498421314345e-03 9.623220708905933993e-03
5.638068602018110262e-03 5.606280784457047875e-03
1.026113493691594575e-02 1.015584404672234889e-02
8.767327126287843136e-03 8.690461101348500791e-03
9.955800810213018964e-03 9.856682840440380775e-03
6.739420325810971391e-03 6.694000539483017584e-03
1.111112857092912999e-02 1.098767139280941267e-02
2.190767049043189363e-02 2.142772446411455450e-02
2.753793281323266978e-02 2.677959506960655295e-02
1.622570603643367151e-02 1.596243250005291089e-02
5.955399730096805171e-03 5.919932944151567837e-03
8.434689270536095684e-03 8.363545287445598581e-03
3.127937222120375817e-03 3.118153230854849804e-03
3.157234964917971995e-03 3.147266832294271389e-03
8.400411105203217654e-03 8.329844198466796260e-03
1.430281865923922063e-02 1.409824803764013826e-02
8.376832832657532188e-03 8.306661504351242967e-03
6.124622941957316540e-03 6.087111935776166709e-03
4.764549270674953672e-03 4.741848340922264274e-03
4.246167870031855064e-03 4.228137928451364269e-03
4.635352812158989935e-03 4.613866316465800067e-03
1.313002449807035982e-02 1.295762695475043136e-02
1.434980233467599182e-02 1.414388550763171978e-02
1.000000000000000000e+00 0.000000000000000000e+00
1.000000000000000000e+00 0.000000000000000000e+00
1.000000000000000000e+00 0.000000000000000000e+00
1.000000000000000000e+00 0.000000000000000000e+00
2.794848035400715469e-01 2.013730481302391517e-01
1.089117460715877950e-01 9.704997763922577902e-02
6.092958832557774512e-02 5.721717359205336778e-02
1.339260485796071702e-02 1.321324299307924388e-02
4.348499699840902705e-03 4.329590250201385999e-03
2.443403506638935560e-02 2.383701299676381155e-02
4.596490899816596531e-02 4.385213613895628387e-02
1.583295480896691754e-01 1.332613022913903267e-01
2.366794321424381398e-01 1.806622785431711564e-01
2.642733227757292913e-01 1.944329336448044898e-01
2.684048195423645033e-01 1.963636723887952629e-01
1.592501184276832460e-01 1.338895182084521018e-01
7.599972305464980371e-02 7.022376515026633459e-02
4.309427851856555830e-02 4.123716167752985995e-02
1.604801833827033605e-02 1.579047944568487405e-02
9.780266750490927349e-03 9.684613132780168707e-03
6.226508203091511012e-03 6.187738798688345414e-03
2.014307178156229255e-02 1.973732844076512075e-02
9.127674913828032893e-03 9.044360464495507582e-03
1.045907143445241709e-02 1.034967925918143898e-02
6.672086215620725083e-03 6.627569481152048581e-03
1.395284741561713011e-02 1.375816546461363678e-02
3.571037474261685996e-02 3.443514387835873436e-02
4.201183300398238230e-02 4.024683889162787576e-02
3.979284884525395583e-02 3.820937802603272676e-02
1.726492666535661344e-02 1.696684897259647176e-02
1.476519435740780706e-02 1.454718339299578000e-02
5.590255283711426451e-03 5.559004329574362795e-03
2.999772181516338794e-03 2.990773548375339451e-03
8.461280408192967117e-03 8.389687142046896653e-03
1.117703794537091427e-02 1.105211176813865326e-02
1.005229315152703605e-02 9.951244553922797970e-03
7.970720689192297564e-03 7.907188300887178778e-03
5.347902894494918971e-03 5.319302829125971584e-03
6.077788092996978808e-03 6.040848584893602873e-03
1.117638672996499639e-02 1.105147510962725850e-02
1.826873820540728804e-02 1.793499140978958156e-02
1.732625067917124492e-02 1.702605171657376251e-02
1.000000000000000000e+00 0.000000000000000000e+00
1.000000000000000000e+00 0.000000000000000000e+00
1.000000000000000000e+00 0.000000000000000000e+00
1.000000000000000000e+00 0.000000000000000000e+00
1.000000000000000000e+00 0.000000000000000000e+00
1.572094852190527026e-01 1.324946629762131511e-01
6.600914028462660788e-02 6.165193368351109399e-02
6.589526773202082632e-02 6.155308142254611870e-02
2.370279911127931918e-02 2.314097642556965650e-02
6.584222769616700222e-02 6.150702874817309818e-02
1.925999055149011374e-01 1.555051819105522926e-01
2.855179745287407256e-01 2.039974607497460901e-01
2.939675921054891727e-01 2.075506468971899110e-01
3.022680458007527826e-01 2.109020742885467925e-01
2.389738781459471162e-01 1.818653637098331388e-01
1.375607735998695680e-01 1.186378071664749984e-01
5.961692855165398597e-02 5.606275038172096881e-02
3.274076521707124099e-02 3.166880751007185996e-02
1.431499717298660365e-02 1.411007802892398980e-02
1.130580071382214849e-02 1.117797958404148639e-02
9.943690462533863461e-03 9.844813482519176526e-03
1.211799595765117137e-02 1.197115013162152082e-02
1.009482480588481772e-02 9.992919318023310224e-03
8.233131256966182143e-03 8.165346806671748905e-03
6.963170265619093857e-03 6.914684525471091921e-03
9.560793801067505454e-03 9.469385022960975437e-03
2.905041000014994476e-02 2.820648367897313213e-02
4.112428333487812976e-02 3.943307665507079368e-02
4.388429106319126360e-02 4.195846006107237236e-02
2.271262622531134909e-02 2.219676283526064720e-02
4.124149407477304546e-02 3.954063324125350193e-02
8.847498268353706091e-03 8.769220042745183574e-03
7.237791352306724088e-03 7.185405728647197877e-03
1.139955340318295901e-02 1.126960358539093841e-02
1.068539904000090530e-02 1.057122128735685229e-02
1.096938531546916111e-02 1.084905790126993071e-02
8.331372320132597598e-03 8.261960555395925915e-03
6.048075618135043997e-03 6.011496399452364268e-03
1.853279583010557577e-02 1.818933130882519761e-02
1.853146742176402240e-02 1.818805213696012002e-02
2.495911257392257818e-02 2.433615527344483789e-02
2.418659938474978371e-02 2.360160779495140346e-02
5.016671381896435911e-01 2.499972206502566463e-01
1.000000000000000000e+00 0.000000000000000000e+00
1.000000000000000000e+00 0.000000000000000000e+00
1.000000000000000000e+00 0.000000000000000000e+00
1.000000000000000000e+00 0.000000000000000000e+00
1.000000000000000000e+00 0.000000000000000000e+00
1.689646374013166752e-01 1.404155887091582677e-01
1.040862773624097876e-01 9.325232422724528958e-02
1.228159873602185231e-01 1.077322206089531692e-01
2.986424221041169558e-01 2.094551258239034097e-01
2.968046227217743804e-01 2.087116386527595457e-01
3.510659274115155437e-01 2.278186420222080288e-01
3.754262507448633546e-01 2.344813809965183293e-01
2.490535011198983240e-01 1.870258546998191385e-01
1.306328949380865245e-01 1.135679416981813794e-01
1.017178337006247879e-01 9.137131600787683217e-02
8.186505998310775190e-02 7.516317193706992250e-02
5.705130991779668731e-02 5.379645795446019729e-02
2.963888064282824142e-02 2.876041739706842321e-02
2.644819523091067673e-02 2.574868819993831118e-02
1.545239337318706288e-02 1.521361691222734673e-02
1.732222137656627692e-02 1.702216202314750862e-02
1.138371758231074803e-02 1.125412855631693736e-02
1.307776176866909910e-02 1.290673391579103685e-02
1.009042155556751433e-02 9.988604948398453406e-03
1.454235679662494243e-02 1.433087665542459935e-02
3.189871769992788653e-02 3.088118950902819446e-02
4.927058465961808853e-02 4.684299414691749791e-02
4.738861981920534233e-02 4.514293853083616026e-02
4.876236882909969206e-02 4.638460021527453930e-02
6.215148279605588189e-02 5.828867598230744879e-02
5.437747700935403883e-02 5.142056700345121190e-02
1.989908849537124283e-02 1.950311477242462621e-02
3.037089552137656190e-02 2.944850422660619249e-02
2.198580567464202690e-02 2.150243002347890578e-02
3.104299096417108272e-02 3.007932367616947614e-02
2.088596672526362580e-02 2.044974311921480756e-02
2.209186174364166644e-02 2.160381138834148798e-02
3.113519794548662289e-02 3.016579739438199001e-02
3.398711188874106032e-02 3.283198811420325741e-02
4.069513915337525517e-02 3.903904480266268129e-02
3.910463026731914732e-02 3.757545815897541525e-02
2.772410864051791379e-01 2.003784664140551286e-01
2.794848035400715469e-01 2.013730481302391517e-01
1.000000000000000000e+00 0.000000000000000000e+00
1.000000000000000000e+00 0.000000000000000000e+00
1.000000000000000000e+00 0.000000000000000000e+00
1.000000000000000000e+00 0.000000000000000000e+00
1.000000000000000000e+00 0.000000000000000000e+00
3.423202478899706191e-01 2.251370957745196799e-01
3.210591533431919609e-01 2.179801733977447253e-01
4.344811034769478497e-01 2.457072741984015762e-01
3.764299128069515943e-01 2.347304335511024020e-01
3.610502844784626020e-01 2.306929765564838253e-01
2.937546179892421838e-01 2.074628423992365689e-01
1.427706998334637711e-01 1.223872271025267522e-01
1.001619168502434765e-01 9.012950726312839167e-02
1.919668510738357231e-02 1.882817238827153017e-02
1.556447162478021007e-02 1.532221884782162223e-02
1.495015155412505320e-02 1.472664452263374585e-02
2.878947744711168530e-02 2.796064343543393227e-02
2.151542490945730982e-02 2.105251140042281241e-02
1.900191010903680075e-02 1.864083752124488444e-02
2.191193123216246541e-02 2.143179850183944690e-02
1.976617215598104604e-02 1.937547059428116475e-02
1.163695707019216617e-02 1.150153830033867099e-02
9.380252624801790548e-03 9.292263485496689984e-03
9.015586238855177736e-03 8.934305443624942361e-03
9.923006983301842568e-03 9.824540915711185360e-03
1.195116233308488388e-02 1.180833205197313711e-02
2.434801228488014946e-02 2.375518658265547353e-02
1.214702118867093915e-02 1.199947106491291819e-02
4.905660005863914791e-02 4.665005004932587518e-02
2.210063481930927762e-02 2.161219675989281205e-02
3.076402168071463647e-02 2.981759665074315557e-02
4.046944753485798990e-02 3.883167135108136353e-02
1.884253076137780772e-02 1.848748979588434038e-02
1.664027637191713496e-02 1.636337757418335204e-02
1.748474601416880048e-02 1.717902967098880809e-02
2.145125176720546686e-02 2.099109556482543076e-02
2.638747964908144325e-02 2.569118056685075480e-02
2.455132314507559033e-02 2.394855567690166651e-02
2.713056737309709615e-02 2.639449968711093594e-02
1.814455137866935810e-02 1.781532663393618765e-02
1.150155971644996750e-01 1.017870095733932057e-01
1.089117460715877950e-01 9.704997763922577902e-02
1.572094852190527026e-01 1.324946629762131511e-01
1.000000000000000000e+00 0.000000000000000000e+00
1.000000000000000000e+00 0.000000000000000000e+00
1.000000000000000000e+00 0.000000000000000000e+00
1.000000000000000000e+00 0.000000000000000000e+00
1.000000000000000000e+00 0.000000000000000000e+00
5.467793399010301147e-01 2.478116933584239012e-01
5.201405046702410884e-01 2.495943600716279964e-01
4.591614047569219648e-01 2.483322091385720409e-01
2.810610852144942995e-01 2.020657515925450842e-01
1.415943402408315066e-01 1.215453830525951573e-01
9.559904765393423265e-02 8.645986974159504401e-02
7.352958701706205358e-02 6.812298685016235367e-02
2.956117895275156213e-02 2.868731565167496195e-02
2.932303482493027122e-02 2.846319445358619707e-02
2.268947232776016149e-02 2.217466017324796687e-02
3.641401606754155612e-02 3.508803550137438304e-02
2.241174351780217400e-02 2.190945727029442597e-02
2.095907905063782925e-02 2.051979605598694412e-02
1.585457249158391674e-02 1.560320502269302648e-02
7.378080498074752851e-03 7.323644426238682184e-03
8.219687284508166852e-03 8.152124025453061709e-03
5.302903144744578606e-03 5.274782362982036350e-03
7.546398787224364857e-03 7.489450652568543400e-03
9.648887084916164467e-03 9.555786062938703002e-03
1.794888266637271676e-02 1.762672027740150305e-02
7.600754831253068479e-03 7.542983357248251447e-03
1.707473837088288246e-02 1.678319168044878351e-02
4.636161491730232675e-02 4.421221557956209885e-02
5.489160990031284604e-02 5.187852106286472420e-02
5.097628631000480914e-02 4.837770454404522608e-02
6.132847613640615009e-02 5.756729415119241078e-02
5.053526546237788186e-02 4.798145240702487990e-02
3.644743852258076899e-02 3.511902274772346622e-02
3.120765118793352930e-02 3.023373369526580201e-02
3.045675223641980747e-02 2.952913847962914534e-02
2.965072721910494424e-02 2.877156159448317208e-02
2.126102091300519428e-02 2.080898990274195060e-02
4.351015352667505359e-02 4.161702006676021998e-02
5.654444722891938807e-02 5.334717271649534048e-02
1.500881516878255217e-02 1.478355063601187458e-02
6.092958832557774512e-02 5.721717359205336778e-02
6.600914028462660788e-02 6.165193368351109399e-02
1.689646374013166752e-01 1.404155887091582677e-01
1.000000000000000000e+00 0.000000000000000000e+00
1.000000000000000000e+00 0.000000000000000000e+00
1.000000000000000000e+00 0.000000000000000000e+00
1.000000000000000000e+00 0.000000000000000000e+00
1.000000000000000000e+00 0.000000000000000000e+00
5.207557202648177563e-01 2.495692000762886331e-01
3.384337041683901925e-01 2.238963320512527555e-01
1.721699574501952545e-01 1.425274632017932142e-01
9.220129994351231040e-02 8.370022023223878949e-02
1.200086852972331516e-02 1.185684768425561246e-02
6.600630132031797513e-03 6.557061813891911645e-03
1.383687564018318272e-02 1.364541651270128816e-02
1.422483163958688374e-02 1.402248580441229145e-02
1.348031734476329811e-02 1.329859838904777145e-02
3.896543762245070763e-02 3.744713229334160898e-02
2.320258439150993390e-02 2.266422446906479413e-02
2.114626770921677890e-02 2.069910307118691395e-02
1.526372431446185868e-02 1.503074303451396379e-02
6.798516285117869526e-03 6.752296461438856388e-03
4.864396498174649967e-03 4.840734144883195901e-03
4.138780083576024463e-03 4.121650582995819295e-03
9.732862700172605769e-03 9.638134083832194249e-03
1.103305062258628372e-02 1.091132241654573128e-02
1.922800767633290470e-02 1.885829139713178851e-02
7.047555646334483816e-03 6.997887605746302454e-03
2.298934860781133745e-03 2.293649759287019144e-03
1.953556711765278009e-02 1.915392873504446342e-02
1.642334957064913933e-02 1.615362315952939901e-02
4.129266261417555844e-02 3.958757862840742853e-02
4.314445970954019355e-02 4.128301530591205887e-02
4.117176878790815980e-02 3.947665424278318930e-02
4.379116143542705758e-02 4.187349561556342331e-02
1.956751706397506091e-02 1.918462933992610628e-02
2.250214525486444669e-02 2.199579871379342758e-02
1.724152532540170618e-02 1.694425512985523602e-02
1.254279216514598769e-02 1.238547052984794068e-02
2.307821207558608326e-02 2.254560820298035645e-02
3.470692010107126468e-02 3.350234979816912179e-02
6.909186036294967352e-03 6.861449184610833932e-03
1.339260485796071702e-02 1.321324299307924388e-02
6.589526773202082632e-02 6.155308142254611870e-02
1.040862773624097876e-01 9.325232422724528958e-02
3.423202478899706191e-01 2.251370957745196799e-01
1.000000000000000000e+00 0.000000000000000000e+00
1.000000000000000000e+00 0.000000000000000000e+00
1.000000000000000000e+00 0.000000000000000000e+00
1.000000000000000000e+00 0.000000000000000000e+00
1.000000000000000000e+00 0.000000000000000000e+00
3.171581764981146745e-01 2.165688675785054085e-01
1.337086556142036420e-01 1.158306510280459334e-01
8.471653973353415745e-02 7.753964762911068342e-02
9.237592464872995332e-03 9.152259350325916976e-03
6.472321743966310929e-03 6.430430795208891791e-03
1.409421580378903381e-02 1.389556888466525648e-02
1.808297657242901799e-02 1.775598253071000027e-02
1.434896243122868974e-02 1.414306970837587822e-02
5.640150288972654857e-02 5.322037336150671483e-02
5.118300678069390153e-02 4.856330659758134605e-02
3.678516282482821587e-02 3.543201462077909258e-02
3.684120274984407917e-02 3.548392852978896062e-02
1.863842125011237749e-02 1.829103050341573597e-02
1.134223305896104629e-02 1.121358680819725673e-02
8.681567552691003484e-03 8.606197937519067045e-03
1.672575855801397213e-02 1.644600755867299535e-02
1.717586397918763330e-02 1.688085367575607731e-02
2.475236237950999285e-02 2.413968293614341190e-02
1.339223279244551069e-02 1.321288089327845791e-02
7.910444338974328624e-03 7.847869209334317614e-03
4.380936775815943811e-03 4.361744168782247591e-03
2.066310104571550399e-02 2.023613730089005372e-02
3.541876254691030818e-02 3.416427380655589346e-02
3.900695446108273789e-02 3.748541196475375231e-02
4.156107586343278648e-02 3.983375283650677362e-02
4.991159886236277987e-02 4.742043116136536451e-02
3.583074391684074739e-02 3.454690170720652737e-02
3.720149736812718155e-02 3.581754596169640925e-02
2.718035037176141228e-02 2.644157892542970192e-02
6.519749910991128050e-02 6.094678521972439478e-02
9.239861939134311197e-02 8.386111452591682447e-02
1.004280172867904192e-01 9.034223063063454018e-02
2.742973392633018658e-03 2.735449489600326033e-03
4.348499699840902705e-03 4.329590250201385999e-03
2.370279911127931918e-02 2.314097642556965650e-02
1.228159873602185231e-01 1.077322206089531692e-01
3.210591533431919609e-01 2.179801733977447253e-01
5.467793399010301147e-01 2.478116933584239012e-01
1.000000000000000000e+00 0.000000000000000000e+00
1.000000000000000000e+00 0.000000000000000000e+00
1.000000000000000000e+00 0.000000000000000000e+00
1.000000000000000000e+00 0.000000000000000000e+00
1.000000000000000000e+00 0.000000000000000000e+00
1.080096686271861117e-01 9.634358011023155810e-02
2.394236946683396886e-02 2.336913241114758552e-02
9.773342830198112480e-03 9.677824600121526927e-03
3.417459181707382075e-03 3.405780154448746072e-03
1.136577639389458640e-02 1.123659552085857528e-02
6.128452333008690273e-02 5.752873053029093631e-02
8.529872387586415194e-02 7.802285158101324170e-02
8.555584730250104242e-02 7.823604429485216116e-02
6.927801688531270985e-02 6.447857326175103487e-02
4.115188102565518757e-02 3.945840371370550742e-02
1.891249249583387693e-02 1.855481012342890396e-02
8.393131260388765960e-03 8.322686608034651420e-03
5.772545707977953626e-03 5.739223424027258512e-03
4.704948530234390712e-03 4.682811989562236238e-03
1.321827524214905410e-02 1.304355244177184299e-02
1.283084021202000186e-02 1.266620975147361196e-02
2.361672792550635613e-02 2.305897808759896361e-02
1.055612854070196727e-02 1.044469669093414481e-02
6.524417710334851940e-03 6.481849683875920767e-03
5.038216434124009185e-03 5.012832809286931791e-03
2.355215008394125065e-02 2.299744631036475598e-02
2.863251070955528596e-02 2.781269004002248635e-02
2.471410134845567624e-02 2.410331454299393869e-02
2.303343086446254379e-02 2.250289192707456698e-02
3.481855221970723419e-02 3.360622064103075540e-02
3.158583445427329273e-02 3.058816951610053569e-02
4.409441470654078266e-02 4.215009729822838391e-02
3.091040819462818195e-02 2.995495485986964662e-02
1.060181550699934028e-01 9.477830586554823744e-02
1.399125504178940216e-01 1.203370286534542893e-01
1.840461864377222478e-01 1.501731876954534306e-01
2.135492482869786462e-02 2.089889201425852716e-02
2.443403506638935560e-02 2.383701299676381155e-02
6.584222769616700222e-02 6.150702874817309818e-02
2.986424221041169558e-01 2.094551258239034097e-01
4.344811034769478497e-01 2.457072741984015762e-01
5.201405046702410884e-01 2.495943600716279964e-01
5.207557202648177563e-01 2.495692000762886331e-01
1.000000000000000000e+00 0.000000000000000000e+00
1.000000000000000000e+00 0.000000000000000000e+00
1.000000000000000000e+00 0.000000000000000000e+00
1.000000000000000000e+00 0.000000000000000000e+00
1.000000000000000000e+00 0.000000000000000000e+00
9.197024915861233552e-02 8.351172242831510217e-02
3.660158661028647953e-02 3.526191046789617367e-02
2.188363726473012763e-02 2.140474368479584194e-02
6.243378761677201294e-02 5.853580978059581830e-02
8.673552023968346403e-02 7.921246976843492049e-02
9.816859312430412099e-02 8.853152044829895595e-02
1.002597130634227812e-01 9.020770299986291541e-02
7.354973035818879179e-02 6.814016752242652020e-02
1.616716523400369906e-02 1.590578800230012246e-02
1.449015807881818066e-02 1.428019339766904011e-02
1.007555925323034771e-02 9.974042358964992083e-03
1.006759110193572969e-02 9.966234711339954852e-03
4.347397958965454161e-03 4.328498089951836846e-03
1.680637623378412882e-02 1.652392195167262656e-02
1.783069806452333012e-02 1.751276427105513331e-02
2.921567897219307097e-02 2.836212307438682606e-02
2.017890198742626137e-02 1.977171390200810688e-02
1.307572453592062076e-02 1.290474996378134474e-02
1.715420183642671001e-02 1.685993519578184510e-02
3.516814728774273618e-02 3.393134870409036941e-02
3.219954494396574246e-02 3.116273424936727432e-02
2.733308979792231641e-02 2.658599200002103105e-02
3.254559422994836998e-02 3.148637852616792410e-02
1.109102001743253602e-01 9.860912767161643389e-02
1.014287613294225648e-01 9.114096770460160257e-02
1.652750332457834093e-01 1.379591966313885865e-01
1.670148217739895469e-01 1.391208710817920524e-01
2.596314163068220715e-01 1.922229439733357248e-01
2.823648608098413004e-01 2.026349461896802540e-01
2.355666499159616845e-01 1.800750033633324310e-01
1.413145836472403348e-02 1.393176024921010531e-02
4.596490899816596531e-02 4.385213613895628387e-02
1.925999055149011374e-01 1.555051819105522926e-01
2.968046227217743804e-01 2.087116386527595457e-01
3.764299128069515943e-01 2.347304335511024020e-01
4.591614047569219648e-01 2.483322091385720409e-01
3.384337041683901925e-01 2.238963320512527555e-01
3.171581764981146745e-01 2.165688675785054085e-01
1.000000000000000000e+00 0.000000000000000000e+00
1.000000000000000000e+00 0.000000000000000000e+00
1.000000000000000000e+00 0.000000000000000000e+00
1.000000000000000000e+00 0.000000000000000000e+00
1.000000000000000000e+00 0.000000000000000000e+00
7.081005694015711505e-02 6.579599277628882248e-02
7.826202030897255746e-02 7.213707648613051915e-02
1.511687043888429172e-01 1.283167272022415484e-01
1.257859320566542816e-01 1.099638313532930317e-01
9.157301256368359510e-02 8.318739593369503527e-02
9.492038661858724635e-02 8.591050682276517303e-02
3.665029795956625813e-02 3.530705361904127454e-02
4.317758833357563178e-03 4.299115792014526066e-03
7.600092028820125238e-03 7.542330629973589655e-03
8.363460041251873089e-03 8.293512577390256546e-03
1.406708565178650845e-02 1.386920275305181076e-02
1.248107431647348109e-02 1.232529710038014759e-02
1.448718686597695073e-02 1.427730828268721636e-02
1.219515176067947904e-02 1.204643003421347440e-02
2.325384481786503532e-02 2.271310351905168542e-02
1.002749637385657623e-02 9.926945690328869976e-03
6.457401623250063304e-03 6.415703587526111126e-03
6.397769115597802363e-03 6.356837665941305303e-03
2.595047587843595654e-02 2.527704868011866959e-02
8.819371762603991569e-03 8.741590444316974309e-03
6.358896394768023125e-03 6.318460831408629144e-03
6.548619065566214925e-02 6.119774948907241718e-02
8.191153713279504534e-02 7.520203721733778601e-02
7.613902007909373326e-02 7.034186970048909859e-02
1.281440079364393470e-01 1.117231211664251184e-01
2.368304618639959502e-01 1.807417941972823128e-01
2.667678223374130297e-01 1.956027513027674691e-01
1.963309436124182628e-01 1.577851041926757181e-01
1.767186507316290678e-01 1.454891692152215643e-01
4.069217725156040050e-02 3.903632396208799038e-02
1.583295480896691754e-01 1.332613022913903267e-01
2.855179745287407256e-01 2.039974607497460901e-01
3.510659274115155437e-01 2.278186420222080288e-01
3.610502844784626020e-01 2.306929765564838253e-01
2.810610852144942995e-01 2.020657515925450842e-01
1.721699574501952545e-01 1.425274632017932142e-01
1.337086556142036420e-01 1.158306510280459334e-01
1.080096686271861117e-01 9.634358011023155810e-02
1.000000000000000000e+00 0.000000000000000000e+00
1.000000000000000000e+00 0.000000000000000000e+00
1.000000000000000000e+00 0.000000000000000000e+00
1.000000000000000000e+00 0.000000000000000000e+00
1.000000000000000000e+00 0.000000000000000000e+00
1.659362278849368932e-01 1.384013961602551801e-01
1.454469636960665779e-01 1.242921444476616649e-01
1.559216741688115304e-01 1.316101056932064972e-01
5.521064900910494649e-02 5.216243324509836632e-02
2.631974676209833386e-02 2.562701769247734823e-02
5.049812767489475496e-03 5.024312158502775537e-03
1.633622677783492898e-03 1.630953954730124476e-03
1.033304819028762860e-03 1.032237100179734818e-03
4.415648374266684041e-04 4.413698579210167754e-04
2.322013124202066976e-03 2.316621379253100323e-03
2.911105255907020062e-04 2.910257802525922856e-04
2.394854845231481674e-03 2.389119515501753142e-03
2.929017300368165141e-03 2.920438158022309241e-03
1.161796097846884770e-02 1.148298396117162362e-02
9.741441488406417729e-03 9.646545806134372222e-03
5.374533679783756977e-03 5.345648067508626880e-03
9.615814148221520433e-03 9.523350266488383314e-03
2.317666666247500049e-02 2.263950878489151899e-02
8.837854418234042039e-03 8.759746747516143281e-03
1.099933930620228123e-01 9.789484654472616065e-02
9.486006965610384312e-02 8.586163684094297310e-02
1.771012204602390172e-01 1.457363781717328499e-01
1.862955356860460099e-01 1.515895090694951708e-01
2.349509610728555409e-01 1.797490069637970589e-01
2.796411335922918684e-01 2.014419699955098397e-01
2.892388975016600416e-01 2.055797576736842491e-01
2.067418111083134391e-01 1.639996346479678790e-01
1.452697345116222560e-01 1.241664387465450381e-01
1.468387742338574387e-01 1.252771486153556879e-01
2.366794321424381398e-01 1.806622785431711564e-01
2.939675921054891727e-01 2.075506468971899110e-01
3.754262507448633546e-01 2.344813809965183293e-01
2.937546179892421838e-01 2.074628423992365689e-01
1.415943402408315066e-01 1.215453830525951573e-01
9.220129994351231040e-02 8.370022023223878949e-02
8.471653973353415745e-02 7.753964762911068342e-02
2.394236946683396886e-02 2.336913241114758552e-02
9.197024915861233552e-02 8.351172242831510217e-02
1.000000000000000000e+00 0.000000000000000000e+00
1.000000000000000000e+00 0.000000000000000000e+00
1.000000000000000000e+00 0.000000000000000000e+00
1.000000000000000000e+00 0.000000000000000000e+00
1.000000000000000000e+00 0.000000000000000000e+00
2.917383251309507153e-01 2.066270747807384123e-01
1.992025986782776648e-01 1.595209233580986985e-01
1.204968467367713292e-01 1.059773566632663672e-01
5.695460841582666855e-02 5.371078099602651090e-02
7.874592870218367555e-03 7.812583657346673302e-03
6.383311282015582781e-03 6.342564619092475389e-03
1.220549269165462775e-02 1.205651863980859370e-02
5.421151999560284290e-03 5.391763110557948151e-03
6.873483286241060912e-03 6.826238513754826105e-03
1.501955419253706318e-03 1.499699549172280738e-03
7.456975423542017666e-03 7.401368941074707927e-03
1.610565735695661943e-02 1.584626515805692692e-02
3.717967812994287663e-02 3.579734966409672120e-02
4.136181341528468586e-02 3.965101380628386490e-02
2.583674550771284176e-02 2.516920808928252082e-02
8.700018976253829847e-03 8.624328646066653850e-03
1.540836156558312783e-02 1.517094395944738883e-02
7.107657455659599499e-02 6.602469510589664692e-02
1.104656937120597621e-01 9.826302422477316278e-02
1.453722477872761154e-01 1.242391573605509114e-01
3.270850760612321051e-01 2.201004290792500928e-01
2.083789262786583663e-01 1.649571493616118212e-01
2.506511922670809911e-01 1.878251720821718096e-01
2.023645292501612958e-01 1.614131265515219016e-01
1.715139576761362528e-01 1.420969199984047915e-01
6.968073714368858140e-02 6.482533201480075724e-02
4.642345334272125756e-02 4.426831632245743775e-02
2.171348955386549762e-01 1.699873326780723670e-01
2.642733227757292913e-01 1.944329336448044898e-01
3.022680458007527826e-01 2.109020742885467925e-01
2.490535011198983240e-01 1.870258546998191385e-01
1.427706998334637711e-01 1.223872271025267522e-01
9.559904765393423265e-02 8.645986974159504401e-02
1.200086852972331516e-02 1.185684768425561246e-02
9.237592464872995332e-03 9.152259350325916976e-03
9.773342830198112480e-03 9.677824600121526927e-03
3.660158661028647953e-02 3.526191046789617367e-02
7.081005694015711505e-02 6.579599277628882248e-02
1.000000000000000000e+00 0.000000000000000000e+00
1.000000000000000000e+00 0.000000000000000000e+00
1.000000000000000000e+00 0.000000000000000000e+00
1.000000000000000000e+00 0.000000000000000000e+00
1.000000000000000000e+00 0.000000000000000000e+00
2.937957247678378292e-01 2.074797968759787281e-01
8.513482097988514519e-02 7.788688323660805657e-02
7.206665959454319759e-02 6.687305616942743058e-02
2.607450190523408901e-02 2.539462225562803127e-02
5.494498444157877581e-03 5.464308931005024128e-03
3.899549452670217700e-03 3.884342966736396927e-03
1.821427470866443521e-03 1.818109872834816620e-03
2.384037326807755212e-03 2.378353692832142503e-03
1.773819446227147944e-03 1.770673010799334252e-03
5.885181546968202247e-03 5.850546185127427148e-03
1.018760761268164630e-02 1.008382026381167765e-02
1.398095896347427598e-02 1.378549174993592454e-02
1.375213512012557655e-02 1.356301389976338582e-02
1.236624602430942514e-02 1.221332198357567671e-02
1.122563099428003190e-02 1.109961620306029219e-02
1.422314963200718985e-01 1.220016977746252729e-01
1.248698082795921538e-01 1.092773392598100496e-01
2.274252362878158573e-01 1.757029981872469948e-01
3.439170069050463963e-01 2.256380992665206753e-01
3.849652360520361416e-01 2.367670030834362338e-01
3.031023932171225677e-01 2.112313324431753792e-01
2.442032763956116515e-01 1.845680361932601488e-01
2.076904626524715691e-01 1.645551343756738727e-01
1.497356375809567874e-01 1.273148764191811555e-01
6.808501390996296587e-02 6.344944479084312083e-02
8.060145567123776222e-02 7.410486101491525757e-02
1.901589504946716858e-01 1.539985240414366852e-01
2.684048195423645033e-01 1.963636723887952629e-01
2.389738781459471162e-01 1.818653637098331388e-01
1.306328949380865245e-01 1.135679416981813794e-01
1.001619168502434765e-01 9.012950726312839167e-02
7.352958701706205358e-02 6.812298685016235367e-02
6.600630132031797513e-03 6.557061813891911645e-03
6.472321743966310929e-03 6.430430795208891791e-03
3.417459181707382075e-03 3.405780154448746072e-03
2.188363726473012763e-02 2.140474368479584194e-02
7.826202030897255746e-02 7.213707648613051915e-02
1.659362278849368932e-01 1.384013961602551801e-01
1.000000000000000000e+00 0.000000000000000000e+00
1.000000000000000000e+00 0.000000000000000000e+00
1.000000000000000000e+00 0.000000000000000000e+00
1.000000000000000000e+00 0.000000000000000000e+00
1.000000000000000000e+00 0.000000000000000000e+00
4.621114361840490403e-01 2.485644567319646170e-01
2.061958854110582662e-01 1.636791422506079785e-01
4.802357068785167299e-02 4.571730734624058351e-02
2.406370742781955424e-02 2.348464541264785529e-02
8.988886854676726712e-02 8.180885985814925765e-02
2.548905803046936161e-02 2.483936595118872714e-02
6.510943353934820627e-03 6.468550970576672846e-03
2.109016132517731613e-03 2.104568183470511590e-03
9.321971837213241519e-03 9.235072678279445182e-03
2.311516003305061698e-02 2.258084940969707494e-02
3.004696391101935662e-02 2.914414387074925825e-02
4.467308768331730573e-02 4.267740292015594766e-02
3.996677123442280571e-02 3.836942843151811694e-02
7.892063745423265331e-02 7.269217043805022149e-02
1.366217846341195030e-01 1.179562725975077664e-01
1.429650638947383146e-01 1.225260544003117097e-01
3.716083806633899700e-01 2.335155920841230359e-01
3.137161300659908059e-01 2.152983198024091549e-01
3.308887843521936545e-01 2.214013967421211426e-01
2.463575816294394649e-01 1.856655236031335421e-01
1.509402482565474768e-01 1.281572897127992994e-01
4.732636101503600451e-02 4.508657656811048547e-02
5.109984050698724439e-02 4.848864680714771308e-02
8.958267742339424966e-02 8.155762132905033934e-02
1.122987810079518756e-01 9.968776479207994146e-02
1.940570535120322015e-01 1.563989134942604664e-01
1.592501184276832460e-01 1.338895182084521018e-01
1.375607735998695680e-01 1.186378071664749984e-01
1.017178337006247879e-01 9.137131600787683217e-02
1.919668510738357231e-02 1.882817238827153017e-02
2.956117895275156213e-02 2.868731565167496195e-02
1.383687564018318272e-02 1.364541651270128816e-02
1.409421580378903381e-02 1.389556888466525648e-02
1.136577639389458640e-02 1.123659552085857528e-02
6.243378761677201294e-02 5.853580978059581830e-02
1.511687043888429172e-01 1.283167272022415484e-01
1.454469636960665779e-01 1.242921444476616649e-01
2.917383251309507153e-01 2.066270747807384123e-01
1.000000000000000000e+00 0.000000000000000000e+00
1.000000000000000000e+00 0.000000000000000000e+00
1.000000000000000000e+00 0.000000000000000000e+00
1.000000000000000000e+00 0.000000000000000000e+00
1.000000000000000000e+00 0.000000000000000000e+00
9.641091363501179401e-02 8.711584936707408855e-02
4.499853215110347776e-02 4.297366425534958345e-02
2.469634493309658119e-02 2.408643548004209614e-02
1.709119267637406597e-02 1.679908380927312359e-02
6.335674057071149362e-03 6.295533291313704788e-03
4.670098782134357411e-03 4.648288959499464676e-03
2.796745115560697516e-03 2.788923332319284947e-03
6.287898030619443711e-03 6.248360368975976187e-03
1.047324557017146121e-02 1.036355669739834513e-02
1.054077526775817897e-02 1.042966732451279695e-02
1.021817147209131901e-02 1.011376044385825859e-02
1.031094694011081836e-01 9.247790672093011977e-02
1.294669240298069457e-01 1.127052396120671457e-01
2.267724722785392222e-01 1.753467180952183735e-01
2.332892322831177645e-01 1.788653663838712937e-01
2.835354721145416645e-01 2.031431081673256145e-01
3.043607388356024956e-01 2.117252794910486624e-01
3.099045857031956785e-01 2.138637334633263221e-01
1.936638551558467480e-01 1.561581663620219551e-01
1.181735213968416742e-01 1.042085402375118736e-01
8.110821048378877296e-02 7.452966867590618549e-02
7.426560777145364833e-02 6.875022727379025145e-02
9.530795539793386617e-02 8.622434903579931365e-02
1.044998572571055606e-01 9.357963709035012345e-02
9.480418691576193713e-02 8.581635305900320310e-02
7.599972305464980371e-02 7.022376515026633459e-02
5.961692855165398597e-02 5.606275038172096881e-02
8.186505998310775190e-02 7.516317193706992250e-02
1.556447162478021007e-02 1.532221884782162223e-02
2.932303482493027122e-02 2.846319445358619707e-02
1.422483163958688374e-02 1.402248580441229145e-02
1.808297657242901799e-02 1.775598253071000027e-02
6.128452333008690273e-02 5.752873053029093631e-02
8.673552023968346403e-02 7.921246976843492049e-02
1.257859320566542816e-01 1.099638313532930317e-01
1.559216741688115304e-01 1.316101056932064972e-01
1.992025986782776648e-01 1.595209233580986985e-01
2.937957247678378292e-01 2.074797968759787281e-01
1.000000000000000000e+00 0.000000000000000000e+00
1.000000000000000000e+00 0.000000000000000000e+00
1.000000000000000000e+00 0.000000000000000000e+00
1.000000000000000000e+00 0.000000000000000000e+00
1.000000000000000000e+00 0.000000000000000000e+00
4.294248243462048253e-02 4.109842563697279488e-02
9.170441163240275473e-02 8.329471251955758437e-02
1.360541679900874046e-01 1.175434313626124855e-01
2.614383222762767592e-02 2.546033226408133190e-02
9.496672594140206924e-03 9.406485803779913307e-03
6.073697420701982229e-03 6.036807620343740723e-03
2.062756281905107555e-02 2.020206647119717619e-02
2.536622729221946898e-02 2.472278180517892970e-02
1.886979557503203411e-02 1.851372638998853570e-02
3.208317755836662816e-02 3.105384727612494830e-02
1.527424518024400046e-01 1.294121952198192815e-01
2.054814918109274247e-01 1.632588483340831897e-01
3.384080004952537135e-01 2.238880256960580906e-01
3.405036727968027699e-01 2.245609216086906501e-01
3.331666908244619862e-01 2.221666469495393592e-01
3.065674223484561867e-01 2.125838379030794700e-01
3.058550293944557463e-01 2.123077303885723688e-01
1.404173654212627353e-01 1.207003289094143034e-01
9.786687757213907712e-02 8.828895184641902261e-02
1.173538359194902514e-01 1.035819131144716104e-01
1.162972890072312138e-01 1.027722295767997535e-01
1.107063614725709300e-01 9.845046300207539736e-02
1.065947644074457523e-01 9.523232060836689383e-02
4.071180954072548680e-02 3.905435810464517876e-02
4.309427851856555830e-02 4.123716167752985995e-02
3.274076521707124099e-02 3.166880751007185996e-02
5.705130991779668731e-02 5.379645795446019729e-02
1.495015155412505320e-02 1.472664452263374585e-02
2.268947232776016149e-02 2.217466017324796687e-02
1.348031734476329811e-02 1.329859838904777145e-02
1.434896243122868974e-02 1.414306970837587822e-02
8.529872387586415194e-02 7.802285158101324170e-02
9.816859312430412099e-02 8.853152044829895595e-02
9.157301256368359510e-02 8.318739593369503527e-02
5.521064900910494649e-02 5.216243324509836632e-02
1.204968467367713292e-01 1.059773566632663672e-01
8.513482097988514519e-02 7.788688323660805657e-02
4.621114361840490403e-01 2.485644567319646170e-01
1.000000000000000000e+00 0.000000000000000000e+00
1.000000000000000000e+00 0.000000000000000000e+00
1.000000000000000000e+00 0.000000000000000000e+00
1.000000000000000000e+00 0.000000000000000000e+00
1.000000000000000000e+00 0.000000000000000000e+00
1.657295464603494306e-01 1.382632638903963096e-01
1.421481966965691401e-01 1.219420868724826329e-01
1.780823319825526330e-01 1.463690150182085370e-01
5.944759608526880429e-02 5.591357940495153556e-02
1.638563125890851735e-02 1.611714234715559690e-02
2.995882791152741989e-02 2.906129654169490456e-02
3.963504349830473256e-02 3.806410682519222738e-02
1.223456266015211374e-01 1.073771742530023054e-01
1.374397271946825594e-01 1.185500485833337891e-01
2.670777016524547576e-01 1.957472029324971163e-01
2.918398204135513874e-01 2.066693396345374578e-01
4.251452658074228452e-01 2.443967687689586332e-01
3.054779606131549641e-01 2.121611761927827133e-01
3.359973339639785728e-01 2.231031255330772067e-01
1.927824500563601051e-01 1.556173770066271167e-01
1.020255954492617634e-01 9.161637332248534493e-02
6.194355735808226848e-02 5.810655305990824332e-02
8.276189264897551578e-02 7.591236177413496211e-02
1.009629184170239835e-01 9.076940752174134097e-02
9.625158981774646627e-02 8.698722127530275627e-02
9.337058508995185746e-02 8.465251892991192129e-02
6.790618810165205410e-02 6.329493771915510603e-02
1.717441754959042957e-02 1.687945693142274897e-02
1.604801833827033605e-02 1.579047944568487405e-02
1.431499717298660365e-02 1.411007802892398980e-02
2.963888064282824142e-02 2.876041739706842321e-02
2.878947744711168530e-02 2.796064343543393227e-02
3.641401606754155612e-02 3.508803550137438304e-02
3.896543762245070763e-02 3.744713229334160898e-02
5.640150288972654857e-02 5.322037336150671483e-02
8.555584730250104242e-02 7.823604429485216116e-02
1.002597130634227812e-01 9.020770299986291541e-02
9.492038661858724635e-02 8.591050682276517303e-02
2.631974676209833386e-02 2.562701769247734823e-02
5.695460841582666855e-02 5.371078099602651090e-02
7.206665959454319759e-02 6.687305616942743058e-02
2.061958854110582662e-01 1.636791422506079785e-01
9.641091363501179401e-02 8.711584936707408855e-02
1.000000000000000000e+00 0.000000000000000000e+00
1.000000000000000000e+00 0.000000000000000000e+00
1.000000000000000000e+00 0.000000000000000000e+00
1.000000000000000000e+00 0.000000000000000000e+00
1.000000000000000000e+00 0.000000000000000000e+00
3.965114367889810976e-01 2.392901172845189328e-01
2.821325738541113903e-01 2.025337846245657825e-01
3.267389383818329329e-01 2.199806045269457333e-01
1.530937235945424857e-01 1.296560353905003016e-01
9.917929709199574395e-02 8.934276412033338721e-02
1.005418679253010511e-01 9.043320071939237037e-02
2.023093076358823406e-01 1.613802516797722686e-01
2.145461178275963054e-01 1.685160811527034730e-01
3.618746019232431665e-01 2.309213744061374696e-01
4.364521379432630410e-01 2.459616692280179318e-01
3.968765978384061754e-01 2.393655639266181745e-01
2.669519562130189261e-01 1.956886092870613325e-01
2.940871385710254193e-01 2.075998934981319044e-01
2.112340195715101954e-01 1.666142085471730427e-01
1.045045075686065750e-01 9.358331546644962917e-02
1.000370254831096373e-01 9.002961901560130320e-02
9.342813891956021355e-02 8.469932177758757175e-02
9.855354243132614933e-02 8.884074170556294225e-02
9.084115371234455227e-02 8.258903850455473483e-02
5.277667920143758878e-02 4.999130133390613379e-02
5.043822429403213570e-02 4.789420982409704070e-02
9.717653498421314345e-03 9.623220708905933993e-03
9.780266750490927349e-03 9.684613132780168707e-03
1.130580071382214849e-02 1.117797958404148639e-02
2.644819523091067673e-02 2.574868819993831118e-02
2.151542490945730982e-02 2.105251140042281241e-02
2.241174351780217400e-02 2.190945727029442597e-02
2.320258439150993390e-02 2.266422446906479413e-02
5.118300678069390153e-02 4.856330659758134605e-02
6.927801688531270985e-02 6.447857326175103487e-02
7.354973035818879179e-02 6.814016752242652020e-02
3.665029795956625813e-02 3.530705361904127454e-02
5.049812767489475496e-03 5.024312158502775537e-03
7.874592870218367555e-03 7.812583657346673302e-03
2.607450190523408901e-02 2.539462225562803127e-02
4.802357068785167299e-02 4.571730734624058351e-02
4.499853215110347776e-02 4.297366425534958345e-02
4.294248243462048253e-02 4.109842563697279488e-02
1.000000000000000000e+00 0.000000000000000000e+00
1.000000000000000000e+00 0.000000000000000000e+00
1.000000000000000000e+00 0.000000000000000000e+00
1.000000000000000000e+00 0.000000000000000000e+00
1.000000000000000000e+00 0.000000000000000000e+00
5.046843988985736384e-01 2.499780564069590261e-01
4.256720152760672948e-01 2.444753506868788395e-01
3.209379838485049152e-01 2.179367943717617218e-01
2.948913358631177761e-01 2.079304358959836452e-01
2.184341569324950161e-01 1.707206760176851468e-01
2.718955492699307031e-01 1.979683595571333776e-01
2.848107311450462364e-01 2.036935785696704082e-01
4.199385858940485883e-01 2.435901699713553525e-01
3.590361934158793900e-01 2.301292052333146487e-01
4.070623431747839027e-01 2.413625919438383560e-01
2.138608030359631373e-01 1.681243599607761263e-01
1.698399925111341024e-01 1.409943694549520288e-01
7.478898395657360143e-02 6.919559183531698299e-02
7.893332843993099146e-02 7.270285810132497140e-02
4.770061027825867050e-02 4.542526205734035566e-02
7.816794118670938873e-02 7.205771415734052443e-02
6.483763709219171611e-02 6.063371790849295812e-02
5.537114676523240825e-02 5.230518287113550269e-02
3.304068387284254948e-02 3.194899708205743011e-02
2.154297891167047257e-02 2.107887897128179339e-02
5.638068602018110262e-03 5.606280784457047875e-03
6.226508203091511012e-03 6.187738798688345414e-03
9.943690462533863461e-03 9.844813482519176526e-03
1.545239337318706288e-02 1.521361691222734673e-02
1.900191010903680075e-02 1.864083752124488444e-02
2.095907905063782925e-02 2.051979605598694412e-02
2.114626770921677890e-02 2.069910307118691395e-02
3.678516282482821587e-02 3.543201462077909258e-02
4.115188102565518757e-02 3.945840371370550742e-02
1.616716523400369906e-02 1.590578800230012246e-02
4.317758833357563178e-03 4.299115792014526066e-03
1.633622677783492898e-03 1.630953954730124476e-03
6.383311282015582781e-03 6.342564619092475389e-03
5.494498444157877581e-03 5.464308931005024128e-03
2.406370742781955424e-02 2.348464541264785529e-02
2.469634493309658119e-02 2.408643548004209614e-02
9.170441163240275473e-02 8.329471251955758437e-02
1.657295464603494306e-01 1.382632638903963096e-01
1.000000000000000000e+00 0.000000000000000000e+00
1.000000000000000000e+00 0.000000000000000000e+00
1.000000000000000000e+00 0.000000000000000000e+00
1.000000000000000000e+00 0.000000000000000000e+00
1.000000000000000000e+00 0.000000000000000000e+00
5.683545612593083884e-01 2.453276539550474644e-01
3.562495534343472214e-01 2.293358091121754094e-01
3.774381067718279859e-01 2.349785823283261632e-01
2.803501937740241479e-01 2.017539626248912588e-01
3.172329248800977441e-01 2.165961962521160133e-01
3.270688623007929619e-01 2.200948216140579117e-01
3.508698850550344139e-01 2.277602088165013583e-01
3.222241158938568550e-01 2.183957350302791478e-01
2.796167960119379514e-01 2.014312433999562169e-01
1.799146880377860414e-01 1.475453930660521606e-01
6.957184604771196601e-02 6.473160428522542476e-02
5.721553869333791120e-02 5.394192082536906213e-02
2.527964993105894648e-02 2.464058923042205737e-02
4.006509253738331500e-02 3.845988089735422749e-02
5.520778047646568432e-02 5.215988145132805648e-02
3.048922879777198405e-02 2.955963572508909717e-02
3.215335009033544467e-02 3.111951216830376871e-02
1.021267175233173639e-02 1.010837308801086111e-02
8.620187514670940923e-03 8.545879881882852483e-03
1.026113493691594575e-02 1.015584404672234889e-02
2.014307178156229255e-02 1.973732844076512075e-02
1.211799595765117137e-02 1.197115013162152082e-02
1.732222137656627692e-02 1.702216202314750862e-02
2.191193123216246541e-02 2.143179850183944690e-02
1.585457249158391674e-02 1.560320502269302648e-02
1.526372431446185868e-02 1.503074303451396379e-02
3.684120274984407917e-02 3.548392852978896062e-02
1.891249249583387693e-02 1.855481012342890396e-02
1.449015807881818066e-02 1.428019339766904011e-02
7.600092028820125238e-03 7.542330629973589655e-03
1.033304819028762860e-03 1.032237100179734818e-03
1.220549269165462775e-02 1.205651863980859370e-02
3.899549452670217700e-03 3.884342966736396927e-03
8.988886854676726712e-02 8.180885985814925765e-02
1.709119267637406597e-02 1.679908380927312359e-02
1.360541679900874046e-01 1.175434313626124855e-01
1.421481966965691401e-01 1.219420868724826329e-01
3.965114367889810976e-01 2.392901172845189328e-01
1.000000000000000000e+00 0.000000000000000000e+00
1.000000000000000000e+00 0.000000000000000000e+00
1.000000000000000000e+00 0.000000000000000000e+00
1.000000000000000000e+00 0.000000000000000000e+00
1.000000000000000000e+00 0.000000000000000000e+00
4.590536082441347143e-01 2.483233930021752078e-01
3.809799252271081627e-01 2.358342218010552327e-01
3.525090508300863790e-01 2.282464199129579652e-01
3.368940593851209586e-01 2.233964521361355704e-01
2.478833225653350458e-01 1.864371809593051155e-01
2.468507915491285343e-01 1.859154782606972367e-01
2.148522439245953430e-01 1.686907572051615234e-01
9.655024628337738335e-02 8.722829622599655164e-02
5.496226333710108741e-02 5.194141294596424374e-02
9.676517392784458535e-03 9.582882403931599138e-03
1.395467118323571142e-02 1.375993833540348210e-02
2.314754178793017661e-02 2.261173309710620347e-02
2.057875265562032763e-02 2.015526759475912838e-02
2.991674991101409345e-02 2.902173798577593195e-02
3.763313082552212363e-03 3.749150557194903637e-03
2.240422239887901804e-03 2.235402748074917598e-03
2.886923004448313686e-03 2.878588680014700866e-03
9.225389164023796787e-03 9.140281358796109243e-03
8.767327126287843136e-03 8.690461101348500791e-03
9.127674913828032893e-03 9.044360464495507582e-03
1.009482480588481772e-02 9.992919318023310224e-03
1.138371758231074803e-02 1.125412855631693736e-02
1.976617215598104604e-02 1.937547059428116475e-02
7.378080498074752851e-03 7.323644426238682184e-03
6.798516285117869526e-03 6.752296461438856388e-03
1.863842125011237749e-02 1.829103050341573597e-02
8.393131260388765960e-03 8.322686608034651420e-03
1.007555925323034771e-02 9.974042358964992083e-03
8.363460041251873089e-03 8.293512577390256546e-03
4.415648374266684041e-04 4.413698579210167754e-04
5.421151999560284290e-03 5.391763110557948151e-03
1.821427470866443521e-03 1.818109872834816620e-03
2.548905803046936161e-02 2.483936595118872714e-02
6.335674057071149362e-03 6.295533291313704788e-03
2.614383222762767592e-02 2.546033226408133190e-02
1.780823319825526330e-01 1.463690150182085370e-01
2.821325738541113903e-01 2.025337846245657825e-01
5.046843988985736384e-01 2.499780564069590261e-01
1.000000000000000000e+00 0.000000000000000000e+00
1.000000000000000000e+00 0.000000000000000000e+00
1.000000000000000000e+00 0.000000000000000000e+00
1.000000000000000000e+00 0.000000000000000000e+00
1.000000000000000000e+00 0.000000000000000000e+00
5.365172802421223075e-01 2.486664882437182866e-01
4.105225167596460722e-01 2.419937799929721689e-01
3.533364345444245935e-01 2.284897985678581434e-01
2.805553297141415992e-01 2.018440366831308896e-01
2.731736526183410341e-01 1.985498081334949871e-01
2.407045738686021119e-01 1.827658819873367868e-01
1.361670779199049830e-01 1.176256048106595065e-01
5.991913407938621178e-02 5.632883145056274965e-02
1.776767902186320025e-02 1.745198860403924385e-02
1.153269323010451194e-02 1.139969021696481295e-02
7.649345266511770221e-03 7.590832783505464115e-03
4.216399020468220883e-03 4.198620999768415754e-03
4.645853007837898001e-03 4.624269057667461380e-03
7.001582614564372167e-04 6.996680398653515494e-04
1.141497322947733440e-03 1.140194306809436554e-03
2.002140255280349720e-03 1.998131689678535848e-03
4.758457880171386087e-03 4.735814958774020762e-03
9.955800810213018964e-03 9.856682840440380775e-03
1.045907143445241709e-02 1.034967925918143898e-02
8.233131256966182143e-03 8.165346806671748905e-03
1.307776176866909910e-02 1.290673391579103685e-02
1.163695707019216617e-02 1.150153830033867099e-02
8.219687284508166852e-03 8.152124025453061709e-03
4.864396498174649967e-03 4.840734144883195901e-03
1.134223305896104629e-02 1.121358680819725673e-02
5.772545707977953626e-03 5.739223424027258512e-03
1.006759110193572969e-02 9.966234711339954852e-03
1.406708565178650845e-02 1.386920275305181076e-02
2.322013124202066976e-03 2.316621379253100323e-03
6.873483286241060912e-03 6.826238513754826105e-03
2.384037326807755212e-03 2.378353692832142503e-03
6.510943353934820627e-03 6.468550970576672846e-03
4.670098782134357411e-03 4.648288959499464676e-03
9.496672594140206924e-03 9.406485803779913307e-03
5.944759608526880429e-02 5.591357940495153556e-02
3.267389383818329329e-01 2.199806045269457333e-01
4.256720152760672948e-01 2.444753506868788395e-01
5.683545612593083884e-01 2.453276539550474644e-01
1.000000000000000000e+00 0.000000000000000000e+00
1.000000000000000000e+00 0.000000000000000000e+00
1.000000000000000000e+00 0.000000000000000000e+00
1.000000000000000000e+00 0.000000000000000000e+00
1.000000000000000000e+00 0.000000000000000000e+00
4.455878376899154447e-01 2.470393165927410040e-01
2.848929353364506589e-01 2.037289507318316151e-01
2.492198758550936422e-01 1.871093293338653707e-01
2.614538662184637818e-01 1.930957420578814365e-01
2.330829244932110522e-01 1.787552748029031247e-01
1.933825257629433192e-01 1.559857244924878761e-01
6.983135460144911100e-02 6.495493651597578078e-02
1.055106076442684226e-01 9.437811931880567273e-02
3.000017583878341818e-02 2.910016528842549258e-02
3.330361267903323569e-02 3.219448206155817171e-02
5.717677685122098813e-03 5.684985847011155696e-03
5.410481039635080779e-03 5.381207734554829987e-03
4.683327338403100830e-03 4.661393783444467073e-03
1.878072416386185675e-02 1.842800856374279123e-02
1.119421420671936999e-02 1.106890377501345245e-02
1.983120346419930263e-02 1.943792683336083293e-02
6.739420325810971391e-03 6.694000539483017584e-03
6.672086215620725083e-03 6.627569481152048581e-03
6.963170265619093857e-03 6.914684525471091921e-03
1.009042155556751433e-02 9.988604948398453406e-03
9.380252624801790548e-03 9.292263485496689984e-03
5.302903144744578606e-03 5.274782362982036350e-03
4.138780083576024463e-03 4.121650582995819295e-03
8.681567552691003484e-03 8.606197937519067045e-03
4.704948530234390712e-03 4.682811989562236238e-03
4.347397958965454161e-03 4.328498089951836846e-03
1.248107431647348109e-02 1.232529710038014759e-02
2.911105255907020062e-04 2.910257802525922856e-04
1.501955419253706318e-03 1.499699549172280738e-03
1.773819446227147944e-03 1.770673010799334252e-03
2.109016132517731613e-03 2.104568183470511590e-03
2.796745115560697516e-03 2.788923332319284947e-03
6.073697420701982229e-03 6.036807620343740723e-03
1.638563125890851735e-02 1.611714234715559690e-02
1.530937235945424857e-01 1.296560353905003016e-01
3.209379838485049152e-01 2.179367943717617218e-01
3.562495534343472214e-01 2.293358091121754094e-01
4.590536082441347143e-01 2.483233930021752078e-01
1.000000000000000000e+00 0.000000000000000000e+00
1.000000000000000000e+00 0.000000000000000000e+00
1.000000000000000000e+00 0.000000000000000000e+00
1.000000000000000000e+00 0.000000000000000000e+00
1.000000000000000000e+00 0.000000000000000000e+00
3.647488553126688182e-01 2.317071278607666096e-01
2.383862793912503997e-01 1.815582611892471165e-01
2.286953803986244149e-01 1.763938033829529073e-01
1.947266071445958591e-01 1.568081556145500821e-01
1.087745829548486115e-01 9.694267305784737276e-02
3.928463741268203857e-02 3.774135467603614152e-02
5.385078932223027331e-02 5.095088181160304514e-02
1.199567349053982240e-02 1.185177730804818329e-02
1.332029947748460813e-02 1.314286909931473152e-02
3.111661736780560981e-03 3.101979298016416600e-03
2.720713956756826146e-03 2.713311672322334892e-03
1.472783539614544749e-03 1.470614448259985199e-03
5.249369861761131462e-03 5.221813977815565125e-03
5.909105095334322467e-03 5.874187572306616492e-03
1.383273528335609778e-02 1.364139071793669250e-02
1.111112857092912999e-02 1.098767139280941267e-02
1.395284741561713011e-02 1.375816546461363678e-02
9.560793801067505454e-03 9.469385022960975437e-03
1.454235679662494243e-02 1.433087665542459935e-02
9.015586238855177736e-03 8.934305443624942361e-03
7.546398787224364857e-03 7.489450652568543400e-03
9.732862700172605769e-03 9.638134083832194249e-03
1.672575855801397213e-02 1.644600755867299535e-02
1.321827524214905410e-02 1.304355244177184299e-02
1.680637623378412882e-02 1.652392195167262656e-02
1.448718686597695073e-02 1.427730828268721636e-02
2.394854845231481674e-03 2.389119515501753142e-03
7.456975423542017666e-03 7.401368941074707927e-03
5.885181546968202247e-03 5.850546185127427148e-03
9.321971837213241519e-03 9.235072678279445182e-03
6.287898030619443711e-03 6.248360368975976187e-03
2.062756281905107555e-02 2.020206647119717619e-02
2.995882791152741989e-02 2.906129654169490456e-02
9.917929709199574395e-02 8.934276412033338721e-02
2.948913358631177761e-01 2.079304358959836452e-01
3.774381067718279859e-01 2.349785823283261632e-01
3.809799252271081627e-01 2.358342218010552327e-01
5.365172802421223075e-01 2.486664882437182866e-01
1.000000000000000000e+00 0.000000000000000000e+00
1.000000000000000000e+00 0.000000000000000000e+00
1.000000000000000000e+00 0.000000000000000000e+00
1.000000000000000000e+00 0.000000000000000000e+00
1.000000000000000000e+00 0.000000000000000000e+00
5.247557505764309793e-01 2.493871528133975168e-01
3.296721304507401751e-01 2.209884168548103267e-01
2.094173387350378168e-01 1.655617169721722570e-01
1.085039864873191540e-01 9.673087140367880865e-02
2.708751959446340646e-02 2.635378587668296690e-02
3.878575123495087151e-02 3.728141673609138007e-02
2.066878531872413244e-02 2.024158663217262566e-02
2.237994645926433268e-02 2.187908445574479610e-02
1.124993865638405227e-02 1.112337753661164774e-02
5.624790501074872738e-03 5.593152232893890477e-03
2.212275954398173865e-03 2.207381789499765490e-03
1.844608366797243285e-02 1.810582566528659218e-02
1.037660886544840289e-02 1.026893485390190097e-02
2.579239064079992885e-02 2.512714322583230533e-02
2.190767049043189363e-02 2.142772446411455450e-02
3.571037474261685996e-02 3.443514387835873436e-02
2.905041000014994476e-02 2.820648367897313213e-02
3.189871769992788653e-02 3.088118950902819446e-02
9.923006983301842568e-03 9.824540915711185360e-03
9.648887084916164467e-03 9.555786062938703002e-03
1.103305062258628372e-02 1.091132241654573128e-02
1.717586397918763330e-02 1.688085367575607731e-02
1.283084021202000186e-02 1.266620975147361196e-02
1.783069806452333012e-02 1.751276427105513331e-02
1.219515176067947904e-02 1.204643003421347440e-02
2.929017300368165141e-03 2.920438158022309241e-03
1.610565735695661943e-02 1.584626515805692692e-02
1.018760761268164630e-02 1.008382026381167765e-02
2.311516003305061698e-02 2.258084940969707494e-02
1.047324557017146121e-02 1.036355669739834513e-02
2.536622729221946898e-02 2.472278180517892970e-02
3.963504349830473256e-02 3.806410682519222738e-02
1.005418679253010511e-01 9.043320071939237037e-02
2.184341569324950161e-01 1.707206760176851468e-01
2.803501937740241479e-01 2.017539626248912588e-01
3.525090508300863790e-01 2.282464199129579652e-01
4.105225167596460722e-01 2.419937799929721689e-01
4.455878376899154447e-01 2.470393165927410040e-01
1.000000000000000000e+00 0.000000000000000000e+00
1.000000000000000000e+00 0.000000000000000000e+00
1.000000000000000000e+00 0.000000000000000000e+00
1.000000000000000000e+00 0.000000000000000000e+00
1.000000000000000000e+00 0.000000000000000000e+00
3.511621435641570921e-01 2.278472924915834197e-01
2.121656318989699475e-01 1.671513765398807416e-01
1.020082194965514083e-01 9.160254265169479049e-02
4.445374966124768928e-02 4.247761380230281186e-02
5.802854649277294080e-02 5.466123428470903017e-02
3.470207144187086035e-02 3.349783767951414887e-02
5.094010883836455617e-02 4.834521414990013144e-02
2.379488109926455527e-02 2.322868473273641612e-02
1.146118236329365589e-02 1.132982366212898287e-02
4.229151030363595409e-02 4.050293845987340546e-02
2.764917168293185359e-02 2.688469498817961170e-02
4.896607715988877951e-02 4.656840044746059920e-02
3.406195609218902465e-02 3.290173923936281358e-02
2.753793281323266978e-02 2.677959506960655295e-02
4.201183300398238230e-02 4.024683889162787576e-02
4.112428333487812976e-02 3.943307665507079368e-02
4.927058465961808853e-02 4.684299414691749791e-02
1.195116233308488388e-02 1.180833205197313711e-02
1.794888266637271676e-02 1.762672027740150305e-02
1.922800767633290470e-02 1.885829139713178851e-02
2.475236237950999285e-02 2.413968293614341190e-02
2.361672792550635613e-02 2.305897808759896361e-02
2.921567897219307097e-02 2.836212307438682606e-02
2.325384481786503532e-02 2.271310351905168542e-02
1.161796097846884770e-02 1.148298396117162362e-02
3.717967812994287663e-02 3.579734966409672120e-02
1.398095896347427598e-02 1.378549174993592454e-02
3.004696391101935662e-02 2.914414387074925825e-02
1.054077526775817897e-02 1.042966732451279695e-02
1.886979557503203411e-02 1.851372638998853570e-02
1.223456266015211374e-01 1.073771742530023054e-01
2.023093076358823406e-01 1.613802516797722686e-01
2.718955492699307031e-01 1.979683595571333776e-01
3.172329248800977441e-01 2.165961962521160133e-01
3.368940593851209586e-01 2.233964521361355704e-01
3.533364345444245935e-01 2.284897985678581434e-01
2.848929353364506589e-01 2.037289507318316151e-01
3.647488553126688182e-01 2.317071278607666096e-01
1.000000000000000000e+00 0.000000000000000000e+00
1.000000000000000000e+00 0.000000000000000000e+00
1.000000000000000000e+00 0.000000000000000000e+00
1.000000000000000000e+00 0.000000000000000000e+00
1.000000000000000000e+00 0.000000000000000000e+00
2.968502736228719185e-01 2.087301886728979983e-01
9.743779213376359272e-02 8.794366879786107150e-02
5.100872211166404546e-02 4.840683238019907741e-02
5.260109414688240309e-02 4.983421904143321701e-02
3.229111429711137987e-02 3.124839823456226906e-02
7.292326426855276489e-02 6.760546179697157765e-02
4.967796000762568498e-02 4.721006029710642787e-02
3.188507457307168669e-02 3.086841659254134507e-02
2.208147480808896751e-02 2.159388327838869873e-02
1.601700982480367547e-02 1.576046522107581865e-02
7.726894914406860770e-02 7.129845864223995078e-02
7.711781308193579876e-02 7.117065598739541477e-02
1.622570603643367151e-02 1.596243250005291089e-02
3.979284884525395583e-02 3.820937802603272676e-02
4.388429106319126360e-02 4.195846006107237236e-02
4.738861981920534233e-02 4.514293853083616026e-02
2.434801228488014946e-02 2.375518658265547353e-02
7.600754831253068479e-03 7.542983357248251447e-03
7.047555646334483816e-03 6.997887605746302454e-03
1.339223279244551069e-02 1.321288089327845791e-02
1.055612854070196727e-02 1.044469669093414481e-02
2.017890198742626137e-02 1.977171390200810688e-02
1.002749637385657623e-02 9.926945690328869976e-03
9.741441488406417729e-03 9.646545806134372222e-03
4.136181341528468586e-02 3.965101380628386490e-02
1.375213512012557655e-02 1.356301389976338582e-02
4.467308768331730573e-02 4.267740292015594766e-02
1.021817147209131901e-02 1.011376044385825859e-02
3.208317755836662816e-02 3.105384727612494830e-02
1.374397271946825594e-01 1.185500485833337891e-01
2.145461178275963054e-01 1.685160811527034730e-01
2.848107311450462364e-01 2.036935785696704082e-01
3.270688623007929619e-01 2.200948216140579117e-01
2.478833225653350458e-01 1.864371809593051155e-01
2.805553297141415992e-01 2.018440366831308896e-01
2.492198758550936422e-01 1.871093293338653707e-01
2.383862793912503997e-01 1.815582611892471165e-01
5.247557505764309793e-01 2.493871528133975168e-01
1.000000000000000000e+00 0.000000000000000000e+00
1.000000000000000000e+00 0.000000000000000000e+00
1.000000000000000000e+00 0.000000000000000000e+00
1.000000000000000000e+00 0.000000000000000000e+00
1.000000000000000000e+00 0.000000000000000000e+00
9.666227484675145309e-02 8.731867946820252857e-02
3.663243904928641798e-02 3.529050345858673193e-02
4.336995292361237736e-02 4.148900010701602609e-02
1.863442233967410253e-02 1.828718064374075872e-02
5.132373564396054688e-02 4.868960980350939965e-02
7.813193941838279810e-02 7.202733946110495555e-02
5.481123808474196862e-02 5.180696626435969676e-02
1.053402127779629223e-02 1.042305567351522674e-02
6.910536092231447415e-03 6.862780583149413922e-03
7.579638720067174984e-02 7.005129488799759219e-02
1.023952241582359590e-01 9.191044222782057682e-02
5.955399730096805171e-03 5.919932944151567837e-03
1.726492666535661344e-02 1.696684897259647176e-02
2.271262622531134909e-02 2.219676283526064720e-02
4.876236882909969206e-02 4.638460021527453930e-02
1.214702118867093915e-02 1.199947106491291819e-02
1.707473837088288246e-02 1.678319168044878351e-02
2.298934860781133745e-03 2.293649759287019144e-03
7.910444338974328624e-03 7.847869209334317614e-03
6.524417710334851940e-03 6.481849683875920767e-03
1.307572453592062076e-02 1.290474996378134474e-02
6.457401623250063304e-03 6.415703587526111126e-03
5.374533679783756977e-03 5.345648067508626880e-03
2.583674550771284176e-02 2.516920808928252082e-02
1.236624602430942514e-02 1.221332198357567671e-02
3.996677123442280571e-02 3.836942843151811694e-02
1.031094694011081836e-01 9.247790672093011977e-02
1.527424518024400046e-01 1.294121952198192815e-01
2.670777016524547576e-01 1.957472029324971163e-01
3.618746019232431665e-01 2.309213744061374696e-01
4.199385858940485883e-01 2.435901699713553525e-01
3.508698850550344139e-01 2.277602088165013583e-01
2.468507915491285343e-01 1.859154782606972367e-01
2.731736526183410341e-01 1.985498081334949871e-01
2.614538662184637818e-01 1.930957420578814365e-01
2.286953803986244149e-01 1.763938033829529073e-01
3.296721304507401751e-01 2.209884168548103267e-01
3.511621435641570921e-01 2.278472924915834197e-01
1.000000000000000000e+00 0.000000000000000000e+00
1.000000000000000000e+00 0.000000000000000000e+00
1.000000000000000000e+00 0.000000000000000000e+00
1.000000000000000000e+00 0.000000000000000000e+00
1.000000000000000000e+00 0.000000000000000000e+00
5.204218600166563707e-02 4.933379687783367301e-02
4.521749299544195605e-02 4.317287132264911731e-02
1.058330452527427995e-01 9.463241178527369291e-02
1.048734729649734021e-01 9.387502763323839206e-02
8.246694727537529079e-02 7.566614988245576323e-02
7.830665180561102723e-02 7.217472008860582877e-02
1.133902981061571530e-01 1.005329384015539729e-01
6.679421591798172242e-02 6.233274863788376002e-02
9.910398355805059845e-02 8.928238400097623928e-02
1.133806500302455000e-01 1.005254782289644877e-01
8.434689270536095684e-03 8.363545287445598581e-03
1.476519435740780706e-02 1.454718339299578000e-02
4.124149407477304546e-02 3.954063324125350193e-02
6.215148279605588189e-02 5.828867598230744879e-02
4.905660005863914791e-02 4.665005004932587518e-02
4.636161491730232675e-02 4.421221557956209885e-02
1.953556711765278009e-02 1.915392873504446342e-02
4.380936775815943811e-03 4.361744168782247591e-03
5.038216434124009185e-03 5.012832809286931791e-03
1.715420183642671001e-02 1.685993519578184510e-02
6.397769115597802363e-03 6.356837665941305303e-03
9.615814148221520433e-03 9.523350266488383314e-03
8.700018976253829847e-03 8.624328646066653850e-03
1.122563099428003190e-02 1.109961620306029219e-02
7.892063745423265331e-02 7.269217043805022149e-02
1.294669240298069457e-01 1.127052396120671457e-01
2.054814918109274247e-01 1.632588483340831897e-01
2.918398204135513874e-01 2.066693396345374578e-01
4.364521379432630410e-01 2.459616692280179318e-01
3.590361934158793900e-01 2.301292052333146487e-01
3.222241158938568550e-01 2.183957350302791478e-01
2.148522439245953430e-01 1.686907572051615234e-01
2.407045738686021119e-01 1.827658819873367868e-01
2.330829244932110522e-01 1.787552748029031247e-01
1.947266071445958591e-01 1.568081556145500821e-01
2.094173387350378168e-01 1.655617169721722570e-01
2.121656318989699475e-01 1.671513765398807416e-01
2.968502736228719185e-01 2.087301886728979983e-01
1.000000000000000000e+00 0.000000000000000000e+00
1.000000000000000000e+00 0.000000000000000000e+00
1.000000000000000000e+00 0.000000000000000000e+00
1.000000000000000000e+00 0.000000000000000000e+00
1.000000000000000000e+00 0.000000000000000000e+00
2.221392751121622211e-01 1.727934175648053183e-01
1.967322915274562212e-01 1.580286969978121903e-01
1.496795751340898040e-01 1.272755999217681788e-01
9.139077648489120353e-02 8.303850245837986199e-02
1.914348678313653254e-02 1.877701369692040892e-02
1.003308368558142732e-01 9.026456003162625086e-02
1.324948357726242198e-01 1.149399542662095652e-01
1.521477654754788966e-01 1.289988229362975802e-01
1.372179147493543250e-01 1.183891586211932578e-01
3.127937222120375817e-03 3.118153230854849804e-03
5.590255283711426451e-03 5.559004329574362795e-03
8.847498268353706091e-03 8.769220042745183574e-03
5.437747700935403883e-02 5.142056700345121190e-02
2.210063481930927762e-02 2.161219675989281205e-02
5.489160990031284604e-02 5.187852106286472420e-02
1.642334957064913933e-02 1.615362315952939901e-02
2.066310104571550399e-02 2.023613730089005372e-02
2.355215008394125065e-02 2.299744631036475598e-02
3.516814728774273618e-02 3.393134870409036941e-02
2.595047587843595654e-02 2.527704868011866959e-02
2.317666666247500049e-02 2.263950878489151899e-02
1.540836156558312783e-02 1.517094395944738883e-02
1.422314963200718985e-01 1.220016977746252729e-01
1.366217846341195030e-01 1.179562725975077664e-01
2.267724722785392222e-01 1.753467180952183735e-01
3.384080004952537135e-01 2.238880256960580906e-01
4.251452658074228452e-01 2.443967687689586332e-01
3.968765978384061754e-01 2.393655639266181745e-01
4.070623431747839027e-01 2.413625919438383560e-01
2.796167960119379514e-01 2.014312433999562169e-01
9.655024628337738335e-02 8.722829622599655164e-02
1.361670779199049830e-01 1.176256048106595065e-01
1.933825257629433192e-01 1.559857244924878761e-01
1.087745829548486115e-01 9.694267305784737276e-02
1.085039864873191540e-01 9.673087140367880865e-02
1.020082194965514083e-01 9.160254265169479049e-02
9.743779213376359272e-02 8.794366879786107150e-02
9.666227484675145309e-02 8.731867946820252857e-02
1.000000000000000000e+00 0.000000000000000000e+00
1.000000000000000000e+00 0.000000000000000000e+00
1.000000000000000000e+00 0.000000000000000000e+00
1.000000000000000000e+00 0.000000000000000000e+00
1.000000000000000000e+00 0.000000000000000000e+00
1.793108606738205435e-01 1.471584759182342772e-01
1.455541681280120014e-01 1.243681522685744223e-01
1.407845967709179247e-01 1.209642940829679658e-01
9.624740366205275510e-02 8.698384095036662544e-02
1.395437104292746588e-01 1.200712633089053988e-01
1.406444941417796801e-01 1.208636204093825883e-01
2.149646885314148992e-01 1.687548712160066855e-01
1.469154043030489465e-01 1.253312682815206081e-01
3.157234964917971995e-03 3.147266832294271389e-03
2.999772181516338794e-03 2.990773548375339451e-03
7.237791352306724088e-03 7.185405728647197877e-03
1.989908849537124283e-02 1.950311477242462621e-02
3.076402168071463647e-02 2.981759665074315557e-02
5.097628631000480914e-02 4.837770454404522608e-02
4.129266261417555844e-02 3.958757862840742853e-02
3.541876254691030818e-02 3.416427380655589346e-02
2.863251070955528596e-02 2.781269004002248635e-02
3.219954494396574246e-02 3.116273424936727432e-02
8.819371762603991569e-03 8.741590444316974309e-03
8.837854418234042039e-03 8.759746747516143281e-03
7.107657455659599499e-02 6.602469510589664692e-02
1.248698082795921538e-01 1.092773392598100496e-01
1.429650638947383146e-01 1.225260544003117097e-01
2.332892322831177645e-01 1.788653663838712937e-01
3.405036727968027699e-01 2.245609216086906501e-01
3.054779606131549641e-01 2.121611761927827133e-01
2.669519562130189261e-01 1.956886092870613325e-01
2.138608030359631373e-01 1.681243599607761263e-01
1.799146880377860414e-01 1.475453930660521606e-01
5.496226333710108741e-02 5.194141294596424374e-02
5.991913407938621178e-02 5.632883145056274965e-02
6.983135460144911100e-02 6.495493651597578078e-02
3.928463741268203857e-02 3.774135467603614152e-02
2.708751959446340646e-02 2.635378587668296690e-02
4.445374966124768928e-02 4.247761380230281186e-02
5.100872211166404546e-02 4.840683238019907741e-02
3.663243904928641798e-02 3.529050345858673193e-02
5.204218600166563707e-02 4.933379687783367301e-02
1.000000000000000000e+00 0.000000000000000000e+00
1.000000000000000000e+00 0.000000000000000000e+00
1.000000000000000000e+00 0.000000000000000000e+00
1.000000000000000000e+00 0.000000000000000000e+00
1.000000000000000000e+00 0.000000000000000000e+00
1.112691813067792079e-01 9.888835059809830685e-02
7.136287239262208149e-02 6.627021283649642269e-02
7.060454103731479691e-02 6.561953982222493154e-02
1.239362850921572889e-01 1.085760823297128030e-01
1.158489632733132463e-01 1.024279809818117726e-01
2.949528249786486644e-01 2.079556560157633238e-01
2.326812647688441260e-01 1.785406937944151728e-01
8.400411105203217654e-03 8.329844198466796260e-03
8.461280408192967117e-03 8.389687142046896653e-03
1.139955340318295901e-02 1.126960358539093841e-02
3.037089552137656190e-02 2.944850422660619249e-02
4.046944753485798990e-02 3.883167135108136353e-02
6.132847613640615009e-02 5.756729415119241078e-02
4.314445970954019355e-02 4.128301530591205887e-02
3.900695446108273789e-02 3.748541196475375231e-02
2.471410134845567624e-02 2.410331454299393869e-02
2.733308979792231641e-02 2.658599200002103105e-02
6.358896394768023125e-03 6.318460831408629144e-03
1.099933930620228123e-01 9.789484654472616065e-02
1.104656937120597621e-01 9.826302422477316278e-02
2.274252362878158573e-01 1.757029981872469948e-01
3.716083806633899700e-01 2.335155920841230359e-01
2.835354721145416645e-01 2.031431081673256145e-01
3.331666908244619862e-01 2.221666469495393592e-01
3.359973339639785728e-01 2.231031255330772067e-01
2.940871385710254193e-01 2.075998934981319044e-01
1.698399925111341024e-01 1.409943694549520288e-01
6.957184604771196601e-02 6.473160428522542476e-02
9.676517392784458535e-03 9.582882403931599138e-03
1.776767902186320025e-02 1.745198860403924385e-02
1.055106076442684226e-01 9.437811931880567273e-02
5.385078932223027331e-02 5.095088181160304514e-02
3.878575123495087151e-02 3.728141673609138007e-02
5.802854649277294080e-02 5.466123428470903017e-02
5.260109414688240309e-02 4.983421904143321701e-02
4.336995292361237736e-02 4.148900010701602609e-02
4.521749299544195605e-02 4.317287132264911731e-02
2.221392751121622211e-01 1.727934175648053183e-01
1.000000000000000000e+00 0.000000000000000000e+00
1.000000000000000000e+00 0.000000000000000000e+00
1.000000000000000000e+00 0.000000000000000000e+00
1.000000000000000000e+00 0.000000000000000000e+00
1.000000000000000000e+00 0.000000000000000000e+00
1.350902094463262426e-01 1.168408447580739501e-01
1.142000217782555838e-01 1.011583768041015297e-01
2.224468881965003253e-01 1.729642701281940143e-01
3.470077599471083074e-01 2.265933744835983699e-01
3.055079994342950189e-01 2.121728617159498176e-01
2.516888957044087771e-01 1.883415954835040151e-01
1.430281865923922063e-02 1.409824803764013826e-02
1.117703794537091427e-02 1.105211176813865326e-02
1.068539904000090530e-02 1.057122128735685229e-02
2.198580567464202690e-02 2.150243002347890578e-02
1.884253076137780772e-02 1.848748979588434038e-02
5.053526546237788186e-02 4.798145240702487990e-02
4.117176878790815980e-02 3.947665424278318930e-02
4.156107586343278648e-02 3.983375283650677362e-02
2.303343086446254379e-02 2.250289192707456698e-02
3.254559422994836998e-02 3.148637852616792410e-02
6.548619065566214925e-02 6.119774948907241718e-02
9.486006965610384312e-02 8.586163684094297310e-02
1.453722477872761154e-01 1.242391573605509114e-01
3.439170069050463963e-01 2.256380992665206753e-01
3.137161300659908059e-01 2.152983198024091549e-01
3.043607388356024956e-01 2.117252794910486624e-01
3.065674223484561867e-01 2.125838379030794700e-01
1.927824500563601051e-01 1.556173770066271167e-01
2.112340195715101954e-01 1.666142085471730427e-01
7.478898395657360143e-02 6.919559183531698299e-02
5.721553869333791120e-02 5.394192082536906213e-02
1.395467118323571142e-02 1.375993833540348210e-02
1.153269323010451194e-02 1.139969021696481295e-02
3.000017583878341818e-02 2.910016528842549258e-02
1.199567349053982240e-02 1.185177730804818329e-02
2.066878531872413244e-02 2.024158663217262566e-02
3.470207144187086035e-02 3.349783767951414887e-02
3.229111429711137987e-02 3.124839823456226906e-02
1.863442233967410253e-02 1.828718064374075872e-02
1.058330452527427995e-01 9.463241178527369291e-02
1.967322915274562212e-01 1.580286969978121903e-01
1.793108606738205435e-01 1.471584759182342772e-01
1.000000000000000000e+00 0.000000000000000000e+00
1.000000000000000000e+00 0.000000000000000000e+00
1.000000000000000000e+00 0.000000000000000000e+00
1.000000000000000000e+00 0.000000000000000000e+00
1.000000000000000000e+00 0.000000000000000000e+00
2.453956122857669508e-01 1.851766057566605062e-01
4.057707260749887079e-01 2.411208439355651822e-01
3.723049574575990617e-01 2.336939761100944035e-01
2.890961720038782712e-01 2.055195753365822997e-01
1.582769801005141086e-01 1.332253776707755799e-01
8.376832832657532188e-03 8.306661504351242967e-03
1.005229315152703605e-02 9.951244553922797970e-03
1.096938531546916111e-02 1.084905790126993071e-02
3.104299096417108272e-02 3.007932367616947614e-02
1.664027637191713496e-02 1.636337757418335204e-02
3.644743852258076899e-02 3.511902274772346622e-02
4.379116143542705758e-02 4.187349561556342331e-02
4.991159886236277987e-02 4.742043116136536451e-02
3.481855221970723419e-02 3.360622064103075540e-02
1.109102001743253602e-01 9.860912767161643389e-02
8.191153713279504534e-02 7.520203721733778601e-02
1.771012204602390172e-01 1.457363781717328499e-01
3.270850760612321051e-01 2.201004290792500928e-01
3.849652360520361416e-01 2.367670030834362338e-01
3.308887843521936545e-01 2.214013967421211426e-01
3.099045857031956785e-01 2.138637334633263221e-01
3.058550293944557463e-01 2.123077303885723688e-01
1.020255954492617634e-01 9.161637332248534493e-02
1.045045075686065750e-01 9.358331546644962917e-02
7.893332843993099146e-02 7.270285810132497140e-02
2.527964993105894648e-02 2.464058923042205737e-02
2.314754178793017661e-02 2.261173309710620347e-02
7.649345266511770221e-03 7.590832783505464115e-03
3.330361267903323569e-02 3.219448206155817171e-02
1.332029947748460813e-02 1.314286909931473152e-02
2.237994645926433268e-02 2.187908445574479610e-02
5.094010883836455617e-02 4.834521414990013144e-02
7.292326426855276489e-02 6.760546179697157765e-02
5.132373564396054688e-02 4.868960980350939965e-02
1.048734729649734021e-01 9.387502763323839206e-02
1.496795751340898040e-01 1.272755999217681788e-01
1.455541681280120014e-01 1.243681522685744223e-01
1.112691813067792079e-01 9.888835059809830685e-02
1.000000000000000000e+00 0.000000000000000000e+00
1.000000000000000000e+00 0.000000000000000000e+00
1.000000000000000000e+00 0.000000000000000000e+00
1.000000000000000000e+00 0.000000000000000000e+00
1.000000000000000000e+00 0.000000000000000000e+00
5.140757649365808035e-01 2.498018728414501122e-01
3.504169827668719983e-01 2.276249209554337405e-01
2.681165073260811660e-01 1.962300458253446456e-01
7.663698440289521026e-03 7.604966166505825083e-03
6.124622941957316540e-03 6.087111935776166709e-03
7.970720689192297564e-03 7.907188300887178778e-03
8.331372320132597598e-03 8.261960555395925915e-03
2.088596672526362580e-02 2.044974311921480756e-02
1.748474601416880048e-02 1.717902967098880809e-02
3.120765118793352930e-02 3.023373369526580201e-02
1.956751706397506091e-02 1.918462933992610628e-02
3.583074391684074739e-02 3.454690170720652737e-02
3.158583445427329273e-02 3.058816951610053569e-02
1.014287613294225648e-01 9.114096770460160257e-02
7.613902007909373326e-02 7.034186970048909859e-02
1.862955356860460099e-01 1.515895090694951708e-01
2.083789262786583663e-01 1.649571493616118212e-01
3.031023932171225677e-01 2.112313324431753792e-01
2.463575816294394649e-01 1.856655236031335421e-01
1.936638551558467480e-01 1.561581663620219551e-01
1.404173654212627353e-01 1.207003289094143034e-01
6.194355735808226848e-02 5.810655305990824332e-02
1.000370254831096373e-01 9.002961901560130320e-02
4.770061027825867050e-02 4.542526205734035566e-02
4.006509253738331500e-02 3.845988089735422749e-02
2.057875265562032763e-02 2.015526759475912838e-02
4.216399020468220883e-03 4.198620999768415754e-03
5.717677685122098813e-03 5.684985847011155696e-03
3.111661736780560981e-03 3.101979298016416600e-03
1.124993865638405227e-02 1.112337753661164774e-02
2.379488109926455527e-02 2.322868473273641612e-02
4.967796000762568498e-02 4.721006029710642787e-02
7.813193941838279810e-02 7.202733946110495555e-02
8.246694727537529079e-02 7.566614988245576323e-02
9.139077648489120353e-02 8.303850245837986199e-02
1.407845967709179247e-01 1.209642940829679658e-01
7.136287239262208149e-02 6.627021283649642269e-02
1.350902094463262426e-01 1.168408447580739501e-01
1.000000000000000000e+00 0.000000000000000000e+00
1.000000000000000000e+00 0.000000000000000000e+00
1.000000000000000000e+00 0.000000000000000000e+00
1.000000000000000000e+00 0.000000000000000000e+00
1.000000000000000000e+00 0.000000000000000000e+00
3.130507817550376992e-01 2.150499897975974573e-01
1.459909385012258809e-01 1.246775843767571612e-01
4.870004366349393356e-03 4.846287423821131306e-03
4.764549270674953672e-03 4.741848340922264274e-03
5.347902894494918971e-03 5.319302829125971584e-03
6.048075618135043997e-03 6.011496399452364268e-03
2.209186174364166644e-02 2.160381138834148798e-02
2.145125176720546686e-02 2.099109556482543076e-02
3.045675223641980747e-02 2.952913847962914534e-02
2.250214525486444669e-02 2.199579871379342758e-02
3.720149736812718155e-02 3.581754596169640925e-02
4.409441470654078266e-02 4.215009729822838391e-02
1.652750332457834093e-01 1.379591966313885865e-01
1.281440079364393470e-01 1.117231211664251184e-01
2.349509610728555409e-01 1.797490069637970589e-01
2.506511922670809911e-01 1.878251720821718096e-01
2.442032763956116515e-01 1.845680361932601488e-01
1.509402482565474768e-01 1.281572897127992994e-01
1.181735213968416742e-01 1.042085402375118736e-01
9.786687757213907712e-02 8.828895184641902261e-02
8.276189264897551578e-02 7.591236177413496211e-02
9.342813891956021355e-02 8.469932177758757175e-02
7.816794118670938873e-02 7.205771415734052443e-02
5.520778047646568432e-02 5.215988145132805648e-02
2.991674991101409345e-02 2.902173798577593195e-02
4.645853007837898001e-03 4.624269057667461380e-03
5.410481039635080779e-03 5.381207734554829987e-03
2.720713956756826146e-03 2.713311672322334892e-03
5.624790501074872738e-03 5.593152232893890477e-03
1.146118236329365589e-02 1.132982366212898287e-02
3.188507457307168669e-02 3.086841659254134507e-02
5.481123808474196862e-02 5.180696626435969676e-02
7.830665180561102723e-02 7.217472008860582877e-02
1.914348678313653254e-02 1.877701369692040892e-02
9.624740366205275510e-02 8.698384095036662544e-02
7.060454103731479691e-02 6.561953982222493154e-02
1.142000217782555838e-01 1.011583768041015297e-01
2.453956122857669508e-01 1.851766057566605062e-01
1.000000000000000000e+00 0.000000000000000000e+00
1.000000000000000000e+00 0.000000000000000000e+00
1.000000000000000000e+00 0.000000000000000000e+00
1.000000000000000000e+00 0.000000000000000000e+00
1.000000000000000000e+00 0.000000000000000000e+00
1.215668411278665595e-02 1.200889914416857635e-02
7.171376428832223343e-03 7.119947788948212918e-03
4.246167870031855064e-03 4.228137928451364269e-03
6.077788092996978808e-03 6.040848584893602873e-03
1.853279583010557577e-02 1.818933130882519761e-02
3.113519794548662289e-02 3.016579739438199001e-02
2.638747964908144325e-02 2.569118056685075480e-02
2.965072721910494424e-02 2.877156159448317208e-02
1.724152532540170618e-02 1.694425512985523602e-02
2.718035037176141228e-02 2.644157892542970192e-02
3.091040819462818195e-02 2.995495485986964662e-02
1.670148217739895469e-01 1.391208710817920524e-01
2.368304618639959502e-01 1.807417941972823128e-01
2.796411335922918684e-01 2.014419699955098397e-01
2.023645292501612958e-01 1.614131265515219016e-01
2.076904626524715691e-01 1.645551343756738727e-01
4.732636101503600451e-02 4.508657656811048547e-02
8.110821048378877296e-02 7.452966867590618549e-02
1.173538359194902514e-01 1.035819131144716104e-01
1.009629184170239835e-01 9.076940752174134097e-02
9.855354243132614933e-02 8.884074170556294225e-02
6.483763709219171611e-02 6.063371790849295812e-02
3.048922879777198405e-02 2.955963572508909717e-02
3.763313082552212363e-03 3.749150557194903637e-03
7.001582614564372167e-04 6.996680398653515494e-04
4.683327338403100830e-03 4.661393783444467073e-03
1.472783539614544749e-03 1.470614448259985199e-03
2.212275954398173865e-03 2.207381789499765490e-03
4.229151030363595409e-02 4.050293845987340546e-02
2.208147480808896751e-02 2.159388327838869873e-02
1.053402127779629223e-02 1.042305567351522674e-02
1.133902981061571530e-01 1.005329384015539729e-01
1.003308368558142732e-01 9.026456003162625086e-02
1.395437104292746588e-01 1.200712633089053988e-01
1.239362850921572889e-01 1.085760823297128030e-01
2.224468881965003253e-01 1.729642701281940143e-01
4.057707260749887079e-01 2.411208439355651822e-01
5.140757649365808035e-01 2.498018728414501122e-01
1.000000000000000000e+00 0.000000000000000000e+00
1.000000000000000000e+00 0.000000000000000000e+00
1.000000000000000000e+00 0.000000000000000000e+00
1.000000000000000000e+00 0.000000000000000000e+00
1.000000000000000000e+00 0.000000000000000000e+00
1.916764245507958852e-03 1.913090260335101236e-03
4.635352812158989935e-03 4.613866316465800067e-03
1.117638672996499639e-02 1.105147510962725850e-02
1.853146742176402240e-02 1.818805213696012002e-02
3.398711188874106032e-02 3.283198811420325741e-02
2.455132314507559033e-02 2.394855567690166651e-02
2.126102091300519428e-02 2.080898990274195060e-02
1.254279216514598769e-02 1.238547052984794068e-02
6.519749910991128050e-02 6.094678521972439478e-02
1.060181550699934028e-01 9.477830586554823744e-02
2.596314163068220715e-01 1.922229439733357248e-01
2.667678223374130297e-01 1.956027513027674691e-01
2.892388975016600416e-01 2.055797576736842491e-01
1.715139576761362528e-01 1.420969199984047915e-01
1.497356375809567874e-01 1.273148764191811555e-01
5.109984050698724439e-02 4.848864680714771308e-02
7.426560777145364833e-02 6.875022727379025145e-02
1.162972890072312138e-01 1.027722295767997535e-01
9.625158981774646627e-02 8.698722127530275627e-02
9.084115371234455227e-02 8.258903850455473483e-02
5.537114676523240825e-02 5.230518287113550269e-02
3.215335009033544467e-02 3.111951216830376871e-02
2.240422239887901804e-03 2.235402748074917598e-03
1.141497322947733440e-03 1.140194306809436554e-03
1.878072416386185675e-02 1.842800856374279123e-02
5.249369861761131462e-03 5.221813977815565125e-03
1.844608366797243285e-02 1.810582566528659218e-02
2.764917168293185359e-02 2.688469498817961170e-02
1.601700982480367547e-02 1.576046522107581865e-02
6.910536092231447415e-03 6.862780583149413922e-03
6.679421591798172242e-02 6.233274863788376002e-02
1.324948357726242198e-01 1.149399542662095652e-01
1.406444941417796801e-01 1.208636204093825883e-01
1.158489632733132463e-01 1.024279809818117726e-01
3.470077599471083074e-01 2.265933744835983699e-01
3.723049574575990617e-01 2.336939761100944035e-01
3.504169827668719983e-01 2.276249209554337405e-01
3.130507817550376992e-01 2.150499897975974573e-01
1.000000000000000000e+00 0.000000000000000000e+00
1.000000000000000000e+00 0.000000000000000000e+00
1.000000000000000000e+00 0.000000000000000000e+00
1.000000000000000000e+00 0.000000000000000000e+00
1.000000000000000000e+00 0.000000000000000000e+00
1.313002449807035982e-02 1.295762695475043136e-02
1.826873820540728804e-02 1.793499140978958156e-02
2.495911257392257818e-02 2.433615527344483789e-02
4.069513915337525517e-02 3.903904480266268129e-02
2.713056737309709615e-02 2.639449968711093594e-02
4.351015352667505359e-02 4.161702006676021998e-02
2.307821207558608326e-02 2.254560820298035645e-02
9.239861939134311197e-02 8.386111452591682447e-02
1.399125504178940216e-01 1.203370286534542893e-01
2.823648608098413004e-01 2.026349461896802540e-01
1.963309436124182628e-01 1.577851041926757181e-01
2.067418111083134391e-01 1.639996346479678790e-01
6.968073714368858140e-02 6.482533201480075724e-02
6.808501390996296587e-02 6.344944479084312083e-02
8.958267742339424966e-02 8.155762132905033934e-02
9.530795539793386617e-02 8.622434903579931365e-02
1.107063614725709300e-01 9.845046300207539736e-02
9.337058508995185746e-02 8.465251892991192129e-02
5.277667920143758878e-02 4.999130133390613379e-02
3.304068387284254948e-02 3.194899708205743011e-02
1.021267175233173639e-02 1.010837308801086111e-02
2.886923004448313686e-03 2.878588680014700866e-03
2.002140255280349720e-03 1.998131689678535848e-03
1.119421420671936999e-02 1.106890377501345245e-02
5.909105095334322467e-03 5.874187572306616492e-03
1.037660886544840289e-02 1.026893485390190097e-02
4.896607715988877951e-02 4.656840044746059920e-02
7.726894914406860770e-02 7.129845864223995078e-02
7.579638720067174984e-02 7.005129488799759219e-02
9.910398355805059845e-02 8.928238400097623928e-02
1.521477654754788966e-01 1.289988229362975802e-01
2.149646885314148992e-01 1.687548712160066855e-01
2.949528249786486644e-01 2.079556560157633238e-01
3.055079994342950189e-01 2.121728617159498176e-01
2.890961720038782712e-01 2.055195753365822997e-01
2.681165073260811660e-01 1.962300458253446456e-01
1.459909385012258809e-01 1.246775843767571612e-01
1.215668411278665595e-02 1.200889914416857635e-02
1.000000000000000000e+00 0.000000000000000000e+00
1.000000000000000000e+00 0.000000000000000000e+00
1.000000000000000000e+00 0.000000000000000000e+00
1.000000000000000000e+00 0.000000000000000000e+00
1.434980233467599182e-02 1.414388550763171978e-02
1.732625067917124492e-02 1.702605171657376251e-02
2.418659938474978371e-02 2.360160779495140346e-02
3.910463026731914732e-02 3.757545815897541525e-02
1.814455137866935810e-02 1.781532663393618765e-02
5.654444722891938807e-02 5.334717271649534048e-02
3.470692010107126468e-02 3.350234979816912179e-02
1.004280172867904192e-01 9.034223063063454018e-02
1.840461864377222478e-01 1.501731876954534306e-01
2.355666499159616845e-01 1.800750033633324310e-01
1.767186507316290678e-01 1.454891692152215643e-01
1.452697345116222560e-01 1.241664387465450381e-01
4.642345334272125756e-02 4.426831632245743775e-02
8.060145567123776222e-02 7.410486101491525757e-02
1.122987810079518756e-01 9.968776479207994146e-02
1.044998572571055606e-01 9.357963709035012345e-02
1.065947644074457523e-01 9.523232060836689383e-02
6.790618810165205410e-02 6.329493771915510603e-02
5.043822429403213570e-02 4.789420982409704070e-02
2.154297891167047257e-02 2.107887897128179339e-02
8.620187514670940923e-03 8.545879881882852483e-03
9.225389164023796787e-03 9.140281358796109243e-03
4.758457880171386087e-03 4.735814958774020762e-03
1.983120346419930263e-02 1.943792683336083293e-02
1.383273528335609778e-02 1.364139071793669250e-02
2.579239064079992885e-02 2.512714322583230533e-02
3.406195609218902465e-02 3.290173923936281358e-02
7.711781308193579876e-02 7.117065598739541477e-02
1.023952241582359590e-01 9.191044222782057682e-02
1.133806500302455000e-01 1.005254782289644877e-01
1.372179147493543250e-01 1.183891586211932578e-01
1.469154043030489465e-01 1.253312682815206081e-01
2.326812647688441260e-01 1.785406937944151728e-01
2.516888957044087771e-01 1.883415954835040151e-01
1.582769801005141086e-01 1.332253776707755799e-01
7.663698440289521026e-03 7.604966166505825083e-03
4.870004366349393356e-03 4.846287423821131306e-03
7.171376428832223343e-03 7.119947788948212918e-03
1.916764245507958852e-03 1.913090260335101236e-03
1.000000000000000000e+00 0.000000000000000000e+00
1.000000000000000000e+00 0.000000000000000000e+00
1.000000000000000000e+00 0.000000000000000000e+00
