5.745289332938320137e-04 3.710564475261704385e-05
5.375884839010738100e-04 3.388041140827478505e-05
7.947030911852805829e-04 5.432945501197510691e-05
9.581571931497153598e-04 6.993636987728150207e-05
9.582071076652541900e-04 6.981702585721781464e-05
9.223686186267009883e-04 6.029083994609354074e-05
6.430669431109120376e-04 4.433678764727073311e-05
7.145542161998565773e-04 5.283359207266545890e-05
4.281839641940242132e-04 3.230086942934793249e-05
8.820942843748247287e-04 5.601191802092777254e-05
3.562857612962348959e-04 2.135729265622128407e-05
8.749966746165845012e-05 4.310093179537753651e-06
3.156727657563456716e-04 1.802365516646869478e-05
2.440610285617350150e-04 9.132203401721863869e-06
1.529522681282539833e-04 5.837718664853206940e-06
1.110878290833766749e-04 4.595482974011941208e-06
3.744256899029833007e-05 2.307001270353508194e-06
1.362989839897539102e-04 5.667321257036142328e-06
1.019435124908441378e-04 8.108709148288469472e-06
1.631974924040724808e-03 1.496356196383560465e-04
2.188254707119926786e-04 1.535325250841288125e-05
1.211645944017435096e-03 9.948244744115496239e-05
3.417380699740722315e-04 2.192463946061055374e-05
1.407708481232358352e-03 9.423528163054396725e-05
8.325843524846600948e-04 5.871093986108388276e-05
1.759052366918816609e-03 1.295745536140105675e-04
1.749219621460827018e-03 1.356314758669784613e-04
3.964083407035080310e-03 3.443586048256669927e-04
3.569730032338163522e-03 3.256183617473018305e-04
3.709947813303532491e-03 3.158527523865074099e-04
3.789263381036057487e-03 3.210590992019926528e-04
2.724150281838353272e-03 1.207458787173913819e-04
2.110754492551889308e-03 1.406581247828406027e-04
3.031798697671491370e-03 1.412220361099563446e-04
2.582939037086219320e-03 1.409196347674046925e-04
4.929974256363428044e-03 3.706183810931342306e-04
5.975286206217792634e-03 4.431247149283438287e-04
3.762740048158588757e-03 1.950161539748306385e-04
5.384689141999316614e-03 3.932473274331756228e-04
4.324708688825920806e-03 2.744756640145678758e-04
4.647296472693317193e-03 3.067394617256987365e-04
3.157011821099595800e-03 1.561860320107011900e-04
4.830541344169432473e-05 2.187500236607671418e-06
3.753930115031733753e-05 1.879025904229863013e-06
7.227055635426113389e-05 3.174548531520604898e-06
1.655162089578849770e-04 9.523229632829932688e-06
4.766707123090431584e-05 1.977598121388299583e-06
1.375745971261376876e-04 6.138108002444035591e-06
5.489456976640319296e-05 2.269684717425842840e-06
1.061291379012693558e-04 5.486677367079362836e-06
3.554983548598419679e-05 1.582564101093655591e-06
3.391629650325860175e-04 2.779832474323934945e-05
2.880733570330826823e-05 1.277856816901262458e-06
2.190315637285611432e-05 9.039585005762030175e-07
3.675248221086429009e-06 1.833239071583505210e-07
6.569975002957111173e-06 2.952956835089173141e-07
1.439955965963429008e-05 5.484211249331349954e-07
3.652488665335370029e-06 1.803183475187843357e-07
1.260976798111088906e-05 6.684087530963493797e-07
1.430630705531590687e-06 6.285697155941235419e-08
1.825171165084370136e-05 1.209175235345034059e-06
6.386181465788752618e-05 3.488462176305402543e-06
2.007689920596634471e-06 8.696843430743172092e-08
8.581992733231288062e-05 3.130817849363499112e-06
1.896362325285432597e-05 7.169811394700334661e-07
5.087718722877318306e-04 2.801783571877768534e-05
1.223647813730942616e-04 8.392879152458412019e-06
4.954128441853657285e-05 2.786736340287369099e-06
1.802866854734934117e-04 1.215972146363588484e-05
1.291164589742656592e-04 6.895370546455326549e-06
3.388013205861568482e-05 2.086934309118063821e-06
3.897551653691685519e-05 2.394852502476969763e-06
1.110547583686288787e-04 5.528295115068911463e-06
1.708261001143966792e-04 1.572867965710551751e-05
1.012947977435724227e-04 8.373029571355415806e-06
2.094843581290182371e-04 1.119602055783376160e-05
1.600278078106168785e-04 6.505025032933540145e-06
1.209675617634745765e-03 4.758351313622481737e-05
1.659283753963598481e-03 6.560854125099484181e-05
3.380862170775994686e-04 1.820618417192788619e-05
4.595359529242699936e-04 2.499587465968307735e-05
3.718055927610402177e-03 2.130071528392775046e-04
1.144475308576877641e-03 6.030156891546903310e-05
4.926508354348013837e-04 2.108239241698114491e-05
4.852690054231044892e-04 2.512226273006112711e-05
6.417672642228332931e-04 3.513296704456068926e-05
6.640859201519844690e-04 4.358151681388594577e-05
1.830385664218550298e-03 1.246651594145961747e-04
5.207962423616790308e-04 3.410012221977092711e-05
1.154915089870987887e-03 7.254566628657340376e-05
4.057436559817881707e-04 2.592239126346351289e-05
1.281314575399871390e-03 7.278109320889770593e-05
1.633055909103581270e-03 9.746391948190492025e-05
6.501143260366393402e-03 5.615884666593220966e-04
6.761291683025640823e-04 2.580250826488467614e-05
5.499749965644791516e-03 4.191815076497520118e-04
1.595362417209718233e-04 7.474064019942165937e-06
3.200690566858123767e-03 2.199682841631916128e-04
5.542976413133629109e-05 4.588939410050710843e-06
2.106370184207595996e-03 1.395227142127830958e-04
1.480171996161880701e-04 7.940921740283261526e-06
2.127182689866322085e-03 1.316380553875665788e-04
4.910402440559538196e-04 3.158924904832020717e-05
4.870288019996836179e-03 3.636565577386071052e-04
1.238843529232836046e-03 8.927142884828814546e-05
9.473553440335441512e-04 6.159743628358281499e-05
1.219675183730033067e-03 9.063848690580325563e-05
2.856331142174505823e-03 2.034483818187684504e-04
5.050820340996696077e-04 2.911119818189012503e-05
6.806886789714272981e-04 4.290774326146126971e-05
3.536178464922875328e-04 2.290326351918298375e-05
1.089429812232531065e-03 8.062400585151865712e-05
8.902538682662634959e-04 5.011250132222952176e-05
1.934070938630922526e-03 1.164705956616553912e-04
2.129899457904630648e-03 1.775674290132543405e-04
4.698802328585413406e-03 3.152760246555866221e-04
2.378077706306477423e-03 2.137324417884806961e-04
5.576176672540208816e-03 3.825398229572752880e-04
1.530733097306825191e-03 9.809501629593068474e-05
7.081951792290706524e-03 6.388518023119318023e-04
3.835984157082659562e-03 2.364406045995204385e-04
5.004944935657844492e-03 3.274781992987443077e-04
2.227901126670537787e-03 1.018125609942045886e-04
7.311195555051818243e-03 6.912483576515763162e-04
2.649137263931035206e-03 1.282215881453682954e-04
4.754411364606572418e-03 3.070795318014654185e-04
1.470905901780893744e-06 5.263155490029794694e-08
4.766383285749882550e-06 2.020044158205345903e-07
3.446060955350836658e-06 1.230617321706119713e-07
2.404161338276999358e-05 1.009350503721364751e-06
4.168523569829176894e-06 1.866372563991333410e-07
3.024084789965569457e-05 1.096182270238052298e-06
9.162686434825743099e-09 3.272387172889537834e-10
1.728610488147133212e-06 6.177228214716630616e-08
7.421802624242982359e-11 2.650643788864178216e-12
2.777716027457520937e-06 1.026981480378282185e-07
1.280967684483916452e-08 6.411764279370023209e-10
1.299369457625784404e-06 6.062162853230722710e-08
4.884678793378477877e-07 2.129097338891556803e-08
1.988536770021763956e-06 7.894412321057210434e-08
1.559770050614975003e-05 1.161849834121362852e-06
2.103816225694190477e-06 7.777623773466548421e-08
9.824503846709499674e-06 3.571220050736104237e-07
1.595224950009350684e-06 5.752525863221910207e-08
3.508206766313393205e-07 1.537282712289025234e-08
1.724203642757767239e-07 6.466013274139700211e-09
1.931068251585731490e-06 6.898609169602047799e-08
4.088651726931966140e-07 1.461037282344196556e-08
4.986887605736321814e-07 1.781010276148843111e-08
4.892532423392716388e-06 1.750245677000777716e-07
2.454930001120859178e-08 8.767601120178898925e-10
1.594423262191700636e-07 5.734496475142907147e-09
2.539637602959641944e-05 9.122609522683444349e-07
5.200431303688845259e-06 1.870509372252867641e-07
3.343705985258053844e-07 1.194169528651017559e-08
2.319624122709015531e-07 8.287676318782018125e-09
2.081171858260085977e-06 8.665098502617985412e-08
2.738613264249709725e-06 1.507990318265368204e-07
1.344380488870681891e-07 4.801340815234874934e-09
3.581887825435221780e-06 2.111499210074520497e-07
5.030786401502910334e-08 2.574674173601409482e-09
7.702976976686103571e-06 2.940750421693460908e-07
9.194342967388144036e-10 3.287717507598190767e-11
2.226241708747704309e-09 8.032564244737560676e-11
4.970040454355418260e-07 2.225727624983004575e-08
2.849108727859056965e-06 1.019131416517709048e-07
7.079833257400945167e-07 2.564898862793748579e-08
3.638865120427726339e-07 1.321496717624901982e-08
1.004723464058264806e-03 7.274392751348054812e-05
5.013157395736137292e-04 3.169583146280660559e-05
6.097294358415506106e-04 3.752543879692861960e-05
2.970316775492786929e-03 2.060987877308416199e-04
6.329531032082026274e-04 4.965281469228537256e-05
1.586631430236540210e-03 9.119823521700614070e-05
4.419037409498756202e-04 2.800791756950584432e-05
5.609928966204348654e-04 3.226520328089275313e-05
1.301223992605622052e-04 6.864249436845712885e-06
5.678997510119692879e-03 4.530297383652088475e-04
2.970649584348522489e-05 1.554549113782364171e-06
2.612035652109802753e-03 1.064436779627305759e-04
3.494170600341882246e-05 2.225248995988943846e-06
1.633879661770652790e-03 7.964087801200576868e-05
5.400482350438673889e-05 4.559867190073570686e-06
2.479964068026837502e-03 1.546918381043532113e-04
1.681186062659550875e-04 9.019464107230710734e-06
1.128295868896104451e-03 5.454404616603341022e-05
4.010997042152513012e-04 2.438239416882115326e-05
3.513250275539477833e-03 2.484179682089983983e-04
3.532921689594147150e-04 2.460728333350882229e-05
5.294373530384394178e-04 3.498305477712548991e-05
1.364872083961478442e-03 9.304559689106150784e-05
1.432514788527938874e-03 1.176773051818883511e-04
3.583200227892811211e-04 2.316355069459228154e-05
1.864021358449693424e-04 1.075108309357179197e-05
1.531757318900711141e-04 8.551610795133339802e-06
4.036557634792757826e-04 2.153239915108182918e-05
3.669534269512621678e-05 2.352558403484207358e-06
7.779441259479254059e-05 4.331768792947915473e-06
5.856273312620441038e-05 2.862438496051775522e-06
1.310087554183465104e-03 7.451283000310518002e-05
8.238098716445007175e-05 5.723086413379442856e-06
1.528794548643445548e-03 8.398820843771544805e-05
2.711908201103754745e-05 1.580210014679577959e-06
8.466525777444635010e-05 4.214379726873816322e-06
2.321268305636104277e-05 1.361368421102508890e-06
1.981362623430155177e-05 9.565773372991774714e-07
1.162408677784258299e-04 5.818865523975633590e-06
7.830205995865717656e-05 4.613579599916555266e-06
1.998207273504800784e-04 1.437099006822030745e-05
1.921354454650906125e-04 1.024026417862312010e-05
1.405236541319563340e-05 6.342903580689236787e-07
6.010037326931259505e-06 2.713325637564732285e-07
9.132656673400930012e-06 4.251210925983331966e-07
6.302392423143759429e-05 3.863248726436191963e-06
3.275728868631879907e-05 2.223281806116530796e-06
2.176518274794437036e-05 1.221751311394491814e-06
9.236953531940218140e-08 3.352030493146001512e-09
1.240151912345072592e-07 5.976172018239963096e-09
4.394815710739702191e-07 1.631141512804261515e-08
1.189048761811677079e-05 6.897428601561563267e-07
2.711117092111537754e-07 1.188694672832314432e-08
1.138314848871452950e-06 6.210169171436019142e-08
3.573275813907800769e-07 2.131553376868731684e-08
1.190829783145939366e-06 5.641495788472866836e-08
8.512720202636400472e-06 3.327517136772298192e-07
2.062293429717091658e-06 8.633886518878247115e-08
7.532683953789998854e-07 4.428648266905232479e-08
5.493650279922230913e-09 2.003589671761615773e-10
1.758154930920782776e-06 1.174330883117582766e-07
1.802411378981139391e-05 1.158260180861567147e-06
9.367522419988620845e-09 3.772271180660248871e-10
1.003620403378682104e-05 5.863867446933909045e-07
1.373428668181707913e-06 6.710323262913800628e-08
1.073483402398842093e-05 7.351355475046528567e-07
4.377145804037049660e-07 2.249812717460576517e-08
2.481886771939514530e-07 1.315614747103035107e-08
6.858081755970849284e-06 3.149381261214864594e-07
7.951856515346045106e-06 3.302521816687379709e-07
3.135111947727685888e-07 2.067343294123715706e-08
9.654432437061319607e-08 3.560545275058060859e-09
1.872845521923162254e-07 1.263814101575265125e-08
7.212152739280849220e-08 2.743266176921975867e-09
8.534447006582977843e-10 3.050463392376312920e-11
4.710814437771604587e-08 1.779044985146748734e-09
2.896814698785189873e-08 1.826549743946856667e-09
4.847813153260677943e-09 1.747908642087322091e-10
1.473378426567558347e-08 5.664000828537250055e-10
1.902086769502406482e-09 9.794536017445797970e-11
2.892933915057341426e-09 1.673290162283977305e-10
4.838799086904451422e-08 2.098289591461537393e-09
3.650862160303690233e-08 2.040794033048128611e-09
2.092694658474925540e-07 8.813202848337205053e-09
2.004123790724497180e-04 1.255307395586776980e-05
1.181497578705826120e-04 7.362090053790948794e-06
1.410992728718408985e-04 9.308547825305553644e-06
1.563457745565776302e-04 1.016601664869014295e-05
9.494673568385461062e-05 5.646465705504450115e-06
3.896222181995647035e-05 2.151408792585939678e-06
4.927492751303647236e-06 2.296639672634808450e-07
7.206970041963604001e-06 3.826188647737962844e-07
8.304094524309343076e-06 4.963978847879836056e-07
5.166789473225001910e-05 3.717443151704839107e-06
1.759906568736392974e-05 8.920557564090758514e-07
1.595199685800667731e-05 7.355634413984215793e-07
8.901271302494230268e-06 4.191424804180031655e-07
5.460927762935972471e-06 4.044791047845579793e-07
5.058864196986572412e-06 2.520740283358459763e-07
1.436795240262258387e-05 6.059849239228537730e-07
2.874353973955304688e-06 1.481020331813607643e-07
6.771694958278990447e-07 2.769870166187432370e-08
2.537297866618810855e-06 1.672763937437101657e-07
2.075724037490285856e-05 1.137695124177702454e-06
4.718334909477147739e-06 1.792659655007585636e-07
6.150703304933927216e-05 2.761687614742444630e-06
2.150532125755392660e-05 1.037612963108943617e-06
2.564005384820660979e-05 1.690790327710860261e-06
3.279057812318238258e-06 1.931398228129135441e-07
2.723805128837006663e-06 1.625707194125912509e-07
3.218515741395670441e-05 1.293179175887263745e-06
1.379175495179587934e-04 5.005630611984625148e-06
5.311099495141562743e-07 3.382516203829349812e-08
5.938031940038566228e-07 2.404262452391700763e-08
7.854062666862791144e-07 4.287567843186726840e-08
8.572175734424858092e-07 3.879977623291208206e-08
6.201255996583919385e-08 2.734611259793687257e-09
5.629333411793019147e-07 2.306324779848581184e-08
4.635559510189201017e-07 1.933517905918391412e-08
3.326324128293764356e-07 1.209554114176097477e-08
3.048238983562796246e-08 1.555575729766571826e-09
9.427398482518757961e-08 4.470286306682420699e-09
4.041583867632284163e-07 1.971505573667415202e-08
7.921237243147420752e-07 4.099627244402944702e-08
1.245789019030537737e-06 7.248495031239354051e-08
2.962298624521975247e-06 1.451331039503804791e-07
3.758234864739896279e-05 2.002511803833562614e-06
1.707047476263563556e-05 7.633157120694603991e-07
2.162906182538473936e-05 1.176136296151460296e-06
2.125105459221391494e-05 1.147256527507242258e-06
2.226321979610435865e-05 1.108396653353915863e-06
1.228404937828778263e-05 6.288406654011114348e-07
8.040188596779245154e-06 3.075108903202842583e-07
6.430385555480611252e-06 2.399752543136145291e-07
2.477124032045546554e-06 9.030812581422979036e-08
3.556530935196571111e-05 1.707962887222820639e-06
4.142685117272023217e-06 1.723801839971397201e-07
1.027262593501135815e-05 4.579606898585268838e-07
3.142384151188286082e-06 1.689818091423577497e-07
2.707584093933606412e-06 1.478649238168440506e-07
1.585831741992496595e-05 5.732220556658790005e-07
3.014408691477671705e-06 1.235486388981589300e-07
3.098299045381151459e-07 1.440478096082492334e-08
3.070486119513725077e-07 1.350771810549609775e-08
7.251413524924940998e-07 2.604027170229268575e-08
4.195276894860735954e-06 1.699536780340191304e-07
4.853197607024079316e-06 1.733419511726184844e-07
1.996759738887165397e-05 7.146192494135873994e-07
1.063428711281594411e-05 3.816073615604768272e-07
6.090203627681919407e-06 2.201477297727982552e-07
1.004600648102924989e-06 3.597903953149452971e-08
1.433486664442991484e-06 5.122886749794863588e-08
2.212475032117218402e-06 8.488912169031671346e-08
6.833959474519256901e-06 2.701178127872818040e-07
1.341276227959660459e-07 4.793638687925695472e-09
9.603721905082957560e-08 4.414278441354374519e-09
5.163893252792141080e-07 1.992771517329544342e-08
6.437679272994335562e-08 3.499129501934192227e-09
2.065214992809383661e-07 7.384665245962201006e-09
8.828950066097024029e-08 3.238413988384183714e-09
1.464606838071837978e-07 5.900872715892660137e-09
2.561230494860931591e-08 9.398373013043599122e-10
2.295508072323199649e-07 8.469592959333963128e-09
1.494806822635669258e-07 6.172976236795959033e-09
4.784200581859403190e-07 1.766184375389119847e-08
3.726641327726419710e-07 1.341665350699481696e-08
8.096886114411645476e-07 3.593672883222871594e-08
3.301470760998288263e-05 1.193516744788783819e-06
1.224338771305142769e-09 4.372638319046395812e-11
4.095170196942278319e-13 1.462560784605471750e-14
1.161852452714241043e-07 4.149459546396784420e-09
1.397800130783842261e-14 4.992143324226054377e-16
2.036068382708957472e-07 7.271631339644541276e-09
4.789257945425705720e-10 1.710449243286475141e-11
3.831394474589417017e-07 1.368340489912600513e-08
1.820663336504306665e-06 6.502037577445463103e-08
1.638474404347722289e-09 5.851694032782025841e-11
2.782434786603393672e-06 9.936492900677952986e-08
2.356202615878882158e-05 8.409457651657499081e-07
4.936331567370080796e-09 1.762975316101335680e-10
2.962732115717712672e-07 1.058109834974736382e-08
4.319745767838038862e-04 1.524106142157731076e-05
2.321675081031934187e-05 8.286306542789306155e-07
1.090236611004725522e-05 4.008780000834164115e-07
0.000000000000000000e+00 0.000000000000000000e+00
1.153813964782538799e-08 4.120762828650972788e-10
8.050313251206761935e-08 2.875105394676641730e-09
5.131702826619240027e-12 1.832751009243527778e-13
7.352794221404465807e-09 2.625997395580051209e-10
5.376509242092565120e-09 1.920181583107399705e-10
0.000000000000000000e+00 0.000000000000000000e+00
5.597695881876881769e-10 1.999177069336115639e-11
0.000000000000000000e+00 0.000000000000000000e+00
1.426355827067763084e-07 5.094107608903983417e-09
1.324101724963513753e-07 4.728917199558769225e-09
1.866611369819439049e-07 6.666434335546507148e-09
1.891565312560908796e-07 6.755554621809930125e-09
1.263108396380481262e-06 4.510941871362475319e-08
3.876034758971949887e-06 1.384147891749738074e-07
2.174841085573629620e-04 7.719990253859341920e-06
5.101665229407314020e-05 1.819420597405607197e-06
2.887382136860598128e-04 1.022870930417379240e-05
2.499391315858440041e-06 8.925772860942303684e-08
6.009334340733464818e-05 2.142579626054362607e-06
1.684370925818262524e-04 5.987239395193544387e-06
2.238395184808639107e-03 7.493227216836912069e-05
6.615780845663006993e-04 2.319010317252950674e-05
2.155881352663118131e-05 7.694928435104380219e-07
3.640677792700285472e-05 1.298916615342509197e-06
6.041481497417198874e-07 2.157635463864602180e-08
4.513209097274075521e-07 1.616873662179509358e-08
8.160718684360670942e-07 2.914475789942224528e-08
1.205086805071612616e-06 4.303736223263551423e-08
1.484657062415051736e-05 5.300142444889368603e-07
2.212643877943867052e-06 7.901809984792171148e-08
3.365446008597317837e-05 1.200812380386792323e-06
5.993855242199954374e-06 2.265815238205060728e-07
7.801097382234809153e-06 2.804365057199253463e-07
1.953548087814547184e-06 6.976575821467368430e-08
2.285286124321611145e-04 8.114948177533337439e-06
2.139174777659088699e-06 7.811593800910774451e-08
2.741751446549575374e-04 9.717826681439478025e-06
1.007314004783331722e-05 3.596935170999227426e-07
1.215506283665591539e-05 4.340257517867374048e-07
6.969700916063709974e-05 2.484406866082364223e-06
4.880331087895869795e-06 1.822645260616343779e-07
4.028965585385905541e-05 1.437453842808912505e-06
2.158101892651843591e-07 7.707460185433079999e-09
3.599356986745166540e-04 1.272529267405239010e-05
1.637749910722563363e-06 5.850657906279534724e-08
1.442084918661839893e-07 5.421429225907552918e-09
4.227649699446298644e-07 1.509857019637412696e-08
9.065535719944476612e-07 3.237609144613708150e-08
1.501135413137815587e-06 5.368463177696410426e-08
1.215567019431119161e-08 4.341309306079390132e-10
7.993997815846109095e-06 2.854360179934240083e-07
7.080085099314935778e-06 2.528100545133768583e-07
5.396127592063237134e-05 1.927843662226416757e-06
5.043394558983578704e-06 1.800957984207363612e-07
1.995179434543117730e-05 7.121660096677948254e-07
1.043007256028211013e-05 3.723938050250355410e-07
1.683352041988702086e-05 6.009137904433845671e-07
4.768104440389875865e-06 1.702667094796834154e-07
2.479836554934550548e-05 8.850409552857149195e-07
1.081075178643993938e-04 3.849532387596012203e-06
5.757264139133255943e-05 2.052851154939384863e-06
1.775792580342382771e-06 6.341801014436812584e-08
1.662253367994798358e-06 5.936344560349309441e-08
9.088241438627212400e-04 3.163204381348179840e-05
4.258449429192478737e-04 1.502740404599187014e-05
1.557418139131543826e-03 5.319652514037462977e-05
2.361520808340498198e-04 8.441781283302802612e-06
0.000000000000000000e+00 0.000000000000000000e+00
0.000000000000000000e+00 0.000000000000000000e+00
0.000000000000000000e+00 0.000000000000000000e+00
0.000000000000000000e+00 0.000000000000000000e+00
3.127682167225991208e-13 1.117029345428071632e-14
0.000000000000000000e+00 0.000000000000000000e+00
0.000000000000000000e+00 0.000000000000000000e+00
0.000000000000000000e+00 0.000000000000000000e+00
0.000000000000000000e+00 0.000000000000000000e+00
8.534985027332393963e-07 3.048136092363580357e-08
0.000000000000000000e+00 0.000000000000000000e+00
0.000000000000000000e+00 0.000000000000000000e+00
8.187830915275554430e-06 2.923554921133152845e-07
2.729021478285749029e-07 9.746430804009672060e-09
3.780474719891344882e-07 1.350155250829229905e-08
3.769904872488566056e-06 1.346252475489868541e-07
0.000000000000000000e+00 0.000000000000000000e+00
0.000000000000000000e+00 0.000000000000000000e+00
0.000000000000000000e+00 0.000000000000000000e+00
0.000000000000000000e+00 0.000000000000000000e+00
0.000000000000000000e+00 0.000000000000000000e+00
0.000000000000000000e+00 0.000000000000000000e+00
0.000000000000000000e+00 0.000000000000000000e+00
0.000000000000000000e+00 0.000000000000000000e+00
0.000000000000000000e+00 0.000000000000000000e+00
4.778244482728570989e-10 1.706515863857155067e-11
2.132402939670192752e-11 7.615724779989259131e-13
0.000000000000000000e+00 0.000000000000000000e+00
0.000000000000000000e+00 0.000000000000000000e+00
0.000000000000000000e+00 0.000000000000000000e+00
0.000000000000000000e+00 0.000000000000000000e+00
0.000000000000000000e+00 0.000000000000000000e+00
0.000000000000000000e+00 0.000000000000000000e+00
0.000000000000000000e+00 0.000000000000000000e+00
0.000000000000000000e+00 0.000000000000000000e+00
0.000000000000000000e+00 0.000000000000000000e+00
2.845782986626891878e-07 1.016342968171654675e-08
2.593715250613800699e-05 9.256541393390955184e-07
0.000000000000000000e+00 0.000000000000000000e+00
0.000000000000000000e+00 0.000000000000000000e+00
0.000000000000000000e+00 0.000000000000000000e+00
0.000000000000000000e+00 0.000000000000000000e+00
2.186109453521177672e-08 7.807528983501091810e-10
0.000000000000000000e+00 0.000000000000000000e+00
0.000000000000000000e+00 0.000000000000000000e+00
0.000000000000000000e+00 0.000000000000000000e+00
0.000000000000000000e+00 0.000000000000000000e+00
0.000000000000000000e+00 0.000000000000000000e+00
0.000000000000000000e+00 0.000000000000000000e+00
1.385286549815712475e-12 4.947451963435642913e-14
0.000000000000000000e+00 0.000000000000000000e+00
1.738513341983557259e-06 6.208673978505820494e-08
0.000000000000000000e+00 0.000000000000000000e+00
0.000000000000000000e+00 0.000000000000000000e+00
5.434017379550792093e-07 1.940690964151830324e-08
8.750433150721097231e-06 3.124388995882852801e-07
8.036828645840637541e-07 2.870231354328402239e-08
2.899787211962538008e-07 1.035629881220745820e-08
0.000000000000000000e+00 0.000000000000000000e+00
0.000000000000000000e+00 0.000000000000000000e+00
0.000000000000000000e+00 0.000000000000000000e+00
0.000000000000000000e+00 0.000000000000000000e+00
0.000000000000000000e+00 0.000000000000000000e+00
0.000000000000000000e+00 0.000000000000000000e+00
0.000000000000000000e+00 0.000000000000000000e+00
0.000000000000000000e+00 0.000000000000000000e+00
0.000000000000000000e+00 0.000000000000000000e+00
1.699201820835611138e-06 6.068289202872960409e-08
8.407676542789841091e-06 3.002034732176459630e-07
8.958443190388900392e-07 3.199363742863068841e-08
0.000000000000000000e+00 0.000000000000000000e+00
0.000000000000000000e+00 0.000000000000000000e+00
0.000000000000000000e+00 0.000000000000000000e+00
0.000000000000000000e+00 0.000000000000000000e+00
0.000000000000000000e+00 0.000000000000000000e+00
0.000000000000000000e+00 0.000000000000000000e+00
0.000000000000000000e+00 0.000000000000000000e+00
0.000000000000000000e+00 0.000000000000000000e+00
0.000000000000000000e+00 0.000000000000000000e+00
0.000000000000000000e+00 0.000000000000000000e+00
0.000000000000000000e+00 0.000000000000000000e+00
0.000000000000000000e+00 0.000000000000000000e+00
0.000000000000000000e+00 0.000000000000000000e+00
0.000000000000000000e+00 0.000000000000000000e+00
0.000000000000000000e+00 0.000000000000000000e+00
0.000000000000000000e+00 0.000000000000000000e+00
0.000000000000000000e+00 0.000000000000000000e+00
0.000000000000000000e+00 0.000000000000000000e+00
0.000000000000000000e+00 0.000000000000000000e+00
0.000000000000000000e+00 0.000000000000000000e+00
0.000000000000000000e+00 0.000000000000000000e+00
3.158560749760359294e-07 1.128047434122689654e-08
0.000000000000000000e+00 0.000000000000000000e+00
1.192504131564571885e-06 4.258801120405948566e-08
0.000000000000000000e+00 0.000000000000000000e+00
0.000000000000000000e+00 0.000000000000000000e+00
0.000000000000000000e+00 0.000000000000000000e+00
0.000000000000000000e+00 0.000000000000000000e+00
5.685047552213599166e-07 2.030341806024900765e-08
0.000000000000000000e+00 0.000000000000000000e+00
0.000000000000000000e+00 0.000000000000000000e+00
0.000000000000000000e+00 0.000000000000000000e+00
0.000000000000000000e+00 0.000000000000000000e+00
0.000000000000000000e+00 0.000000000000000000e+00
0.000000000000000000e+00 0.000000000000000000e+00
0.000000000000000000e+00 0.000000000000000000e+00
0.000000000000000000e+00 0.000000000000000000e+00
0.000000000000000000e+00 0.000000000000000000e+00
0.000000000000000000e+00 0.000000000000000000e+00
0.000000000000000000e+00 0.000000000000000000e+00
0.000000000000000000e+00 0.000000000000000000e+00
0.000000000000000000e+00 0.000000000000000000e+00
0.000000000000000000e+00 0.000000000000000000e+00
0.000000000000000000e+00 0.000000000000000000e+00
0.000000000000000000e+00 0.000000000000000000e+00
0.000000000000000000e+00 0.000000000000000000e+00
0.000000000000000000e+00 0.000000000000000000e+00
0.000000000000000000e+00 0.000000000000000000e+00
0.000000000000000000e+00 0.000000000000000000e+00
0.000000000000000000e+00 0.000000000000000000e+00
0.000000000000000000e+00 0.000000000000000000e+00
0.000000000000000000e+00 0.000000000000000000e+00
0.000000000000000000e+00 0.000000000000000000e+00
0.000000000000000000e+00 0.000000000000000000e+00
0.000000000000000000e+00 0.000000000000000000e+00
0.000000000000000000e+00 0.000000000000000000e+00
4.623272960754532413e-07 1.651147539902319970e-08
1.842671438741193743e-08 6.580966028637660588e-10
2.722731370287969360e-07 9.723966475510172316e-09
4.712262181447397404e-06 1.682728724939689680e-07
1.117616928593274051e-06 3.991364123930357354e-08
1.204386305513683089e-05 4.299929116175959938e-07
2.952829312655972117e-07 1.054573178176183495e-08
1.184651332698599659e-06 4.230757276902706920e-08
4.773089432016428712e-07 1.704652014765997763e-08
3.314887768498557736e-05 1.182789640657711167e-06
3.980008783384787058e-07 1.421415867881793613e-08
4.122398800579913487e-07 1.472268291749526738e-08
1.222237354721326335e-05 4.363639545567742587e-07
3.533925429968537259e-07 1.262103736359818635e-08
3.423012302720219022e-06 1.222387223696403716e-07
7.459565687777989867e-06 2.663574151575348973e-07
5.289961786719004595e-07 1.889244082989653701e-08
0.000000000000000000e+00 0.000000000000000000e+00
4.689400723747779849e-08 1.674783773719149125e-09
2.706964222340016499e-06 9.666996599969954201e-08
6.357997869216922578e-09 2.270713120478960117e-10
1.419056035027090244e-09 5.068057066581890305e-11
4.108671193265950105e-08 1.467380880905656007e-09
5.739628738667317887e-07 2.049834463328840804e-08
9.608985184509034897e-07 3.431688090442664606e-08
1.976203583712005351e-05 7.053964561224315305e-07
3.579999203491801513e-06 1.278442980161243430e-07
4.985097139375987578e-06 1.780143323556533669e-07
8.910792985437606128e-08 3.182418126004553861e-09
4.016911250944132911e-10 1.434611144915899983e-11
4.011101283748557122e-07 1.432520083833832457e-08
2.200772266346337631e-07 7.859852517251237012e-09
3.329767051385309213e-09 1.189202407478409873e-10
1.208422627062014463e-08 4.315793636364805829e-10
1.020780745456701320e-08 3.645644477494888827e-10
3.496046144687243315e-07 1.248575686478226301e-08
0.000000000000000000e+00 0.000000000000000000e+00
7.205846455956889063e-09 2.573516072170943779e-10
5.467737723731442082e-07 1.952733576605413680e-08
9.746558807410629886e-08 3.480904360248651969e-09
1.031383285166938143e-06 3.683405357590971597e-08
7.334048434916852961e-07 2.619249224203859783e-08
0.000000000000000000e+00 0.000000000000000000e+00
0.000000000000000000e+00 0.000000000000000000e+00
0.000000000000000000e+00 0.000000000000000000e+00
0.000000000000000000e+00 0.000000000000000000e+00
3.984245279324451142e-15 1.422944742615716614e-16
0.000000000000000000e+00 0.000000000000000000e+00
0.000000000000000000e+00 0.000000000000000000e+00
4.526623017419680529e-07 1.616630587333944000e-08
0.000000000000000000e+00 0.000000000000000000e+00
4.204323786628476655e-06 1.501367446125142080e-07
0.000000000000000000e+00 0.000000000000000000e+00
0.000000000000000000e+00 0.000000000000000000e+00
4.447734072898865995e-08 1.588474476372899555e-09
0.000000000000000000e+00 0.000000000000000000e+00
2.157610005182768190e-06 7.705284490416437828e-08
0.000000000000000000e+00 0.000000000000000000e+00
0.000000000000000000e+00 0.000000000000000000e+00
0.000000000000000000e+00 0.000000000000000000e+00
0.000000000000000000e+00 0.000000000000000000e+00
0.000000000000000000e+00 0.000000000000000000e+00
0.000000000000000000e+00 0.000000000000000000e+00
0.000000000000000000e+00 0.000000000000000000e+00
0.000000000000000000e+00 0.000000000000000000e+00
0.000000000000000000e+00 0.000000000000000000e+00
0.000000000000000000e+00 0.000000000000000000e+00
0.000000000000000000e+00 0.000000000000000000e+00
0.000000000000000000e+00 0.000000000000000000e+00
4.098788804451812225e-07 1.463836344377412354e-08
0.000000000000000000e+00 0.000000000000000000e+00
0.000000000000000000e+00 0.000000000000000000e+00
0.000000000000000000e+00 0.000000000000000000e+00
0.000000000000000000e+00 0.000000000000000000e+00
0.000000000000000000e+00 0.000000000000000000e+00
0.000000000000000000e+00 0.000000000000000000e+00
0.000000000000000000e+00 0.000000000000000000e+00
0.000000000000000000e+00 0.000000000000000000e+00
0.000000000000000000e+00 0.000000000000000000e+00
0.000000000000000000e+00 0.000000000000000000e+00
0.000000000000000000e+00 0.000000000000000000e+00
0.000000000000000000e+00 0.000000000000000000e+00
0.000000000000000000e+00 0.000000000000000000e+00
0.000000000000000000e+00 0.000000000000000000e+00
2.545248083698952145e-07 9.090106944618178488e-09
0.000000000000000000e+00 0.000000000000000000e+00
3.432539810300746939e-07 1.225895292777860333e-08
4.088463607163709842e-08 1.460163902433572656e-09
1.183394674190351516e-06 4.226269508384336244e-08
9.500989344949672648e-07 3.393120211540635253e-08
4.450981758698488178e-07 1.589616531153701254e-08
1.123585285867400503e-06 4.012678347994111638e-08
0.000000000000000000e+00 0.000000000000000000e+00
4.968794073413387575e-05 1.779940782240546154e-06
2.541140891790398953e-06 9.074857445262514869e-08
0.000000000000000000e+00 0.000000000000000000e+00
6.344809864636684337e-08 2.265999497423308484e-09
9.975858176903642141e-11 3.562806481799525839e-12
9.717546881771553412e-08 3.470543014703815347e-09
8.435447772176348314e-08 3.012745835286006505e-09
1.347231291128729168e-08 4.811538510427595191e-10
0.000000000000000000e+00 0.000000000000000000e+00
0.000000000000000000e+00 0.000000000000000000e+00
0.000000000000000000e+00 0.000000000000000000e+00
0.000000000000000000e+00 0.000000000000000000e+00
2.299705542469259183e-07 8.213181193791535046e-09
4.095170196942278319e-13 1.462560784605471750e-14
0.000000000000000000e+00 0.000000000000000000e+00
3.001106222163623291e-12 1.071823650682656254e-13
1.423440814804397197e-05 5.081691011976735594e-07
5.622727809452922013e-07 2.008085459736595874e-08
1.799936921419571958e-06 6.432733625545513674e-08
0.000000000000000000e+00 0.000000000000000000e+00
0.000000000000000000e+00 0.000000000000000000e+00
1.271599573843384516e-08 4.541425432475182073e-10
0.000000000000000000e+00 0.000000000000000000e+00
6.877312949859972450e-11 2.456183191648818029e-12
0.000000000000000000e+00 0.000000000000000000e+00
1.667314039035271153e-09 5.954692718560929392e-11
0.000000000000000000e+00 0.000000000000000000e+00
3.276482579995806985e-06 1.170064996617532442e-07
4.095170196942278319e-13 1.462560784605471750e-14
0.000000000000000000e+00 0.000000000000000000e+00
0.000000000000000000e+00 0.000000000000000000e+00
1.203272370198682452e-07 4.297386843494181897e-09
1.957414443421004253e-06 6.990382722230396534e-08
1.133537755986823353e-04 6.878269431158172004e-06
1.314026117889718047e-04 7.688738612898102741e-06
1.634113106691778268e-04 9.180642234051466068e-06
3.301681454769376124e-04 1.938083890103874115e-05
1.752280004364825390e-04 9.131156285081031888e-06
3.038564551728893692e-04 1.279432393521410849e-05
8.755018484261602651e-05 3.859741386805514426e-06
8.033399198213039502e-05 4.182362426250963835e-06
5.405146341373926844e-05 3.403300956294511412e-06
6.506392879399654390e-04 5.305467829949413167e-05
5.177220653475001443e-05 2.958919619856749973e-06
1.014236832766666726e-04 4.641522357002526747e-06
7.364360878400994633e-06 3.572168056154902665e-07
1.627700102006732818e-05 9.320640499938157828e-07
5.618918633989340242e-06 3.292570640516356732e-07
1.015849977342104413e-05 6.700525825365100240e-07
4.332634605741483884e-05 2.695641134783580439e-06
1.701744502702825943e-05 9.387418773044544321e-07
1.353400933704428524e-05 9.442978856656705500e-07
1.084860320490798659e-04 7.982782490123559922e-06
8.962556733725145780e-06 5.583426545872399496e-07
1.202530427100436609e-04 4.640257022180349850e-06
3.484098672552734730e-05 1.850108435530697140e-06
3.060183810529895870e-04 2.087547210267987532e-05
1.480357007972789871e-04 1.083299977168767598e-05
6.845444120869473401e-05 4.657682552509581500e-06
1.557163260371701601e-04 1.124165688052834246e-05
1.848785177373760569e-04 1.145093436707933286e-05
1.534998358835519658e-04 8.540236516633580534e-06
2.646196039373620973e-04 1.909799600307694357e-05
1.537732316928336806e-04 1.128015618487142442e-05
3.547641019172809097e-04 2.466903777735378255e-05
1.143819587348310146e-04 8.018231772788617535e-06
4.462484206190686555e-04 3.132362058318255091e-05
1.105827860305253288e-04 6.247824632670776527e-06
6.204058162874834421e-04 4.572551400331199996e-05
3.951903230626263629e-04 2.608946923286385166e-05
3.824449807329954247e-04 2.547125893122798799e-05
8.763440551124145614e-04 6.363944243303429229e-05
2.633019111681480584e-04 1.658931987784924511e-05
8.532491944094001881e-04 5.663871282627447009e-05
5.936537238183969053e-04 3.809445173175650504e-05
9.642869387751441522e-06 3.774689105775899878e-07
2.213807094798521581e-05 8.676072279820671755e-07
8.268266406514169752e-06 3.183408907840602063e-07
4.837813294660412089e-05 2.005736207452664854e-06
3.781524818175548418e-05 1.378555486798510573e-06
4.678756728419838722e-05 1.693861796484792642e-06
6.970086896019627748e-06 2.502668968692379096e-07
1.262444804506356760e-05 4.614954320136840253e-07
2.262033246876461634e-06 9.315852072252854027e-08
1.567996012391188222e-04 8.110163344397963069e-06
3.293592124470265663e-05 1.176509254579457342e-06
7.651322901442556796e-06 3.185431038235347962e-07
7.930235612091437540e-07 4.096629947824103934e-08
1.059001702365733892e-05 4.368095248648069003e-07
1.481026645322732973e-06 7.062104377480994650e-08
2.628789719898464162e-06 1.087542678182122919e-07
9.012309572859379810e-06 3.859955488995920686e-07
3.181187788652966148e-06 1.418010255095971217e-07
1.749246390598159478e-06 1.074933228370725398e-07
9.819403643921187949e-05 7.036236386460703899e-06
4.755468329114408984e-06 2.542392497925129910e-07
1.303146048545761145e-06 5.368752023700481803e-08
4.851224712378852525e-06 2.814813200389793715e-07
9.367402480854066351e-05 5.701353219521048062e-06
8.674298953147326153e-06 4.665736988197368300e-07
3.417078415170971754e-05 1.365338082860346981e-06
3.169320293935353697e-05 1.709183395581810298e-06
1.624122555499016095e-05 6.902790829437217743e-07
1.542065968611265294e-05 6.562675941780321843e-07
4.435272989535474615e-05 2.031065389585132522e-06
6.541868632165550267e-05 3.982097062310517295e-06
1.292150867511226585e-04 6.751793026663342202e-06
2.143852643229455060e-06 9.779655370007016858e-08
1.463576716628647390e-04 6.624038673104188883e-06
3.139612859383955094e-06 1.385548607868129089e-07
2.951463059399179675e-04 1.835785804318747336e-05
6.478036084714349140e-06 2.398551450507358402e-07
9.439292839822248290e-06 3.743779320959777902e-07
9.302190796700059226e-05 4.587206193971814255e-06
5.224106341805586474e-05 2.039135370805285519e-06
1.763221495047994063e-04 9.567626245833261788e-06
6.469305294355447362e-05 3.389541031153186528e-06
3.829118535292300347e-04 2.282222475357469164e-05
4.396826736286890669e-04 2.652212004680536974e-05
4.162843223260550619e-04 2.369214151979430268e-05
9.853467092846162918e-04 6.302822418704619937e-05
3.003770108325585380e-04 1.717744564962658157e-05
5.607849571510132225e-04 3.942559475674381009e-05
1.693805477199754480e-04 1.156370717467041632e-05
1.676814490794407714e-04 1.046416552294314555e-05
1.015461659172242479e-04 6.060563068794969550e-06
6.891558307660199936e-04 5.489371930852918749e-05
1.283179195849979640e-04 7.735663352373864615e-06
7.684796522349081989e-04 5.865948305878634629e-05
1.376669296551617913e-04 9.007969669688946918e-06
5.469008027346374543e-04 3.885219154787597647e-05
5.598256860504152358e-05 4.000161459304682303e-06
5.078380644287698673e-04 3.705951350983815903e-05
7.432382014778710771e-04 5.785983129244428740e-05
6.551822638087497234e-04 5.135098137241939895e-05
1.145945923835057546e-04 7.582855611789965672e-06
8.521453044531484633e-04 6.619012049021679096e-05
5.834160748042190384e-04 4.010729063641032481e-05
2.071416929453814013e-04 1.499292011403771580e-05
6.771196270409751390e-05 3.685868557339151479e-06
5.887561571006317239e-04 3.647989195108857131e-05
1.957875265584313798e-04 1.140274630502137302e-05
3.994859121035760317e-04 2.395820922200736432e-05
4.168542074817493145e-04 2.268199393818747347e-05
6.211697220974391094e-04 3.497121353769126712e-05
2.970065451400139629e-04 1.945108722477059947e-05
5.282970172379690280e-04 3.569371400419386181e-05
4.450147465294131892e-04 3.345914565356544095e-05
5.993666896616731956e-04 4.371114380929058208e-05
4.871894973250735658e-05 2.819777449895469599e-06
6.845263459577511332e-04 4.692445539153477753e-05
5.234817725853716116e-05 2.928291226778694460e-06
7.693005020004355749e-04 5.491112220263518070e-05
9.325361190177521736e-05 5.342337136729398394e-06
1.500022379815922418e-04 8.660052707060289230e-06
6.162864480204782074e-04 3.642311466543043041e-05
4.172420606547439371e-04 2.486141372528008015e-05
1.149528109868951532e-03 7.751901907961553334e-05
5.117741814141389158e-04 3.413500743997140673e-05
7.134376355298632528e-05 3.689050606076042532e-06
5.227159049561098031e-05 2.744080377267120293e-06
7.377196194588947584e-05 3.419360768145946550e-06
1.823038195709444009e-04 9.869277022182250546e-06
3.747420596409217021e-05 2.238886894420992277e-06
1.828347216441350651e-04 1.234474491548990875e-05
3.142699056022033575e-05 1.935045131695413228e-06
4.331055374706051800e-05 2.647268988061524022e-06
2.558675022023600013e-05 1.503613327536900358e-06
1.561957305318986775e-04 1.206300645647064547e-05
1.778188619126362920e-05 1.189338776883528250e-06
6.532518114619689461e-05 4.323927218196116569e-06
3.119032530302394326e-05 1.938826564516390017e-06
8.187319934728368252e-05 5.514077049089284402e-06
1.731748386446882397e-05 1.106029428507603024e-06
8.114570366328522895e-05 5.109192630691722558e-06
6.214997923861106043e-05 3.649833765342896472e-06
6.314611392944979916e-06 3.131164090934954280e-07
1.674495896148765580e-05 1.083796117749859528e-06
2.921023077771091130e-04 2.151855225209194978e-05
1.607211630787200242e-04 1.039862672229318183e-05
5.228726746173057987e-06 2.898068433431560312e-07
6.594151789028902280e-06 3.981434386107912970e-07
3.471116617992738474e-04 2.436308292362316863e-05
1.909263907965417552e-04 1.130714144597240739e-05
2.858848476582025568e-04 1.983864737770739905e-05
2.133992312247094312e-04 1.456158070433952886e-05
2.703629750705631484e-04 1.547849840096965476e-05
9.374580462079127761e-05 5.697825690365267411e-06
5.965171066563897557e-05 3.640696208372513594e-06
4.783447746876896617e-05 2.997284537729024955e-06
2.772938842415339803e-05 1.552675692151366793e-06
2.143942661988942078e-07 1.178762635877718229e-08
2.508890147301895849e-06 1.032697604214296629e-07
2.210056938891497930e-07 1.095469144297094795e-08
4.892022813928592036e-07 2.193189106272540275e-08
8.960982794743832781e-08 5.653563342771818184e-09
1.085268605912667543e-07 5.830084586233990361e-09
1.710056035177643791e-06 8.435863947851516524e-08
4.125887906462125641e-06 1.662017214224482215e-07
3.096523447960094344e-05 1.248150867738194228e-06
1.821611214683587813e-05 7.694263820997688145e-07
8.029370338104478634e-05 4.542840159725457072e-06
3.837325661807008248e-05 1.910380910400135773e-06
3.986637188692297018e-05 2.405281207949740549e-06
7.326495844899827653e-05 4.181781902255256051e-06
5.020660715369819457e-05 3.106955883169584695e-06
5.963322513873375641e-05 3.598129983073460134e-06
2.213919094770064704e-05 1.437050044126767819e-06
3.906974563214641390e-05 2.553431012894463226e-06
3.366967531754296066e-05 2.203881991283248858e-06
1.061479211856762404e-04 8.097949283211759245e-06
1.689423358681638775e-05 1.112385656752584315e-06
1.289504466387608037e-05 7.051573510199389656e-07
1.821997810070748915e-05 1.203314797418474487e-06
3.592565902464691231e-05 2.263712313728238388e-06
4.582537513534144677e-06 2.790196457634053338e-07
3.453226227822064052e-05 2.276183906011203465e-06
1.570746699295513688e-05 8.315045034732069506e-07
6.920372252657895558e-07 3.367014575220735699e-08
8.110795838481843015e-06 4.613472143934640529e-07
9.620159063256962257e-05 6.108401208545241857e-06
1.215957651706577619e-05 4.624696876710050094e-07
2.984641899250177775e-06 1.383331150615932636e-07
9.950411931092206132e-06 6.472853142390009502e-07
2.626042716900004619e-04 1.935425964004110360e-05
1.688210792203009619e-04 1.094476880878467115e-05
2.567221622337082648e-04 1.919834076952783497e-05
1.923982078556120997e-04 1.411041606814505088e-05
1.681434910029518039e-04 1.113470985304712843e-05
5.490117479981095294e-05 3.294424336595745312e-06
2.132686547415742087e-05 1.364707604776757469e-06
3.098780380572134188e-06 1.451112407941176925e-07
4.173083631332547179e-06 3.019304984583092628e-07
7.610115600050531909e-08 5.385070346969624657e-09
1.109211421064455486e-07 7.473423709285565150e-09
1.058700902085423074e-07 7.404858646051686188e-09
9.269716497191233699e-08 5.826323848226850039e-09
6.859549284436389132e-08 4.873373486552414740e-09
4.255773685948121298e-08 2.529490247570580670e-09
6.625200294824248940e-08 3.439688031475001845e-09
3.164777999996759032e-07 1.750806560692365863e-08
1.639012076797118007e-06 8.335776225036830931e-08
3.317229295902243662e-06 1.496983609030891415e-07
1.767400361988193176e-05 6.853023842640500220e-07
1.501545400773649365e-05 5.378610748213544073e-07
1.240442923841045920e-05 4.467209429823224211e-07
1.629052415949137792e-04 5.793190125133002317e-06
1.871629644306073710e-05 6.784715140775099198e-07
2.579631674155671373e-04 9.149681654521807429e-06
2.095027029494884207e-05 7.481525490285112558e-07
3.482577305477264082e-05 1.251876385033101227e-06
1.804879417525955423e-06 6.445674275658790392e-08
2.199544387140293131e-04 7.814788253670901521e-06
1.962072238383045272e-05 7.004613058496559264e-07
3.058498597059565894e-05 1.091414599391577995e-06
4.315059738365842177e-05 1.539309055471181927e-06
3.481974896238883223e-05 1.243189524477639891e-06
1.396164689880856871e-06 5.141908649493580987e-08
3.036413370310836381e-06 1.096936775383575669e-07
6.197582389382930179e-06 2.214128910397466244e-07
3.358355819670604704e-06 1.199300007201382955e-07
2.661498702468336296e-05 9.498268946020956209e-07
3.855307586606621822e-05 1.375410747932523892e-06
2.213618527953831774e-09 7.905799908349440702e-11
1.543507438773086818e-07 5.515798342366868101e-09
2.885999601370009525e-07 1.030707230979822812e-08
6.214542407734085078e-06 2.219093283018297128e-07
8.669327578765101180e-06 3.095436943214423966e-07
2.075345345125124258e-04 7.392701801448649250e-06
3.166189709787318085e-05 1.184867258217756819e-06
2.432569524553559280e-05 8.719717307113771476e-07
1.042954646003172744e-07 3.724877239875140160e-09
1.995249604913074011e-07 7.125968042523778825e-09
5.251722635232406291e-05 1.872857540536714618e-06
1.867543317956437120e-07 6.758989202606373522e-09
1.601777436855240510e-10 6.758186560026482722e-12
2.202107441829211161e-07 7.865500147244424214e-09
4.667982046049422167e-07 1.669465882059356003e-08
5.497222886286712897e-06 1.962992121317782404e-07
2.701844970683459432e-06 9.648733354257105648e-08
1.189505373816613741e-05 4.246833931589719258e-07
1.104974139363079286e-04 3.934126736447566865e-06
1.093647688194236366e-05 3.904688868966479657e-07
2.834616486013131088e-04 1.004328047374148316e-05
5.300176686288395419e-05 1.890168070586844891e-06
5.180618431733140185e-05 2.768037269451281362e-06
4.017858098667238706e-05 1.922647262151323861e-06
4.051875319554347883e-05 1.834116388882536004e-06
4.213789954171159250e-05 1.999257906878403710e-06
2.116417080044814535e-05 9.537482627317200216e-07
1.813703226859654996e-05 7.522888819543782656e-07
8.871299815269236992e-06 4.951618130858566430e-07
8.763429192530220433e-06 5.085575398390546534e-07
2.921873408177518226e-06 1.212519801542541358e-07
3.663698418008839790e-05 1.615205458774761459e-06
2.800897250992989983e-06 1.464219231714821091e-07
5.961976566465980523e-06 3.453978778866227750e-07
4.598472894791082429e-06 2.023020856808389664e-07
1.288054524306545158e-05 4.844338878181293995e-07
3.335611392035019428e-05 1.200963301068311287e-06
4.291197082918618131e-06 1.699771372590570145e-07
2.900242783375004004e-06 1.167093370545829830e-07
4.920616027024915010e-07 2.321828680567173125e-08
4.262093703712775634e-06 1.534680311097349859e-07
2.900595522331051262e-06 1.042280153719426625e-07
1.515058650100630309e-06 5.442743342575924215e-08
4.038078675989852201e-06 1.552121601871279995e-07
1.204469543207210411e-05 4.689129146585946563e-07
2.625558137099899553e-05 9.389335901289419234e-07
1.591558028867583805e-06 5.726514439249840818e-08
1.695548351182254451e-06 6.607663219590537183e-08
4.315400387373444158e-06 2.520061522363144720e-07
2.070408633608139827e-05 8.172404515418975593e-07
7.508661028577727584e-06 2.685889959392646234e-07
1.178499590464755166e-07 6.426983047939435822e-09
8.201930482621361366e-07 3.594871996286892432e-08
8.838126322532051367e-07 4.829997488481099459e-08
7.290488827307736529e-06 2.655053743241819033e-07
1.019834517707910877e-05 4.604939964622944421e-07
1.966611807868406231e-05 7.032467352697119289e-07
6.085175643615894046e-05 2.169932715010687390e-06
2.063070508826930328e-08 1.341866945877354057e-09
9.952649043392378348e-09 5.802792537253266457e-10
1.832376838647504588e-08 8.581010038204914153e-10
5.607529496649171799e-09 3.116625143043784029e-10
8.460598306504892874e-08 3.285106273117994217e-09
6.413585455122552284e-07 3.454113209672363238e-08
5.056609270901359229e-05 1.969730182465934158e-06
6.498870735762755859e-05 2.730059321762920936e-06
5.775225487274957242e-05 2.156850596267866955e-06
3.354407938958766646e-04 1.198408268766719149e-05
4.907392876048665228e-05 1.816635058819020098e-06
6.127105051802143182e-04 2.155438617781315076e-05
5.049987608541751472e-05 1.806921804777577214e-06
1.625951649024369721e-04 5.781617781143608365e-06
1.164572663690417866e-05 4.157832364538307445e-07
4.201785078655283874e-04 1.498574954752613599e-05
5.470467450487904375e-05 1.951536226299109553e-06
8.611884045948071562e-05 3.136190592147669081e-06
8.370140248179064302e-05 2.998547846481605029e-06
1.183651092916846798e-04 4.228076369403977491e-06
2.352795401267069187e-04 8.351780691583975607e-06
2.085659549210987170e-05 7.543741915747267908e-07
1.448020287687011600e-05 5.186078324620807523e-07
7.695896351867597508e-06 2.747954505905451350e-07
4.899653954471042637e-05 1.747540434181633222e-06
4.626963664597594185e-04 1.631580381235429904e-05
3.121332816630500355e-05 1.113787820533415084e-06
4.826749254955646327e-05 1.721643921191107506e-06
1.121376036119144024e-05 4.011091557805529593e-07
7.692392554544971132e-05 2.741431524991232393e-06
1.000996823960680158e-04 3.564969860950836095e-06
3.452786943125105579e-04 1.221217299096527473e-05
8.592795394947909469e-05 3.061474847746442448e-06
9.273314028113606715e-05 3.303467148471901594e-06
3.165359198606037481e-06 1.130407026286424463e-07
1.896511173680213186e-05 6.775679784851329018e-07
1.356537953780251175e-04 4.827745833712678368e-06
8.766571933723510423e-05 3.123823239776864076e-06
6.148454847131961680e-06 2.264131455873668450e-07
5.130270071044505518e-05 1.830702447091249150e-06
7.204120846299835225e-05 2.568077687464162281e-06
7.871386679928515148e-04 2.749251655579980643e-05
5.038671633871465237e-05 1.797021080292184366e-06
2.116091344990624404e-05 7.554048799895889278e-07
1.840094051980693314e-04 6.538076723351431934e-06
2.828230426198631093e-05 1.009285403234813104e-06
4.798119189532458191e-04 1.690595927803006913e-05
1.287241711790408953e-04 4.593669879983081113e-06
