0.000000000000000000e+00 0.000000000000000000e+00
3.781953687181339313e-02 3.638921950261494315e-02
3.721139282410995675e-01 2.336451526500773757e-01
1.420308197588550092e-01 1.218580659974826536e-01
5.328136113350930014e-02 5.044245768926986645e-02
1.527238135959215759e-01 1.293992503566397667e-01
4.438332293780652416e-01 2.468452938779029660e-01
5.878634132846668470e-01 2.422800206059678163e-01
5.660917880856862761e-01 2.456318755476367133e-01
2.287489136163680381e-01 1.764228481356994171e-01
6.035872633222502670e-02 5.671555048777659341e-02
4.356860935295351483e-02 4.167038563200324564e-02
9.279777007420161872e-02 8.418634394345722582e-02
1.903876597106868573e-01 1.541401987405745522e-01
1.863406912383042957e-01 1.516178380271352433e-01
1.685764905820497650e-01 1.401584574050898646e-01
1.685831769785685885e-01 1.401628894183812035e-01
3.697446702138317692e-02 3.560735580986782584e-02
1.198372224175125490e-02 1.184011264298381189e-02
9.775413919838069066e-02 8.819826746796430306e-02
1.917591901510324881e-01 1.549876031436526469e-01
4.133916192598228179e-01 2.424989883855644957e-01
4.276293747156432179e-01 2.447624925959512310e-01
5.451023011212308145e-01 2.479657824335698146e-01
5.560922191694716021e-01 2.468536629486439704e-01
4.569877703524269363e-01 2.481499481007444496e-01
5.373437152671547423e-01 2.486054469300456593e-01
5.249863544325690246e-01 2.493756820921700368e-01
3.643648490274693508e-01 2.316031058206588222e-01
1.460992283816819060e-01 1.247542438479590510e-01
8.998035704875806395e-02 8.188389239413608467e-02
1.168093546192550125e-01 1.031649292926881401e-01
2.380849425618796200e-01 1.814005026871861048e-01
1.911579332445351720e-01 1.546165778022129955e-01
1.731601545266391040e-01 1.431757154109495611e-01
1.842014200367781407e-01 1.502712568932125792e-01
4.916092899036401676e-01 2.499295959840788506e-01
4.706855741586409292e-01 2.491406644375914470e-01
1.132440093412143411e-01 1.004198036895413010e-01
2.921186564854342648e-03 2.912653233907656989e-03
8.527339465162266932e-06 8.527266749643913656e-06
0.000000000000000000e+00 0.000000000000000000e+00
