0.000000000000000000e+00 0.000000000000000000e+00
3.781953687181339313e-02 3.638921950261494315e-02
4.694276593979804235e-02 4.473914266571937803e-02
3.430397769190856455e-02 3.312721480642160515e-02
9.375331664310617569e-03 9.287434820494792562e-03
4.076732657548024635e-02 3.910535165936838975e-02
1.030712518056911692e-01 9.244756885689897619e-02
2.126586741145614079e-01 1.674349624383981716e-01
1.917835059170084067e-01 1.550025927751892130e-01
4.468320290353848534e-02 4.268661428181969725e-02
2.676432230382698885e-03 2.669268940898867747e-03
1.218822641801090619e-03 1.217337113168923644e-03
3.078886189922646482e-03 3.069406649752150305e-03
2.713144983549307943e-02 2.639533426531720170e-02
3.386950554929420848e-02 3.272236214314053898e-02
2.316762261839400150e-02 2.263088388060567960e-02
1.103721153384828145e-02 1.091539149540536775e-02
1.447986845629499432e-03 1.445890179724383402e-03
3.583512345805708356e-03 3.570670785073166379e-03
2.880322607824916184e-02 2.797360024573443057e-02
6.357943765769344391e-02 5.953709276482491847e-02
1.081982750570933544e-01 9.649140833176292342e-02
1.048887386985675185e-01 9.388709119279115001e-02
1.687302893188847852e-01 1.402603787852502171e-01
1.672625757662622725e-01 1.392858065142976443e-01
1.143565106787981095e-01 1.012790991441680499e-01
1.961875156585177193e-01 1.576979743582565818e-01
2.313243154991310724e-01 1.778133765579895387e-01
1.031935531641835352e-01 9.254464374953436101e-02
3.148658275876423107e-02 3.049517786493972232e-02
4.419250633785060459e-03 4.399720857620850398e-03
3.104151876790129522e-02 3.007794288048332848e-02
1.086112746617622915e-01 9.681486567810952681e-02
1.245736044745505422e-01 1.090550215427687764e-01
7.131767965711223456e-02 6.623146822543775347e-02
9.719253546627588947e-02 8.774614651591258752e-02
2.035614066813313250e-01 1.621241603912489671e-01
1.422422875795672781e-01 1.220094192036989544e-01
1.075793866347540470e-02 1.064220541918830566e-02
9.937948201083851186e-06 9.937849438269402998e-06
8.527339465162266932e-06 8.527266749643913656e-06
0.000000000000000000e+00 0.000000000000000000e+00
