9.698566434557780447e-01 2.923473460046988048e-02
8.090192769178689014e-01 1.545070864931574750e-01
3.063535658108347270e-01 2.125010585258212958e-01
3.793688882615302016e-01 2.354481348807408170e-01
4.423377111671356055e-01 2.466750604465553220e-01
5.519453657004129710e-01 2.473016789822503614e-01
3.552737773646050257e-01 2.290543204816900824e-01
2.937523450376551271e-01 2.074619048225335438e-01
3.165085399203458882e-01 2.163308840778366826e-01
4.359273641453600412e-01 2.458946973346387010e-01
2.634650890816979674e-01 1.940512359168709011e-01
2.688847464151021271e-01 1.965857395603883562e-01
2.932530906793422432e-01 2.072557154863557127e-01
2.973809233778412775e-01 2.089455097887837898e-01
2.467354400386298774e-01 1.858570626675735693e-01
4.115810520547122375e-01 2.421820896442485049e-01
1.507268224787476074e-01 1.280082474642077195e-01
2.424010400159746503e-01 1.836427758151485123e-01
1.821376528567959507e-01 1.489635282686132545e-01
2.193017651066236917e-01 1.712085009277429237e-01
3.166934584576804323e-01 2.163987118277938548e-01
2.266717974865475327e-01 1.752916937107651119e-01
2.991987374190464011e-01 2.096788529458949446e-01
2.637309156005027133e-01 1.941769197570232253e-01
2.998265393474871532e-01 2.099305856503969059e-01
4.109229070202184420e-01 2.420652715062713567e-01
3.089570821821540636e-01 2.135026035516437437e-01
2.209701057528370427e-01 1.721423181164170590e-01
3.556367873312713535e-01 2.291592628279634225e-01
2.754448432304113514e-01 1.995749815681854833e-01
1.583221541502475571e-01 1.332562496554728082e-01
1.901475782394240477e-01 1.539914767291061526e-01
2.511200226955025427e-01 1.880587568969128154e-01
2.548298617453655934e-01 1.898916033082034549e-01
1.246232626068844440e-01 1.090923050240999587e-01
2.390170315286146985e-01 1.818878901678639137e-01
2.931426589405976002e-01 2.072100404498340709e-01
2.611900350327296394e-01 1.929698006323311010e-01
9.867252705582220396e-02 8.893625946024023843e-02
1.125808504452290998e-01 9.990640255825805616e-02
1.347367199141581984e-01 1.165827362209318763e-01
6.804244791141750293e-01 2.174470073363786171e-01
