4.983080617856276012e-02 4.734769693415727398e-02
1.441475530373922675e-01 1.233690359907244488e-01
2.661586791947287978e-01 1.953182366840462425e-01
3.282665699009862936e-01 2.205076289864271732e-01
3.386815116990492536e-01 2.239763453322960174e-01
2.036238923031979953e-01 1.621612027864936245e-01
1.234548253252010230e-01 1.082137314291251318e-01
4.311060875523214236e-02 4.125208416798544636e-02
1.783004483881468483e-01 1.465093984927326454e-01
6.325453383067972668e-01 2.324317332931366553e-01
8.400823586035039980e-01 1.343439893666776852e-01
9.486549865033377937e-01 4.870870308568975293e-02
9.532453932076868641e-01 4.456861353600927167e-02
9.562327969336859024e-01 4.185163500206612319e-02
8.037713849536505251e-01 1.577229456833411092e-01
8.399566655023879003e-01 1.344294655804975092e-01
9.470718340613119013e-01 5.012677518905483964e-02
9.711146431741447538e-01 2.805099298689828213e-02
9.359629000437443835e-01 5.993634978544815084e-02
7.314707462811890215e-01 1.964212936160294465e-01
5.842782429112536313e-01 2.428971777717917058e-01
2.977304583884377021e-01 2.090870325362484683e-01
2.569451365209067251e-01 1.909243333391593134e-01
1.893160563542822528e-01 1.534754871607444948e-01
9.760661882445330340e-02 8.807956678611117418e-02
5.960846177153606568e-02 5.605529305676738849e-02
7.551596643664656994e-02 6.981330524978583696e-02
1.788068918289664189e-01 1.468349872634307218e-01
3.037232625806053909e-01 2.114754423479980328e-01
7.449120564010454082e-01 1.900180846294111658e-01
9.319326952429231037e-01 6.343414678018410857e-02
9.543935313831269918e-01 4.352651863717116321e-02
7.619128771531207267e-01 1.814016447813743271e-01
8.412397405977030118e-01 1.335554394368123621e-01
9.579040139288725886e-01 4.032391402782686818e-02
9.439616797643599622e-01 5.289802690080791514e-02
8.569880115036829782e-01 1.225595596426463096e-01
7.074998113413991652e-01 2.069438282932837270e-01
9.572753140552643369e-01 4.089928715565938067e-02
9.704666824976619921e-01 2.866110065964411202e-02
8.743687900867804785e-01 1.098480090089600791e-01
1.843274086313357596e-01 1.503508150585923242e-01
5.509430291367543864e-02 5.205892070013161399e-02
1.576812843461059543e-01 1.328178969130684450e-01
3.542754756573781583e-01 2.287643630051166277e-01
4.018588850401604295e-01 2.403683215544395457e-01
4.311068602192689170e-01 2.452537352911526580e-01
3.397583514037246788e-01 2.243226140551478065e-01
2.003009799846606209e-01 1.601804974018452010e-01
7.380028637931035362e-02 6.835380410964213282e-02
4.575039292113312200e-02 4.365729446869505426e-02
4.565999581455255640e-01 2.481164363670298745e-01
6.876389868827000873e-01 2.147916106016339310e-01
9.174436392404404783e-01 7.574080805769700664e-02
8.971412978852419950e-01 9.227878951402546104e-02
7.813694990218962300e-01 1.708312050201671317e-01
7.126593765723113760e-01 2.047759895558758370e-01
8.820100674592169510e-01 1.040683083598045178e-01
9.383931898208243139e-01 5.781141111872267757e-02
9.726104382574907170e-01 2.663937365006252556e-02
9.281014217273287903e-01 6.672917271503975289e-02
8.542910099857772277e-01 1.244778802432578990e-01
6.849602754598602683e-01 2.157896965018126223e-01
5.049512686015614760e-01 2.499754849392352152e-01
3.974791269114097414e-01 2.394894705811531632e-01
2.266798075503717036e-01 1.752960723992981473e-01
8.329891887373931658e-02 7.636020898820551628e-02
5.310534306317821890e-02 5.028516560132036822e-02
7.892435486111101794e-02 7.269530107086843995e-02
1.397910543655596638e-01 1.202495154849248099e-01
2.747638103258284170e-01 1.992686588610605991e-01
7.074552051788294271e-01 2.069623378442098094e-01
8.901347793926617236e-01 9.779485390823916546e-02
9.041679225224640293e-01 8.664829040387556081e-02
7.302631668568985157e-01 1.969788739890321327e-01
9.223759106396747232e-01 7.159859011130553785e-02
9.576685480522685312e-01 4.053950012372842249e-02
9.462606109800868470e-01 5.085146708767962487e-02
6.397010463913861411e-01 2.304836176371517498e-01
5.205075946529111874e-01 2.495794385615519029e-01
9.123025272282517806e-01 8.000662604119668231e-02
9.235684444453946540e-01 7.058977287010859136e-02
8.345546039185519627e-01 1.380732169969007828e-01
1.417335636355177286e-01 1.216451605746943776e-01
