0.000000000000000000e+00 0.000000000000000000e+00
4.101991006990352018e-02 3.933727704776054934e-02
5.630016049189619232e-02 5.313045242048292094e-02
6.241097049448691980e-02 5.851584125642320111e-02
6.399018237848631829e-02 5.989543893765437998e-02
6.417528643215963946e-02 6.005681904350990835e-02
5.733286702952655745e-02 5.404580938770118387e-02
4.593424157990144002e-02 4.382428703038069445e-02
1.681759497012309465e-02 1.653476346954398449e-02
2.751403854599542096e-04 2.750646832282431812e-04
6.458760751185989302e-05 6.458343595281578657e-05
1.247874096259107970e-05 1.247858524361506809e-05
2.826123455084764271e-05 2.826043585346930370e-05
5.973606852943745375e-05 5.973250013155410101e-05
6.381524678688160486e-05 6.381117440115913935e-05
8.387770753959139817e-04 8.380735284137042287e-04
5.497270157197879994e-03 5.467050178016661516e-03
1.097759891072408456e-02 1.085709123287935396e-02
1.145227773383889099e-02 1.132112306854590918e-02
1.207130702386838145e-01 1.061414249122343972e-01
1.335256108955736598e-01 1.156965221305375213e-01
1.380996915579599527e-01 1.190281667495562690e-01
1.370186965124376710e-01 1.182445733184701725e-01
8.859710485404484470e-02 8.074765786552623448e-02
1.986962301126040178e-02 1.947482109265079309e-02
7.066424967809906837e-03 7.016490605984219628e-03
6.304732582054196031e-03 6.264982929122980479e-03
1.848014055038500270e-03 1.844598899090880333e-03
8.196737890372308814e-04 8.190019239167962333e-04
1.596535940958836511e-04 1.596281048257759184e-04
5.137138744309196602e-04 5.134499724861367811e-04
5.190918744734688509e-04 5.188224180993244224e-04
5.264960941419720994e-04 5.262188960048253027e-04
5.825040131370730996e-04 5.821647022117523197e-04
3.612377306997762230e-04 3.611072380016951177e-04
1.528226282994873020e-04 1.527992735437669412e-04
1.455545535829955747e-04 1.455333674549268283e-04
5.107138608692914349e-05 5.106877780045229997e-05
1.012162257598118438e-05 1.012152012873761297e-05
2.670822548045768440e-17 2.670822548045768440e-17
2.647705623179711556e-17 2.647705623179711556e-17
0.000000000000000000e+00 0.000000000000000000e+00
0.000000000000000000e+00 0.000000000000000000e+00
4.987714711858500655e-02 4.738941731389603729e-02
6.558893714361579974e-02 6.128702846798661508e-02
7.119268955250346309e-02 6.612429050678432507e-02
7.224451124966124738e-02 6.702524184395881879e-02
7.055126470823787355e-02 6.557378375630602829e-02
6.264009959408398109e-02 5.871631751692722029e-02
4.792921372644297351e-02 4.563200419800792634e-02
1.538790167720363242e-02 1.515111415917634596e-02
1.442470715671109781e-03 1.440389993905541021e-03
5.740316881273992767e-06 5.740283930036095313e-06
3.089698412516224226e-06 3.089688866279943850e-06
3.757102349633248579e-04 3.755690767826686785e-04
4.290197283231205567e-04 4.288356703958301269e-04
5.049949920740921848e-04 5.047399721320722493e-04
4.728682972450981505e-04 4.726446928185586908e-04
1.090320907691838992e-04 1.090202027723663990e-04
3.667613367280204067e-05 3.667478853402085656e-05
8.069236614000470072e-05 8.068585488205142408e-05
9.421234762478884403e-03 9.332475098029143629e-03
1.377246029144791120e-02 1.358277962896840135e-02
2.348087717623657464e-02 2.292952558327106607e-02
2.734197272468223694e-02 2.659438925220496824e-02
2.363901178932319158e-02 2.308020891094742996e-02
1.758847978103398116e-02 1.727912516002614099e-02
1.735399614636946516e-02 1.705283496412125788e-02
1.964306033829562800e-02 1.925721051884170601e-02
1.473809198231449194e-02 1.452088062703532981e-02
6.983613018129729115e-03 6.934842167342737847e-03
1.774258299444397358e-03 1.771110306931249949e-03
6.892888510547314938e-04 6.888137319345431732e-04
6.907310838335891431e-04 6.902539744034152068e-04
6.899436383640262897e-04 6.894676161399072465e-04
7.404009222795108992e-04 7.398527287537985620e-04
9.243410730071302268e-05 9.242556323652054400e-05
8.481688883156278988e-05 8.480969492693172108e-05
7.437236963645874207e-05 7.436683838709340453e-05
3.515865967473343588e-05 3.515742354338331061e-05
2.719675753782459825e-06 2.719668357146254078e-06
2.072495970276088089e-11 2.072495970233135767e-11
2.072495714604091421e-11 2.072495714561139098e-11
0.000000000000000000e+00 0.000000000000000000e+00
