1.000000000000000000e+00 0.000000000000000000e+00
1.000000000000000000e+00 0.000000000000000000e+00
5.108323455091516863e-01 1.210452450288960202e-01
2.807435494413695332e-01 9.682778733609551103e-02
1.308607428882627155e-01 5.654624437567318251e-02
1.728798388782252712e-02 8.475803353571899693e-03
7.894437416534503746e-03 3.906559121104496643e-03
2.823116827506985758e-03 1.404327421763307358e-03
2.150305048578752751e-02 1.058148902838785058e-02
1.915513044298849249e-02 9.366904581063099228e-03
4.845670292075461572e-02 2.238110912999481672e-02
9.473726523088725482e-02 4.176598356198429896e-02
1.986791793114021376e-01 7.378752567254925898e-02
1.660328519524710833e-01 6.404811390509622393e-02
1.936755449199824008e-01 6.842062423708464292e-02
1.163543814604421495e-01 4.742003852599267072e-02
1.175976732353221366e-01 4.588928467778707193e-02
4.867628539462724724e-02 2.215504829441421533e-02
4.044411316654432376e-02 1.858757375651254665e-02
1.582486249596568723e-02 7.662004974966643046e-03
9.062203773431127748e-03 4.448978349484374734e-03
1.470465135171554949e-03 7.330702998720224498e-04
1.035362716924714431e-03 5.166093825256602495e-04
3.362244193100260301e-04 1.679991627948726636e-04
3.262813367170180803e-04 1.630342620255698864e-04
6.668982832785887074e-04 3.330078199019507134e-04
9.063587341789524536e-04 4.523586317292166621e-04
1.314342882233947654e-04 6.570032684356600370e-05
1.710352921074790927e-04 8.652548991341674905e-05
3.187906135258949123e-04 1.617524159002774393e-04
7.010245503864567492e-04 3.501472944814384004e-04
4.471037770307375691e-04 2.233561071116909301e-04
3.129634995938134108e-03 1.561295491091449928e-03
6.613302392890781263e-03 3.267154543796348207e-03
3.238314648625441501e-03 1.608670642759964155e-03
2.434118977291673241e-03 1.211134553454368485e-03
3.497104637234253657e-03 1.737097309216096685e-03
6.290871957962709121e-03 3.120406217073363239e-03
6.410294976251423860e-03 3.169332598800760677e-03
1.291849933035770989e-02 6.341968327748930337e-03
1.322447619791801074e-02 6.475189861629114529e-03
1.000000000000000000e+00 0.000000000000000000e+00
1.000000000000000000e+00 0.000000000000000000e+00
2.888721155439068489e-01 9.789858574716411854e-02
1.279621693186781539e-01 5.641861037746520591e-02
7.254969436291625051e-02 3.478006233396736119e-02
1.574787285983137580e-02 7.731251455264149045e-03
4.719406507317954781e-03 2.341011503972392077e-03
3.191854724967250340e-02 1.556602625728100396e-02
5.130183807622750586e-02 2.381429526042945846e-02
1.251914927740581662e-01 5.179124275816750222e-02
2.073963619696947425e-01 7.817588371203554320e-02
2.768959480562218634e-01 8.806404314678958900e-02
2.290025654732033289e-01 7.636938714613406010e-02
2.117386602622474412e-01 7.400875736455150844e-02
9.997987402216496067e-02 4.387672959268747175e-02
8.609055301235110647e-02 3.615288612344408348e-02
5.279323421351488771e-02 2.372133161162391646e-02
4.445131894994736738e-02 2.024987365014302779e-02
6.015490150862415515e-04 3.004126463255712520e-04
9.075278432503315271e-04 4.529403148388913233e-04
5.862666810001990495e-04 2.927896318788485120e-04
7.303499577640367368e-04 3.646415678212124338e-04
1.846182671637161174e-04 9.227504967730075904e-05
2.781166209136209390e-04 1.389810650482213561e-04
3.594654773968219996e-04 1.796037997356165106e-04
4.682330892113374015e-04 2.338978004520656873e-04
2.521298959629022021e-04 1.260964185307615550e-04
2.391417038974387964e-04 1.242033262296452975e-04
4.560747146856784741e-04 2.319666322440309817e-04
4.380674029340447372e-04 2.198535835934946532e-04
4.454447173411125896e-04 2.225305398670333196e-04
2.771415451164588924e-03 1.385045015510400152e-03
3.986136635845963921e-03 1.977612325813643979e-03
2.824193137825200053e-03 1.406531002341283344e-03
1.908489614612306770e-03 9.506024747081657242e-04
3.542238126368175977e-03 1.758571863597380028e-03
7.904103141502394000e-03 3.923957349696392989e-03
7.352309546952201860e-03 3.623550871763076778e-03
1.539124365596284023e-02 7.510755239159859487e-03
1.617390735930447979e-02 7.872781552712083269e-03
1.000000000000000000e+00 0.000000000000000000e+00
1.000000000000000000e+00 0.000000000000000000e+00
1.821447111139717356e-01 7.453420930708215542e-02
8.133904500764682632e-02 3.865439527148668841e-02
7.481138632343692363e-02 3.570965333334652492e-02
3.000739110187584935e-02 1.443156534234310735e-02
8.816304541549405127e-02 4.078885408642628913e-02
1.159561005295880326e-01 5.010485241144932433e-02
2.643295548878156209e-01 1.004861345576850695e-01
3.039745577627343542e-01 9.705479128574469316e-02
3.039942156217369518e-01 9.722167375839546599e-02
2.155462105838023834e-01 7.680726506859072988e-02
2.461172077790929891e-01 7.724653307588708051e-02
8.272667304370572017e-02 3.501202183770563137e-02
6.311400711885971349e-02 2.758050376790766728e-02
4.538845449007018057e-02 2.065408514436426271e-02
3.320653664207915551e-02 1.550059424554268983e-02
4.652603598899090532e-04 2.324137127424696437e-04
6.770917911689480631e-04 3.380874422908142067e-04
4.157533043514612310e-04 2.077038013656514631e-04
1.717617240324085832e-04 8.585135992740231036e-05
1.477845149382249880e-04 7.387041721037987353e-05
2.088526573476943830e-04 1.043827306788665238e-04
2.612559083823677575e-04 1.305599224662436989e-04
2.945582017373931153e-04 1.471946084322666869e-04
1.667694062067363945e-04 8.335689107425162320e-05
2.074788437097589667e-04 1.046663204304766441e-04
3.713996929651794464e-04 1.859126351219528512e-04
2.815400587601797643e-04 1.406907660407457120e-04
2.089226730160159131e-04 1.044176878247077939e-04
2.967255782838470069e-03 1.476297603223433990e-03
5.574301545743793294e-03 2.758915693730895451e-03
2.439693434758653280e-03 1.213896100122906826e-03
1.817372460057118094e-03 9.053897929694602106e-04
3.233911034206837787e-03 1.606500129559174008e-03
7.767663287271392610e-03 3.856961015058828213e-03
9.598449008986091602e-03 4.735944527586572264e-03
2.325278197959818396e-02 1.126487195413776628e-02
2.600728454938470990e-02 1.249064139748577371e-02
1.000000000000000000e+00 0.000000000000000000e+00
1.000000000000000000e+00 0.000000000000000000e+00
1.881151389436435395e-01 7.682234534443592444e-02
1.120169457976465527e-01 5.050940424409053331e-02
1.385658437467340298e-01 5.982292214506491901e-02
2.392838355899135627e-01 8.888002323270993710e-02
2.670102456576349814e-01 9.753897996254379255e-02
3.460375122866103381e-01 1.032075170439328837e-01
3.423500819312647603e-01 1.024173387681021480e-01
2.964300880313234798e-01 9.928850536483688205e-02
1.515996106070872929e-01 5.709055813929880818e-02
1.398890046009588495e-01 5.375277113811714746e-02
8.164369366032553366e-02 3.534596023919273078e-02
5.999353804501444953e-02 2.640070555694367868e-02
7.742772903514690344e-03 3.833146577107470268e-03
5.690968052799919193e-03 2.813099624136723969e-03
9.786589871892098069e-04 4.883717201813998982e-04
1.404216827210767347e-03 7.001365887583976865e-04
4.957470788809738510e-04 2.476277742742679028e-04
3.532877484485382065e-04 1.765190619940098691e-04
2.180338044121440911e-04 1.089694055934904677e-04
3.751863326496076298e-04 1.874533746764832213e-04
4.183424451010302387e-04 2.089973718186803825e-04
2.513445261142755968e-04 1.256160276975104616e-04
2.299004885373098132e-04 1.149128156037253857e-04
2.720940216623459764e-04 1.360266765322540750e-04
8.974279858120561308e-04 4.480776243185963996e-04
4.781045167482970678e-04 2.388252101016611034e-04
4.429714902528567142e-04 2.212895223800977846e-04
5.234515457665964502e-03 2.599726485169756053e-03
2.359301469063750795e-03 1.176374602260385222e-03
6.929464305603683615e-03 3.450922526083217718e-03
4.199859688245759226e-03 2.084318585532648777e-03
5.972605684343750693e-03 2.957927718534715186e-03
2.200580092951135228e-02 1.083504700312300922e-02
2.460482485792881910e-02 1.200540130890093669e-02
5.954475250484641408e-02 2.762010515563140950e-02
6.108773252466599690e-02 2.816793810733168521e-02
1.000000000000000000e+00 0.000000000000000000e+00
1.000000000000000000e+00 0.000000000000000000e+00
3.307079221626197385e-01 1.091212248971376864e-01
2.552339447020132712e-01 9.539461028458706693e-02
4.208338816650877834e-01 1.267633647738285740e-01
3.840989102359668173e-01 1.120123836094381597e-01
3.447269953501310158e-01 1.025731789293675006e-01
2.769877601828837910e-01 9.251190327031175165e-02
2.677023492625557610e-01 8.109377081242176433e-02
9.126430003000232660e-02 3.747024692284197517e-02
7.291477242738868270e-02 3.119081429259131302e-02
4.712576963252883278e-02 2.135373701958752021e-02
4.225100593076167033e-02 1.934036060178191338e-02
2.034251596858954129e-03 1.012987618920864127e-03
3.543934452429867762e-03 1.759407808448462847e-03
7.064039059793073960e-04 3.527029465114257540e-04
1.099514102352810042e-03 5.485481330547149715e-04
2.493449533732122747e-04 1.246103447532345742e-04
1.238028600700423715e-04 6.188610373303298363e-05
6.170200272510724903e-05 3.084719486548151657e-05
1.074136811129529541e-04 5.369530285761831749e-05
1.320409898131208058e-04 6.600306013705364654e-05
6.337749077432662764e-05 3.168515112229267088e-05
6.500718974316084954e-05 3.249936906023386587e-05
9.061097923096828629e-05 4.529727939728176941e-05
2.007289192592753694e-04 1.013541987544895297e-04
7.143592607680677520e-05 3.779835435258639676e-05
5.246138393617197636e-05 2.641773612334180171e-05
9.126913125923505300e-04 4.555126933339437908e-04
1.026902325896852366e-03 5.149614292397819339e-04
1.691264037105719154e-03 8.427723456225607234e-04
1.817747317341922254e-03 9.055782919012161794e-04
3.252877641391226527e-03 1.616106564450462248e-03
1.740384271557454329e-02 8.538245286440933335e-03
2.925922308691598916e-02 1.404870470525416970e-02
6.165251651174517150e-02 2.880367846916682267e-02
7.822102047739507014e-02 3.547741764231793216e-02
1.000000000000000000e+00 0.000000000000000000e+00
1.000000000000000000e+00 0.000000000000000000e+00
4.939947994765474526e-01 1.268730911176974563e-01
5.061679751316605635e-01 1.234318599400166527e-01
4.068391740471375417e-01 1.170500543527015491e-01
3.145836573945283710e-01 1.059120709054122839e-01
1.632244897047116505e-01 6.128192601832668091e-02
1.475990621934315239e-01 5.775994998175809636e-02
8.318978614487508583e-02 3.468971580827732298e-02
4.684073202079371001e-02 2.122986812280715924e-02
5.160399220706947052e-03 2.557792490199860876e-03
1.068234474367377998e-03 5.329771468758306334e-04
1.666291675463319692e-03 8.303706735926500620e-04
3.268993628217350522e-03 1.623810504201990759e-03
7.016241719486079973e-04 3.503198177361572488e-04
1.588202241833148922e-03 7.915787369230008414e-04
1.713667468889774220e-04 8.565400830281555129e-05
1.005072223717932934e-04 5.024351352410220180e-05
6.856625363768316991e-05 3.427842760953797433e-05
1.279431995887165576e-04 6.395523061883568057e-05
3.534319837916132488e-04 1.765910804954210151e-04
1.485095004252076308e-04 7.423275184375458869e-05
7.652221101013321851e-05 3.825525511497050230e-05
5.846698460919274047e-05 2.923266452599533447e-05
4.150746543621476148e-04 2.073724123845091560e-04
8.166129599873022239e-05 4.179423003359362059e-05
1.012205714585228192e-04 5.060012453788362372e-05
1.367638790107961275e-03 6.819517635616750189e-04
7.803291198892569041e-04 3.902890959661125419e-04
1.893993933455697136e-03 9.434257828925722913e-04
2.308759812286508093e-03 1.149061067209849497e-03
4.582308766313685465e-03 2.270172482800592029e-03
2.333127672788762666e-02 1.120349476456541579e-02
3.896821048096745649e-02 1.880944901593347568e-02
9.191939102522285465e-02 4.043360472133834121e-02
1.161237123200211802e-01 4.929664187624425986e-02
1.000000000000000000e+00 0.000000000000000000e+00
1.000000000000000000e+00 0.000000000000000000e+00
5.260551892962932463e-01 1.273290313378531158e-01
3.200276379556829531e-01 1.079115238435671559e-01
2.754154968184001628e-01 8.615859326932243101e-02
9.052088479194030091e-02 3.762897132170398701e-02
5.081504816542848496e-02 2.285461871771737874e-02
4.398501962262927473e-02 2.005873306059988842e-02
4.224949524096428127e-02 1.933973742595139836e-02
8.798723679467772892e-04 4.391620615506226658e-04
7.702473904522386290e-04 3.845304141836243072e-04
9.488384452264570727e-04 4.735189298619716844e-04
1.593504853338967991e-03 7.942173857199693677e-04
2.880313602000969704e-04 1.439327180355897708e-04
9.714911039201749822e-04 4.848017569955949879e-04
6.477890701049129917e-05 3.238752639235835883e-05
7.306337021492559836e-05 3.653410025900155340e-05
2.036052881148021573e-05 1.017985049472073348e-05
2.313890006532372942e-05 1.156894949741694834e-05
3.259084567335722655e-04 1.628480121607116162e-04
1.448899312429844061e-04 7.242401449643936433e-05
2.191780497674176187e-05 1.095844533321287123e-05
1.730154638779288223e-05 8.650475947693093718e-06
7.718725642430226107e-05 3.858767503087971246e-05
4.422604772186335310e-05 2.211111760187493648e-05
7.918095078024201027e-05 3.958420576717508070e-05
1.947381771811082637e-04 9.733122852346589118e-05
2.220285826681214704e-04 1.109889165544211611e-04
4.850017049714650886e-04 2.422656345811313207e-04
1.688589495676680579e-03 8.414434183805562066e-04
4.241230138424411170e-03 2.103946118376603426e-03
1.473493991825717414e-02 7.161572606121957910e-03
3.530153051171432133e-02 1.711402210125146511e-02
9.299039169837922114e-02 4.078980544088403604e-02
1.375727350065702181e-01 5.604353715914689449e-02
1.000000000000000000e+00 0.000000000000000000e+00
1.000000000000000000e+00 0.000000000000000000e+00
2.673964937031093059e-01 1.006801885647001238e-01
1.584300072761361255e-01 6.313265989805563749e-02
8.515391841896841063e-02 3.554553107614986940e-02
4.288496024921244210e-02 1.960336650544480461e-02
3.954783150932133888e-03 1.961751575692605859e-03
1.520599984101216398e-03 7.579958568258960642e-04
6.991305812638813838e-04 3.490765145047868955e-04
1.135029814216524571e-03 5.662266144377750424e-04
4.969020726235845974e-03 2.459819196238193471e-03
1.053759150920410316e-02 5.157756505323353793e-03
2.366756218658420605e-03 1.177776574342946853e-03
2.318901128715190364e-03 1.154073609124411752e-03
9.530298974679724552e-05 4.764467836515843234e-05
1.416854325236522119e-04 7.083148803836185271e-05
4.755475562446238673e-05 2.377511719237058636e-05
3.593768868230103812e-05 1.796758629473705268e-05
2.539178517783102535e-04 1.268944541955611071e-04
4.505391879834598300e-05 2.252971994042496444e-05
1.072097511867063843e-05 5.360372905955336941e-06
1.197032190959495863e-05 5.985017730715801311e-06
9.095201340046982674e-05 4.546782075670801682e-05
6.779067731480263245e-05 3.389097503426910605e-05
1.262575661681059763e-04 6.311284211103830610e-05
1.732796135214655705e-04 8.661029409774532875e-05
3.091806169035711863e-04 1.545095756228793526e-04
1.050270619101831716e-03 5.241255168983918874e-04
3.405082391035123800e-03 1.690955879527858809e-03
6.950669008555053832e-03 3.427217494406183292e-03
4.207543193163134493e-02 1.934955793456373530e-02
1.532079089018672513e-01 5.700631200109432251e-02
2.294838133582497719e-01 7.577142827967683902e-02
2.732775359533003989e-01 9.101823960639576772e-02
1.000000000000000000e+00 0.000000000000000000e+00
1.000000000000000000e+00 0.000000000000000000e+00
9.639835173195963891e-02 4.104026427033451163e-02
5.094363694562017292e-02 2.290177113382169116e-02
3.716612987428465770e-02 1.720179949581612452e-02
7.626087897593873503e-04 3.807230127226797554e-04
9.748670475848150241e-04 4.864838163465952056e-04
8.881460910179035315e-04 4.432842421963191048e-04
1.348611348813252495e-02 6.561181487353981955e-03
1.277313012359438532e-02 6.223412446763341814e-03
1.299040391459955340e-02 6.326451429423378230e-03
4.357678556048447983e-03 2.159850018725799608e-03
8.077279908549393848e-04 4.032118236596157171e-04
4.015048704860359652e-05 2.007530855601227690e-05
3.438978199714296945e-05 1.720336645346787948e-05
6.740397394265895873e-06 3.373399102989702614e-06
5.322750081313418036e-06 2.661449810922878499e-06
1.356155745337570310e-04 6.778939568295176048e-05
2.137693538409068237e-05 1.068839059252171532e-05
2.907856186210235512e-06 1.453919921166427273e-06
8.592777899735403854e-06 4.296315120684729212e-06
2.149787735346445690e-05 1.074862476286149913e-05
4.995536216860265577e-05 2.497534226210713841e-05
1.343184347733862355e-04 6.714117598624970201e-05
1.272804629550757113e-04 6.362425551622506682e-05
2.732083221432450668e-04 1.366248091002261744e-04
6.931633587090268956e-04 3.461383723025009606e-04
2.792336322930016792e-03 1.388427365432642500e-03
9.067776644298471828e-03 4.456795530097975438e-03
1.088715008232035153e-01 4.773878165316286504e-02
3.212353289900914954e-01 8.648922562187193186e-02
4.044741142438743053e-01 1.228710988395941284e-01
4.740666684782587903e-01 1.370252020748007893e-01
1.000000000000000000e+00 0.000000000000000000e+00
1.000000000000000000e+00 0.000000000000000000e+00
4.881928792784567123e-02 2.235582145471011473e-02
1.322352861054586909e-02 6.452635410549008819e-03
2.693853279626109553e-03 1.346200372771000136e-03
2.012653780126966163e-03 1.003935356905918735e-03
1.112601418770954066e-02 5.439289231422114908e-03
1.371295310831586144e-02 6.668479716491940157e-03
1.327176569417446925e-02 6.459986528853474061e-03
1.299254469130735681e-02 6.328422029460992020e-03
7.002978330178865566e-04 3.497981333751353861e-04
3.948229576204173390e-04 1.972569725894840031e-04
4.740772035693672088e-05 2.370535290566430403e-05
4.798611878830496863e-05 2.400453863242194846e-05
1.649693482910699339e-05 8.262191398561101509e-06
1.302076488343578798e-05 6.556086181113966968e-06
3.068187377873358523e-05 1.534649852732207305e-05
2.641293858018080063e-05 1.323833761175132597e-05
2.124678374905069136e-05 1.062894659449796329e-05
3.681981888474123316e-05 1.880948901973952006e-05
8.401718665979236462e-05 4.204775881110747385e-05
1.421677322265869090e-04 7.115538518694598422e-05
2.276005066349695485e-04 1.138285310621179821e-04
5.306358091022429996e-04 2.663276453876461708e-04
2.364521397267321107e-03 1.211725614327007535e-03
1.140048220204109390e-02 5.650210291130479227e-03
2.296938286573109098e-02 1.161562342473751452e-02
2.128519668227270567e-01 7.047488031302245881e-02
3.525600762604957916e-01 9.910794764057730133e-02
4.361823173122926223e-01 1.201387751048954566e-01
6.574771150366806038e-01 1.133378865438853245e-01
6.438267401996525807e-01 1.246987598400177699e-01
1.000000000000000000e+00 0.000000000000000000e+00
1.000000000000000000e+00 0.000000000000000000e+00
1.257632570750435649e-02 6.240978699226898928e-03
2.937672389347631505e-03 1.482597178131266676e-03
1.749508746361232506e-02 8.443192293844907145e-03
1.370518863141127405e-02 6.665012715901388191e-03
1.365909115587557628e-02 6.642974909793917561e-03
1.305305353173510235e-02 6.356352397218312938e-03
1.178887727781052254e-02 5.755462928295096425e-03
3.966110447216867366e-05 1.982967249624073124e-05
2.347732352842473566e-05 1.173861570485802568e-05
1.238915092535593221e-05 6.194421971648872672e-06
1.599396579917887961e-05 8.003329589064951086e-06
1.303239298529491338e-05 6.516109860991036961e-06
1.507089709187073010e-05 7.535221503169758159e-06
2.841489213375328820e-05 1.420664398225969199e-05
2.990781500682245013e-05 1.496166401413101604e-05
1.755716557059515208e-05 8.778279241436800346e-06
2.151673414284265012e-05 1.075798911440150575e-05
2.230879944356393036e-05 1.115455084379264791e-05
2.742559983463572668e-05 1.371402755845973023e-05
6.781909303777036810e-05 3.390977444600660177e-05
1.508658004035897608e-04 7.546432378494242837e-05
6.727381102493479141e-03 3.319327202200364913e-03
1.939083270376599361e-02 9.871524372808903117e-03
1.111732676992154695e-01 5.138618483365134382e-02
3.363778163424953060e-01 8.179618660200231595e-02
4.449487744196500838e-01 1.241096772536360027e-01
6.784995446382533490e-01 1.205366453504169710e-01
6.250569548936900643e-01 1.470446763858754280e-01
5.178734818382263461e-01 1.474607059314951285e-01
1.000000000000000000e+00 0.000000000000000000e+00
1.000000000000000000e+00 0.000000000000000000e+00
2.299040221860782982e-02 1.104951010725610527e-02
1.657250155293226584e-02 8.036956756052088605e-03
1.454798526980480636e-02 7.069824012116474217e-03
1.349803137284246411e-02 6.576697542455991856e-03
1.033245351639115739e-03 5.157203086475168350e-04
7.821045147387605044e-05 4.046593034935107888e-05
3.141339544290679196e-05 1.570571293052204793e-05
3.080300239533209875e-06 1.540338206529587436e-06
1.713103535074656391e-06 8.565552185229026141e-07
1.733243623200055099e-05 8.675814218568152138e-06
2.425201524303998120e-06 1.212594997684829952e-06
9.570486954949008091e-06 4.785152041212080463e-06
3.415283688786276898e-05 1.707525611475432483e-05
1.210118437591907653e-05 6.057833343353399277e-06
8.949085820121090371e-06 4.475305030650760154e-06
2.321949176101102441e-05 1.160949884018068865e-05
2.442159686355018712e-05 1.223041818201521857e-05
9.552286697522683711e-05 4.896793764755810144e-05
3.641291519395810979e-05 1.838539017520784136e-05
7.779371445503869241e-03 3.830822972932268825e-03
1.696100200294270097e-02 8.763983482669452513e-03
2.574677947402022604e-01 7.591102390134640832e-02
2.977556384764205588e-01 8.232756983813159513e-02
3.900934693454412017e-01 1.062356896296803299e-01
6.855802962553110280e-01 1.035694608044309128e-01
7.474519973061741762e-01 1.015777963826357544e-01
5.031263437821883455e-01 1.377954225436308633e-01
3.640044901975025837e-01 1.519265379831113982e-01
1.000000000000000000e+00 0.000000000000000000e+00
1.000000000000000000e+00 0.000000000000000000e+00
6.339101657568602111e-02 2.864932465459786234e-02
2.362923854867936962e-02 1.130156080089241531e-02
1.375671008580447822e-02 6.707646362312735637e-03
4.398001716768585039e-04 2.201680705339160527e-04
7.320444856604655650e-05 3.662468128880133476e-05
3.125126240025330953e-05 1.562465525122901661e-05
6.150335876793428808e-06 3.075273763387461484e-06
2.254301007984639071e-06 1.127146012909894244e-06
9.190698886686609492e-06 4.595265021887373664e-06
7.685069903298917185e-06 3.842475914148276223e-06
1.093889759414846873e-05 5.469333540563672048e-06
7.461031731553969442e-05 3.730046962381050059e-05
4.058748126646478667e-05 2.030572223819797513e-05
1.722244457331671013e-05 8.610958904886708198e-06
3.266016416143931384e-05 1.633182549823624174e-05
4.197256396315099050e-05 2.107242473571685720e-05
6.717245835716555797e-04 3.354283010122260239e-04
4.302285603786684155e-03 2.132849778228807815e-03
1.985777619514807885e-02 9.731679205215991793e-03
2.506141923324901044e-01 8.111845068435100115e-02
3.596457232708502039e-01 7.871635310581096001e-02
4.325376346535297345e-01 1.245105283267890217e-01
6.788448875360061363e-01 1.232472575775331314e-01
6.702328509489619002e-01 1.414723179810105647e-01
5.536873058154556659e-01 1.526157450860965992e-01
4.609898516409201008e-01 1.497895040010377710e-01
2.831095354950934340e-01 8.273956648302749350e-02
1.000000000000000000e+00 0.000000000000000000e+00
1.000000000000000000e+00 0.000000000000000000e+00
1.838856520543764306e-01 1.085325826542373057e-01
6.968850634379897963e-03 3.460095479747276898e-03
2.016703924386136545e-03 1.006505247369198245e-03
5.828030211596764383e-05 2.916849040165110378e-05
7.551461144942378481e-06 3.776071683639481103e-06
1.554513732967871038e-05 7.772702204764776816e-06
1.133040780290086708e-05 5.665104479771548786e-06
7.333184424879135262e-06 3.666541763504130238e-06
1.227713671745674075e-06 6.138628543267565075e-07
1.185333749916107459e-05 5.928819379236267120e-06
6.747860412219590604e-05 3.373694105938336335e-05
6.175634897924483081e-05 3.088375692262417015e-05
4.825912915822956904e-05 2.418633212642049750e-05
6.389011769136808492e-05 3.200240481834518955e-05
4.386895689856084939e-04 2.194516041030199508e-04
9.880244681546988816e-03 4.843840994786604952e-03
2.233356484007256032e-02 1.073740062966004397e-02
2.701674391514806706e-01 8.078003337719855126e-02
3.483006649945656341e-01 8.373245282073298046e-02
5.587174729033396181e-01 1.208054356061420975e-01
6.657402994587914291e-01 1.006637558375506614e-01
7.189062159970678323e-01 1.054175201686383678e-01
5.154393794824823072e-01 1.417007060383959627e-01
3.961772981869941535e-01 1.594432686138278488e-01
2.393013305005947111e-01 1.404716700162426390e-01
3.590688790941052450e-02 1.734634793012744883e-02
1.000000000000000000e+00 0.000000000000000000e+00
1.000000000000000000e+00 0.000000000000000000e+00
8.032506455647980825e-02 3.386951244662715632e-02
7.594461983992088598e-03 3.754515092909141254e-03
1.544964364541223829e-03 7.711215305869307743e-04
1.205930977535673754e-05 6.031112041745165063e-06
5.242350746962979728e-05 2.621703617586708087e-05
2.350118399778608030e-05 1.185554622970117061e-05
2.279750309820118627e-05 1.139862700318811016e-05
9.837066035155671894e-06 4.919726144168676087e-06
2.121502696602633843e-05 1.062136703895832602e-05
2.869355192556424881e-04 1.434303495090897206e-04
3.607861414855380593e-04 1.807776233930169973e-04
1.340174703153137678e-04 6.719028044159251387e-05
3.887775180853297180e-04 1.944543845291283387e-04
8.359078618346411221e-03 4.112634932702716704e-03
3.854011773311258326e-02 1.821105754701376339e-02
1.365717012794959162e-01 5.877675211813677969e-02
3.618820461058094851e-01 8.125907333427301316e-02
4.486526102454879150e-01 1.432644494343709718e-01
6.866358463251522881e-01 1.232816616395109866e-01
6.386283015354855541e-01 1.436881022419748133e-01
5.541411201273045428e-01 1.523638276930349145e-01
4.855564166519655278e-01 1.581039192614131228e-01
3.153823409653742083e-01 9.781967365654237190e-02
1.345851023275239922e-01 7.413638859321480812e-02
3.740224547161414420e-02 2.230125690148717504e-02
1.000000000000000000e+00 0.000000000000000000e+00
1.000000000000000000e+00 0.000000000000000000e+00
1.894716559173773712e-02 9.200132947007319539e-03
9.508385577467718883e-03 4.686965344168851806e-03
5.442715682725402133e-03 2.691822900196492833e-03
2.340896827286612341e-03 1.164994019639850869e-03
3.917442193195530033e-03 1.943387888780970891e-03
1.127214330649246345e-03 5.633089213100355265e-04
2.014258450635526669e-04 1.006746751544296834e-04
4.105161389055580470e-04 2.050939477257229283e-04
9.618180927217909919e-04 4.800008705845039132e-04
1.157284419708575363e-03 5.773970768730955641e-04
3.749141730948409327e-04 1.874658436275093167e-04
7.962147330024449757e-03 3.917873503404561628e-03
3.339041357898493712e-02 1.558452184527323904e-02
1.911112944689754567e-01 6.479843665488370374e-02
2.465844656377879918e-01 7.859618103553625557e-02
4.513007424633912468e-01 1.410422793392007434e-01
6.786877156418209545e-01 9.410250821535609544e-02
7.014581699360642464e-01 1.004126379351470422e-01
4.767836697491416031e-01 1.407719461394741356e-01
4.123206190457825437e-01 1.703047380641712905e-01
2.936712536883377966e-01 1.675743471768142145e-01
5.798418449192226792e-02 3.296059718006601191e-02
4.833204975685394950e-02 2.730489716259541788e-02
2.315319738801240035e-02 1.108733613146744255e-02
1.000000000000000000e+00 0.000000000000000000e+00
1.000000000000000000e+00 0.000000000000000000e+00
8.845642802151896036e-03 4.349121727164644534e-03
6.004890607750109494e-03 2.966545438957851090e-03
7.362637468795722728e-03 3.627995545338314615e-03
5.454476739836335193e-03 2.697580737983613659e-03
6.250868144017862008e-04 3.122166979757010877e-04
2.136501982108425849e-04 1.067964415013270463e-04
3.349089463875942405e-04 1.674360264677763493e-04
5.040183816134109675e-04 2.518831259278970169e-04
1.135876695313705557e-03 5.669583132375373641e-04
3.352631897621481498e-03 1.665373825996818626e-03
3.449216988762560804e-02 1.606373668209235689e-02
1.963931526707351216e-01 6.683892526963708391e-02
3.701214563270414093e-01 8.210297659632606604e-02
4.384886774165038803e-01 1.356422712721024881e-01
7.005902520686544399e-01 1.370220454403776045e-01
7.290196436262762480e-01 1.373703386738106547e-01
5.868001043662488536e-01 1.638715922994278262e-01
4.729110467078956326e-01 1.562776020201062099e-01
2.664162529901622500e-01 9.060887666229332227e-02
2.021360408463324376e-01 8.545468250923171638e-02
4.781529763045917758e-02 2.795438678516565592e-02
5.252291906521316944e-02 2.895309293390439104e-02
6.122769993268688780e-03 3.038127956086723522e-03
1.000000000000000000e+00 0.000000000000000000e+00
1.000000000000000000e+00 0.000000000000000000e+00
6.474497418720659425e-02 3.542343076485944542e-02
1.116707578084769580e-02 5.465929502199551489e-03
5.515872540267807017e-02 2.476232909880828406e-02
3.685098642936607272e-02 1.829006042810851426e-02
1.374102602291475466e-03 6.851978033106210586e-04
1.907154199495181539e-03 9.503693859096938026e-04
5.300817502418991162e-03 2.624903192471991081e-03
1.625198092335566197e-02 7.899596516335953209e-03
2.295555284242601149e-02 1.098623989412210802e-02
1.562940239462527747e-01 5.663159367690091817e-02
3.466050906967454992e-01 8.392053197867976877e-02
5.700595147468223711e-01 7.264961410436515665e-02
5.807810861536413238e-01 7.807041318710555844e-02
7.108846928864763770e-01 9.751803124703362080e-02
5.052878065979479194e-01 1.369907202770628829e-01
4.495700421327430973e-01 1.684251512361062963e-01
2.614142194172162093e-01 1.404473054461287673e-01
5.253912671101025611e-02 2.879109104293555918e-02
4.240976833968628651e-02 2.455875013487570854e-02
2.526884887894812609e-02 1.206838908322607068e-02
2.065068528406090523e-02 9.908469160521002350e-03
5.371495135531976703e-03 2.662784407128480739e-03
1.000000000000000000e+00 0.000000000000000000e+00
1.000000000000000000e+00 0.000000000000000000e+00
1.649932715627215885e-01 6.946965934678139831e-02
9.646211776646108904e-02 4.005375127192461332e-02
1.141819159680194928e-01 4.683275027066541307e-02
4.772589551364496419e-02 2.178053184707649109e-02
1.564655631047981790e-02 7.710650941341686340e-03
2.185816657096601237e-02 1.055985720920649996e-02
5.469676791241963321e-02 2.515149776491576103e-02
1.569553629886197843e-01 5.958077608543700665e-02
3.650673766046271251e-01 8.119908675582948598e-02
5.339416584790116493e-01 1.029390443547691936e-01
7.186226398299646601e-01 8.906093017347471719e-02
7.024111938691008916e-01 1.452117610231344336e-01
6.378097409685589136e-01 1.624622803488657841e-01
4.958011812904264959e-01 1.539374303383020948e-01
3.101090227454031401e-01 9.908927987588343755e-02
1.292905071462351896e-01 7.111926366194784577e-02
4.720321318046336034e-02 2.643610032601356047e-02
4.188691386556559620e-02 2.396777115862017832e-02
5.622649014547551928e-03 2.789160827912274057e-03
5.406720694369712178e-03 2.703095592452895747e-03
7.597239025209529331e-03 3.764538693428484337e-03
1.000000000000000000e+00 0.000000000000000000e+00
1.000000000000000000e+00 0.000000000000000000e+00
2.627819236753219934e-01 1.046149956772459561e-01
1.723920319108969701e-01 7.455400804415857063e-02
1.384693845324803663e-01 5.782349759841036441e-02
1.134989224505567468e-01 4.925073433717590959e-02
1.208366694169790145e-01 5.062249014061161873e-02
1.883456087105328802e-01 7.033672246038352727e-02
2.928384846011503062e-01 7.944215192481182686e-02
5.233025289518872247e-01 8.574657473257801810e-02
6.525439224859935772e-01 9.024955236904491640e-02
7.164866446767895747e-01 9.808558293912239545e-02
4.937114015946929557e-01 1.376245376107099738e-01
4.687553900169517673e-01 1.626344416434765960e-01
2.584401489613159519e-01 1.234428948038410745e-01
5.511903274562247185e-02 2.898978325736734779e-02
3.894835026590045407e-02 2.195068148539517511e-02
2.084565317514282257e-02 9.988579980112851156e-03
1.312148070877089227e-02 6.389994574890925198e-03
1.597487487188775515e-03 8.105300389200353331e-04
4.677631180055392274e-03 2.328323073073620703e-03
5.453553388841504874e-03 2.717038087556024242e-03
1.000000000000000000e+00 0.000000000000000000e+00
1.000000000000000000e+00 0.000000000000000000e+00
4.249651603927869226e-01 1.174364023972033488e-01
2.097253551463742482e-01 7.686858578285507559e-02
2.106411898632457314e-01 7.677319477813467075e-02
1.378561565544182410e-01 5.560433878233023153e-02
2.851447327214082228e-01 8.304272526889189265e-02
3.723345684609434825e-01 1.109307389726385540e-01
5.697450178032487100e-01 1.301476874087950653e-01
6.781557501589494663e-01 1.453244481266655619e-01
6.255033843970884133e-01 1.622389255999034940e-01
4.038304818928102891e-01 1.191130134610888236e-01
3.348058688719756093e-01 1.176327113351596509e-01
1.481366001150846434e-01 7.207805145339778174e-02
4.967568995384730179e-02 2.565179597910242915e-02
1.854347143073950890e-02 1.151709503246624473e-02
3.838055768111295969e-04 1.918636726375315730e-04
7.999924247644239587e-04 3.994156425724806544e-04
7.909864131561932096e-04 3.948760390443644807e-04
2.549378815305021560e-03 1.272293112578751304e-03
3.776640408868389611e-03 1.884825169285388137e-03
1.000000000000000000e+00 0.000000000000000000e+00
1.000000000000000000e+00 0.000000000000000000e+00
3.532694177857690909e-01 1.130732162088061987e-01
2.715839572354376008e-01 9.466743943242227066e-02
2.764082831281340913e-01 9.453147087812743821e-02
3.687755370570814373e-01 1.125158942403036988e-01
3.912861595361704636e-01 1.110573450069634871e-01
4.890752052245033177e-01 1.208593146113329519e-01
4.107247044703020711e-01 1.103824417128343172e-01
4.086056462403971357e-01 1.403692129690552459e-01
2.334274030488653340e-01 1.176089367746299685e-01
6.801270409720708288e-02 3.324719710667933120e-02
3.818214950091627230e-02 2.073504995438389328e-02
2.089543285976266582e-02 1.001136873405565272e-02
9.573392917376742509e-04 4.778082232707414980e-04
1.191434330237243751e-04 5.965018386580373308e-05
5.155566861679910465e-04 2.575166811978081820e-04
5.748860330055766089e-04 2.871133122525214472e-04
1.046787896869073994e-03 5.223081895757610959e-04
2.014680717658988689e-03 1.006730244576494425e-03
1.000000000000000000e+00 0.000000000000000000e+00
1.000000000000000000e+00 0.000000000000000000e+00
4.212285903471613135e-01 1.200277877826669004e-01
3.699842832568904227e-01 1.190623194432337273e-01
4.564369107162006278e-01 1.353792049697493949e-01
4.483819335051160149e-01 1.306456505247505506e-01
4.245583116528541812e-01 1.366281186288889615e-01
3.276081496233682611e-01 1.009969591536028916e-01
2.523107535363432463e-01 8.769841950123126451e-02
1.416598162247769410e-01 6.926754168223366037e-02
5.280231732343101253e-02 2.601154946942092760e-02
1.990283075124935769e-02 1.168330635768930967e-02
5.376731948295644962e-04 2.685647513603388000e-04
2.276359545510152013e-04 1.138035698175453157e-04
2.582665865687971659e-04 1.290689184140297549e-04
4.498470133619303412e-04 2.247221916219187255e-04
3.903422588504011940e-04 1.950189320634688681e-04
6.908911088953875084e-04 3.449690317693367104e-04
9.383015696084072085e-04 4.695591114477510740e-04
1.000000000000000000e+00 0.000000000000000000e+00
1.000000000000000000e+00 0.000000000000000000e+00
4.368978439811385672e-01 1.229538078447490745e-01
3.880966712513207462e-01 1.212621639653383709e-01
4.008810453782443717e-01 1.197348523896871186e-01
4.262003619515972730e-01 1.241025267007374866e-01
2.776546834099826166e-01 1.036498798781818054e-01
1.752276200517698113e-01 7.370202256240246386e-02
5.350406596272363341e-02 2.841831021707136654e-02
3.790055225908924713e-02 1.928745215647322681e-02
7.034354307566556899e-03 3.486486002516941962e-03
1.596822270028675763e-03 7.959004305839398070e-04
5.055671793200759928e-04 2.525563533446471332e-04
4.825245586671590464e-04 2.410644936459191803e-04
1.332727841638124775e-03 6.646262527874979408e-04
9.304875523293080737e-04 4.644062587138048266e-04
3.098273867743759138e-03 1.539619679156282311e-03
1.907311948360844575e-03 9.519661950871621901e-04
1.000000000000000000e+00 0.000000000000000000e+00
1.000000000000000000e+00 0.000000000000000000e+00
4.430541897256303763e-01 1.210518161117083435e-01
3.786167354078447400e-01 1.191768085715881886e-01
3.875133403150756162e-01 1.171745786774674170e-01
2.170194651407367781e-01 9.904441800467922441e-02
1.160081979097978139e-01 5.001609868120868163e-02
1.791412192680878410e-02 8.919161221363759023e-03
5.833153778721911382e-03 2.928756711779361820e-03
5.696822862364196152e-04 2.845203466594943705e-04
5.287791287224128832e-04 2.641249782905145363e-04
3.197479919200534189e-04 1.597834107331503023e-04
4.235964005158165718e-04 2.116419447355421450e-04
6.974717768557681542e-04 3.482526211195996675e-04
6.687573659404225709e-04 3.339350996014067057e-04
1.455512449338456585e-03 7.256534628606426491e-04
1.230932532714904644e-03 6.145628739769957299e-04
1.000000000000000000e+00 0.000000000000000000e+00
1.000000000000000000e+00 0.000000000000000000e+00
5.864670252465953304e-01 1.231135177776570555e-01
4.097961272840247582e-01 1.259721948966403271e-01
2.311799688303671774e-01 1.023929337799453498e-01
1.048388453387524982e-01 4.608384337450689705e-02
4.643837896284728345e-03 2.307806012445798652e-03
2.968056437228932046e-03 1.477707378103531102e-03
6.071428501173358697e-04 3.041114586605079867e-04
9.638445678279682896e-04 4.810152101691019585e-04
6.681610924661851147e-04 3.336352728388577212e-04
8.706776115445059383e-04 4.345836863475186916e-04
1.209474393947325595e-03 6.032788818572831129e-04
9.119864625076024673e-04 4.551672870664056139e-04
3.100515592224219619e-03 1.540756714586406654e-03
1.578593196343270732e-03 7.906156252502996064e-04
1.000000000000000000e+00 0.000000000000000000e+00
1.000000000000000000e+00 0.000000000000000000e+00
3.841586817978278057e-01 1.168514653577933937e-01
1.520167778209814691e-01 6.861430399155964144e-02
7.911079480241829665e-02 3.499614275749794029e-02
4.373712897756087438e-03 2.169135668730326743e-03
3.134526726792290306e-03 1.578420224239388426e-03
2.864546107923022882e-03 1.425887711566605799e-03
1.139194740152241420e-03 5.683607844549815090e-04
5.540739320972168803e-04 2.767306791465245423e-04
7.257259076019919155e-04 3.623373236256970521e-04
1.567271991749215809e-03 7.811929386009325424e-04
1.550245010387760755e-03 7.729086289943684109e-04
3.144422603761797518e-03 1.562379274238766269e-03
2.727919448009610837e-03 1.357447092556869411e-03
1.000000000000000000e+00 0.000000000000000000e+00
1.000000000000000000e+00 0.000000000000000000e+00
2.767672773306766310e-01 9.966305473979167329e-02
4.527277343565112161e-02 2.141480137836118680e-02
5.619830035268670934e-03 2.784003997967228992e-03
5.178299174304008649e-03 2.562587173469064051e-03
1.241668890184202635e-03 6.193300410185268671e-04
1.743464437573251846e-03 8.687070873937353986e-04
1.687932272742304063e-03 8.411294520581181827e-04
2.102664313021659990e-03 1.046927897808295387e-03
3.276274536086084838e-03 1.627429513559330593e-03
2.548433651707628957e-03 1.267884042589173012e-03
4.584362132288998144e-03 2.271845796172397743e-03
3.105599652760044054e-03 1.545956125842962593e-03
1.000000000000000000e+00 0.000000000000000000e+00
1.000000000000000000e+00 0.000000000000000000e+00
4.345931501945568542e-02 2.142533400048256265e-02
2.025087336388468797e-03 1.008443203080012802e-03
2.707274702053776624e-03 1.346328360083313578e-03
1.884407992025457492e-03 9.386721502666735490e-04
2.218204934925306106e-03 1.104188062729070724e-03
4.865532561461167159e-03 2.411359237934791733e-03
4.368066279387186439e-03 2.166219788737302945e-03
4.635282689358461924e-03 2.296186559049145492e-03
2.909365580012931475e-03 1.447136605790293488e-03
4.666915830407553263e-03 2.312719555512464994e-03
3.912050877636816769e-03 1.943795165652517642e-03
1.000000000000000000e+00 0.000000000000000000e+00
1.000000000000000000e+00 0.000000000000000000e+00
6.699143955515947900e-03 3.304733484554297964e-03
4.914808002568186659e-03 2.433342027773109564e-03
6.264859387284994231e-03 3.093455855404296604e-03
5.866379752888602715e-03 2.904789743073797007e-03
6.548973883400867682e-03 3.240937286091943696e-03
5.406368734946047534e-03 2.682330889982007926e-03
5.928697600299152534e-03 2.932434961982596702e-03
4.260335458548732482e-03 2.119201746080219984e-03
6.158827650775680271e-03 3.050711170123360932e-03
5.623873023056929349e-03 2.796605324800259355e-03
1.000000000000000000e+00 0.000000000000000000e+00
1.000000000000000000e+00 0.000000000000000000e+00
5.330531725088053646e-02 2.810167771197842959e-02
1.721866261534299794e-02 8.357590861940846633e-03
1.273126977592863723e-02 6.226671329799517152e-03
8.412125551595603726e-03 4.154696947086219602e-03
4.981236387658709817e-03 2.470918894113209151e-03
8.558192915658530825e-03 4.215068554395675834e-03
7.466560306179701074e-03 3.694592351263137515e-03
1.079461584226758600e-02 5.297534183929335748e-03
8.893089230713352791e-03 4.392339418754549578e-03
1.000000000000000000e+00 0.000000000000000000e+00
1.000000000000000000e+00 0.000000000000000000e+00
2.043725790969345146e-01 1.303042771904795727e-01
1.386210303701440084e-02 6.765235795233241756e-03
9.218957671720949543e-03 4.546020271055504873e-03
6.107596018597324060e-03 3.027495238334652200e-03
9.862862851388348728e-03 4.856538919254169834e-03
8.518375631460954611e-03 4.211356418394080099e-03
1.454682493752244669e-02 7.083906746126188668e-03
1.463747396750003475e-02 7.120939347172645408e-03
1.000000000000000000e+00 0.000000000000000000e+00
1.000000000000000000e+00 0.000000000000000000e+00
4.614443055941382099e-02 2.097700262779409255e-02
7.443195072850536907e-03 3.671388833799413883e-03
7.057762451017545770e-03 3.483085712550348066e-03
7.886491866954149776e-03 3.897387874199647988e-03
7.126773801891567346e-03 3.523776694144276946e-03
2.018882214428844787e-02 9.729354925002944854e-03
1.786567538883373357e-02 8.648668904270179550e-03
1.000000000000000000e+00 0.000000000000000000e+00
1.000000000000000000e+00 0.000000000000000000e+00
1.021147040787520437e-02 5.019039854600947613e-03
9.286183819677688508e-03 4.571334264823982002e-03
2.050297592585815024e-02 9.860651585401145752e-03
2.364823710913580360e-02 1.133292171144380592e-02
2.441511125095668922e-02 1.168349170669919813e-02
1.906094021781258932e-02 9.213791455481202056e-03
1.000000000000000000e+00 0.000000000000000000e+00
1.000000000000000000e+00 0.000000000000000000e+00
4.957581748777338537e-02 2.329870528729634932e-02
3.918205956296558212e-02 1.964336301681962951e-02
2.832085815809315746e-02 1.349902254481885437e-02
2.307939129727235028e-02 1.117220852175495639e-02
1.180685571336873539e-02 5.802658151086392130e-03
1.000000000000000000e+00 0.000000000000000000e+00
1.000000000000000000e+00 0.000000000000000000e+00
3.255676815812960645e-01 1.442382095767266725e-01
3.286731910973400561e-02 1.563723777382482541e-02
2.488512559255760467e-02 1.193206482801602644e-02
2.625018283762561855e-03 1.305621620833233212e-03
1.000000000000000000e+00 0.000000000000000000e+00
1.000000000000000000e+00 0.000000000000000000e+00
3.758225651121080424e-02 1.767777532073356098e-02
1.255573511565767977e-02 6.166575205142101751e-03
1.789791314794583624e-03 8.916923516828949639e-04
1.000000000000000000e+00 0.000000000000000000e+00
1.000000000000000000e+00 0.000000000000000000e+00
2.670696303822297796e-03 1.328221414427673257e-03
2.703977691385481730e-04 1.351257700098295439e-04
1.000000000000000000e+00 0.000000000000000000e+00
1.000000000000000000e+00 0.000000000000000000e+00
2.579244830743923807e-03 1.283331893667327608e-03
1.000000000000000000e+00 0.000000000000000000e+00
1.000000000000000000e+00 0.000000000000000000e+00
1.000000000000000000e+00 0.000000000000000000e+00
