1.702200415065411145e-03 1.699302928812362282e-03
1.290329619915602790e-03 1.288664669387571326e-03
1.481997401847321566e-03 1.479801085548239272e-03
3.881522510078455265e-03 3.866456293082209429e-03
5.303039055462381926e-03 5.274916832238622788e-03
4.081960882934391327e-03 4.065298478284584856e-03
1.875644423978343415e-03 1.872126381973142351e-03
4.820165220555536895e-03 4.796931227802083558e-03
3.197166449053945921e-03 3.186944575750989567e-03
1.209789888111360324e-02 1.195153972377595297e-02
2.229725645133664481e-03 2.224753968681097895e-03
2.264246506955342863e-03 2.259119694711083336e-03
3.273170175557022638e-03 3.262456532558866747e-03
6.602528512813866761e-03 6.558935130051346540e-03
6.830109480430328339e-03 6.783459084915664274e-03
1.254104627686854732e-02 1.238376843514998882e-02
3.642661233505992916e-03 3.629392252643905310e-03
3.945868735495582785e-03 3.930298855417821251e-03
4.516633247179899745e-03 4.496233271290369163e-03
3.370763450411111764e-03 3.359401404172484250e-03
6.683580688411583327e-04 6.679113663329732699e-04
5.364161913823293180e-04 5.361284490519521717e-04
8.638479171563780232e-04 8.631016839324025898e-04
2.092843550439327845e-03 2.088463556312712514e-03
1.741203293664778454e-03 1.738171504754909471e-03
3.264288672675187859e-03 3.253633092136632224e-03
5.451656267628617221e-03 5.421935711568242819e-03
8.890316816534538438e-03 8.811279083436181561e-03
2.407581202611260452e-03 2.401784755364093447e-03
1.715618418416722194e-03 1.712675071859111418e-03
3.185658400997651817e-03 3.175509981549804947e-03
1.722861409310319156e-03 1.719893157874628417e-03
1.089957959028827394e-03 1.088769950676377095e-03
2.639209475075245202e-03 2.632244048421918114e-03
7.664752444177950000e-03 7.606004014147418023e-03
4.672873991509373867e-03 4.651038240168848918e-03
3.385977569179366049e-03 3.374512725080380370e-03
3.384252156022383735e-03 3.372798993366841677e-03
4.827510364431712372e-03 4.804205508113016700e-03
3.562015892652071157e-03 3.549327935432565299e-03
6.321811761575979460e-03 6.281846457627178991e-03
5.048018270743205235e-03 5.022535782281447800e-03
1.626505958068654670e-03 1.623860436437021913e-03
1.226421023164808288e-03 1.224916914638747708e-03
1.547979379719702188e-03 1.545583139559664719e-03
4.298596130222103080e-03 4.280118201531342252e-03
3.841350859042812899e-03 3.826594882620543928e-03
3.730808993580715487e-03 3.716890057834132920e-03
1.632551239438476739e-03 1.629886015889084631e-03
4.857418947379809650e-03 4.833824428549445516e-03
3.635334871364303676e-03 3.622119211737346439e-03
1.343862274756713743e-02 1.325802616621570874e-02
1.645024381683695639e-03 1.642318276467361841e-03
3.404031975052853633e-03 3.392444541365671577e-03
2.804457941900790653e-03 2.796592957552900341e-03
6.557170589635726715e-03 6.514174103494143123e-03
6.177504461049137564e-03 6.139342899682855882e-03
1.034990337070677141e-02 1.024278287092380418e-02
4.592168752069840203e-03 4.571080738222353841e-03
4.986184258240513451e-03 4.961322224783387864e-03
4.185979716952879272e-03 4.168457290762138737e-03
3.238677640580141150e-03 3.228188607720547387e-03
7.320619578846162406e-04 7.315260431744344347e-04
4.594014981473821917e-04 4.591904484108821557e-04
8.018529706619418078e-04 8.012100024753824289e-04
1.974934358196875177e-03 1.971033992477688648e-03
1.408359082046215611e-03 1.406375606742233568e-03
2.855242788640002284e-03 2.847090377257921554e-03
5.034847786335718174e-03 5.009498094104148334e-03
6.495881302238859165e-03 6.453684828346083029e-03
2.463179536384209854e-03 2.457112282955747819e-03
2.009000109526270367e-03 2.004964028086193666e-03
3.050790320505898136e-03 3.041482998926205508e-03
2.468196800337714263e-03 2.462104804892516902e-03
6.675002680526671015e-04 6.670547114448167284e-04
1.963952204599193202e-03 1.960095096337243110e-03
7.792791473818971339e-03 7.732063874864545348e-03
4.797141308639287297e-03 4.774128743904234098e-03
2.943733459713436616e-03 2.935067893031600029e-03
3.012866735557932166e-03 3.003789369591700759e-03
5.444960907354747318e-03 5.415313308072125693e-03
4.345122147239153035e-03 4.326242060764724957e-03
7.376075322590974065e-03 7.321668835426438891e-03
5.671531324407088487e-03 5.639365056843357628e-03
2.021921051025059486e-03 2.017832886288481193e-03
1.508775451716714124e-03 1.506499048353011167e-03
1.958288276217179207e-03 1.954453383244409391e-03
5.981221242751241958e-03 5.945446235196502963e-03
6.683154124245760559e-03 6.638489575197337698e-03
6.015457283870082918e-03 5.979271557536016898e-03
2.485153633529810138e-03 2.478977644947563935e-03
6.132006490006932341e-03 6.094404986413445163e-03
4.352552073158513085e-03 4.333607363608956917e-03
1.961534677338096222e-02 1.923058494434097543e-02
2.348099982487052845e-03 2.342586408959297217e-03
4.124201765388586793e-03 4.107192725186952116e-03
4.138331883768304499e-03 4.121206092988090840e-03
8.792767064647814823e-03 8.715454311994660225e-03
9.216280436126104286e-03 9.131340611048782696e-03
1.625095346948482108e-02 1.598685998081746107e-02
3.761717323575448045e-03 3.747566806352960449e-03
4.167876170408124289e-03 4.150504978636268549e-03
3.223087383991856021e-03 3.212699091707008590e-03
2.477356652910272291e-03 2.471219356924553474e-03
4.895443029896225009e-04 4.893046493650328585e-04
3.418618755397463877e-04 3.417450059977988441e-04
7.457210011663058464e-04 7.451649013547253239e-04
1.941536192716365869e-03 1.937766629928738349e-03
1.770620942203239784e-03 1.767485843682271027e-03
3.571737893973109691e-03 3.558980582389866150e-03
7.110996807176920426e-03 7.060430531585239720e-03
1.053077902869713721e-02 1.041988172174588938e-02
3.112146441534333497e-03 3.102460986060778629e-03
2.441815847064819720e-03 2.435853382433842817e-03
2.815189941505689443e-03 2.807264647098934619e-03
1.667938487996205614e-03 1.665156469196466503e-03
4.657793288435120322e-04 4.655623784603341291e-04
9.958472696300082160e-04 9.948555578455787595e-04
7.335678358765160799e-03 7.281866181781905187e-03
3.130799805797505192e-03 3.120997898373523496e-03
2.565864720982034223e-03 2.559281059215654137e-03
3.010598460167676280e-03 3.001534757079312148e-03
5.275443790349778131e-03 5.247613483164638437e-03
6.205962086721745867e-03 6.167448121299917881e-03
1.126054458269513427e-02 1.113374471839626879e-02
1.001124746156290858e-02 9.911022385826258330e-03
3.046537613472117927e-03 3.037256222041817555e-03
3.372158555839306539e-03 3.360787102513586224e-03
4.115590616751683278e-03 4.098652530626988900e-03
1.156670317658336881e-02 1.143291455420818517e-02
9.361334198297311532e-03 9.273699620325100146e-03
1.397470884402059361e-02 1.377941635674544661e-02
6.818295921882265229e-03 6.771806762603908847e-03
1.375943412984198359e-02 1.357011210226852400e-02
1.378162009735973970e-02 1.359168704485179055e-02
4.440051605202777890e-02 4.242911022634140300e-02
1.135877564438231117e-02 1.122975386024289805e-02
2.036125987909185447e-02 1.994667897522793901e-02
1.191144186754541402e-02 1.176955942018149959e-02
1.613792101856458688e-02 1.587748852376315994e-02
1.260194633538972570e-02 1.244313728394968316e-02
1.578174794826474672e-02 1.553268437996218818e-02
6.231852056566609434e-03 6.193016076511676307e-03
7.952135090498647571e-03 7.888898638001106897e-03
5.733459980119925969e-03 5.700587416776288843e-03
6.870636128219564584e-03 6.823430487413168974e-03
2.541031599124560746e-03 2.534574757536811433e-03
1.901937097220749925e-03 1.898319732498965438e-03
2.270651247905700575e-03 2.265495390816084972e-03
6.104862195404320291e-03 6.067592852979443278e-03
4.196394673747506562e-03 4.178784945489649738e-03
6.460272928968262100e-03 6.418537802651501888e-03
1.026004039520441759e-02 1.015477196629319123e-02
1.465301581630824336e-02 1.443830494379526319e-02
9.065975378384726752e-03 8.983783468823247978e-03
8.582211571785564388e-03 8.508557216322674976e-03
8.074110367006616731e-03 8.008919108788013080e-03
7.281225782618578127e-03 7.228209533721108304e-03
2.051866676863926299e-03 2.047656520004301900e-03
1.784517468232118880e-03 1.781332965637693342e-03
1.376292456841537136e-02 1.357350647573947987e-02
4.283989518878580927e-03 4.265636952680719636e-03
5.301271138493560998e-03 5.273167662809736395e-03
5.983827754957381923e-03 5.948021560356383207e-03
1.261693385998619368e-02 1.245774683995892751e-02
1.599936459337254757e-02 1.574338492598088488e-02
2.926208885245168770e-02 2.840581900844291185e-02
3.219318030852978685e-02 3.115677945015227560e-02
5.747648792230401239e-03 5.714613325591573999e-03
3.563230719157569563e-03 3.550534105999621562e-03
6.470178970215200755e-03 6.428315754308585629e-03
9.662574759032496741e-03 9.569209408058604663e-03
9.446781424322576656e-03 9.357539745043649826e-03
1.219207887200705713e-02 1.204343208478581700e-02
8.098729582471814528e-03 8.033140161621810799e-03
1.324134903339504316e-02 1.306601570917085078e-02
1.139866484395769125e-02 1.126873528373281350e-02
3.856557494708558881e-02 3.707827137608631085e-02
1.626128964280375636e-02 1.599686010195660105e-02
1.229742347170495985e-02 1.214619684766251977e-02
1.054541003470911564e-02 1.043420436190897228e-02
9.250396189589386864e-03 9.164826359925017790e-03
1.111256195669340675e-02 1.098907292345205691e-02
1.364730562733361408e-02 1.346105667644776314e-02
2.100374229633938505e-03 2.095962657729428039e-03
1.787296039676700794e-03 1.784101612543256745e-03
2.959870080055619981e-03 2.951109249164811550e-03
2.756705152665270102e-03 2.749105729366538905e-03
6.426443961880515992e-04 6.422314043680997118e-04
1.578710820007684897e-03 1.576218492154475483e-03
3.372494581502274470e-03 3.361120861800012422e-03
3.789817859653279563e-03 3.775455140243932396e-03
3.011688077931471384e-03 3.002617812852716953e-03
5.704442571610200685e-03 5.671901906557402090e-03
9.906076591120119637e-03 9.807946237690981159e-03
1.154222930526135893e-02 1.140900624792612512e-02
4.553826652953999431e-03 4.533089315768844794e-03
3.405702790545881396e-03 3.394103979048349214e-03
2.857205505338405484e-03 2.849041882038669607e-03
1.511024895501554555e-03 1.508741699266729014e-03
2.333988145474789769e-04 2.333443395408468215e-04
5.978379390060537283e-04 5.974805288047387725e-04
5.127111768181730200e-03 5.100824493098302971e-03
1.112506591334388225e-03 1.111268920418625756e-03
1.839280321078772071e-03 1.835897368979264423e-03
3.354233120071112642e-03 3.342982240247330695e-03
8.769965654099484004e-03 8.693053356525398678e-03
1.503212154925918399e-02 1.480615687098748093e-02
3.487613748296226196e-02 3.365979251723177912e-02
5.148017755408059587e-02 4.882996887308093531e-02
3.035615138497115440e-03 3.026400179228042400e-03
2.118650090054882088e-03 2.114161411850792437e-03
3.253143877915706719e-03 3.242560932825286433e-03
8.543831474023752537e-03 8.470834417767234004e-03
9.887597716903862369e-03 9.789833128292539308e-03
1.235130200268461965e-02 1.219874734152309910e-02
6.026296180028188967e-03 5.989979934378766510e-03
1.165603476437118008e-02 1.152017161794295121e-02
9.680102304222970924e-03 9.586397923602748075e-03
4.582373130139816980e-02 4.372391695101543463e-02
1.354416054126407649e-02 1.336071625649654093e-02
1.528822113242030503e-02 1.505449142702652149e-02
1.027681530198615127e-02 1.017120236923501481e-02
8.626565575066252531e-03 8.552147941445334411e-03
8.394473512185668396e-03 8.324006326638880987e-03
9.130863894429564614e-03 9.047491218970967614e-03
2.007976909829298565e-03 2.003944938558890887e-03
2.248811161696843280e-03 2.243754010055870780e-03
1.718350730620771130e-03 1.715398001387346107e-03
3.070592111481943495e-03 3.061163575566848514e-03
8.500332713288942868e-04 8.493107147665282302e-04
1.386989521589649006e-03 1.385065781656649557e-03
1.367855490864054984e-03 1.365984462220167948e-03
3.013541039161620350e-03 3.004459609566909224e-03
2.801670907461751604e-03 2.793821547588034096e-03
5.335391199337552633e-03 5.306924800087584049e-03
1.094602422365103557e-02 1.082620877734627972e-02
1.509595324590313863e-02 1.486806544150064482e-02
7.545605170888061014e-03 7.488669013493128371e-03
6.440488681766600061e-03 6.399008787306635984e-03
3.047942110425538604e-03 3.038652159317033283e-03
3.257111964057083763e-03 3.246503185710679883e-03
9.483941813912479153e-04 9.474947298679511302e-04
7.432220558943192093e-04 7.426696768699514190e-04
5.735070837852915618e-03 5.702179800337724841e-03
1.157630287126143378e-03 1.156290179244471618e-03
1.985897069369588989e-03 1.981953282199458086e-03
3.415949599333418553e-03 3.404280887668232301e-03
9.800109428509229392e-03 9.704067283698474683e-03
2.165687739358249098e-02 2.118785705514182605e-02
3.953880631863717493e-02 3.797548911353447465e-02
7.306267418447551232e-02 6.772451982548868821e-02
1.793293265742250311e-03 1.790077365005293729e-03
1.046925524986662632e-03 1.045829471931794064e-03
1.722192409510552415e-03 1.719226462815176722e-03
5.066454355996853273e-03 5.040785396255453681e-03
9.231466083369744072e-03 9.146246117321338645e-03
5.984552338157796657e-03 5.948737471469647126e-03
2.236555683549175909e-03 2.231553502223559884e-03
3.733001472956516079e-03 3.719066172959420696e-03
2.216530387350582575e-03 2.211617380392534235e-03
2.688046994101351422e-02 2.615791027676378153e-02
3.748848408333547468e-03 3.734794543944882673e-03
5.304003165705139557e-03 5.275870716123329252e-03
3.624596343451317627e-03 3.611458644798356751e-03
3.138791719049998513e-03 3.128939705594421718e-03
4.228270736635625880e-03 4.210392463213336912e-03
6.958372383795393898e-03 6.909953437563827114e-03
7.022584278649700003e-04 7.017652609654625919e-04
6.346100185168012352e-04 6.342072886411992882e-04
2.976451219957954920e-04 2.975565293771476223e-04
9.709206487778916607e-04 9.699779618716683743e-04
7.535249976180896907e-05 7.534682176258862009e-05
1.855764223667349705e-04 1.855419837581965452e-04
3.274562052046086258e-04 3.273489776382816196e-04
9.355945893238106588e-04 9.347192520882387180e-04
7.135973872602698097e-04 7.130881660291650938e-04
2.472160934272131603e-03 2.466049354587190445e-03
8.036291858133507923e-03 7.971709871304405795e-03
1.393631598743726510e-02 1.374209508413556588e-02
1.884358513031907361e-03 1.880807706026271483e-03
1.107320551785983620e-03 1.106094392981576057e-03
5.516767403800889105e-04 5.513723931542124793e-04
7.419966619550357910e-04 7.414461029086834081e-04
1.964668949908786484e-04 1.964282957500513042e-04
1.107543457962710699e-04 1.107420792711583135e-04
2.137040617667642067e-03 2.132473675066080907e-03
1.311246199475577130e-04 1.311074262816013165e-04
5.429004580319946255e-04 5.426057171246632949e-04
1.571115230170220438e-03 1.568646827103747617e-03
8.150691855608611577e-03 8.084258077883526433e-03
2.482265483316210483e-02 2.420649064019579980e-02
5.435333354527538408e-02 5.139904867779142295e-02
9.919409914595439526e-02 8.935462984057696012e-02
1.818596507500820679e-03 1.815289214243726587e-03
1.385791938081440584e-03 1.383871518785789127e-03
2.223078053179867921e-03 2.218135977149337992e-03
6.723982132156319617e-03 6.678770196442761903e-03
9.255102217573649495e-03 9.169445300515912528e-03
7.532755768670666534e-03 7.476013359200225222e-03
3.177040593137149538e-03 3.166947006206708142e-03
3.313043851434219027e-03 3.302067591872692894e-03
1.645119512364963833e-03 1.642413094154999888e-03
3.318836198295380124e-02 3.208689461184222741e-02
4.390978974210457339e-03 4.371698277858498613e-03
7.633952211465630869e-03 7.575674985098690244e-03
3.357061646013261708e-03 3.345791783118128374e-03
2.082029982647394875e-03 2.077695133798752088e-03
3.515206252721139474e-03 3.502849577721969809e-03
2.775549784137405600e-03 2.767846107533180298e-03
2.964478216221861696e-04 2.963599403112416306e-04
1.356258007291128473e-04 1.356074063712894471e-04
1.168690736019872660e-04 1.168554152216226744e-04
6.521984487224395145e-04 6.517730859059235647e-04
9.278116125508193779e-05 9.277255291119809396e-05
3.708828843098004664e-04 3.707453301959264978e-04
4.937649582184929940e-04 4.935211543845285107e-04
1.077513078167840034e-03 1.076352043734217240e-03
7.795658852384231138e-04 7.789581622689955003e-04
2.740505213215970771e-03 2.732994844392306819e-03
9.323563288028663409e-03 9.236634455642787900e-03
1.491764386587667197e-02 1.469510776736754343e-02
2.464314553056803480e-03 2.458241706840396008e-03
2.058110983915737227e-03 2.053875163093622520e-03
1.456715378798276086e-03 1.454593359103448702e-03
2.053235869046311519e-03 2.049020091512373121e-03
7.245297926113984047e-04 7.240048491910168645e-04
6.308363679274922543e-04 6.304384134043922996e-04
1.091898548330455260e-03 1.090706305890609164e-03
5.030486520126435006e-04 5.027955940663517750e-04
5.370338615117462933e-04 5.367454561433360324e-04
2.202630751590838737e-03 2.197779169362984973e-03
1.709322589212986659e-02 1.680104752073048602e-02
6.346203559030602626e-02 5.943460562904075845e-02
1.016276116609866054e-01 9.129944020907029834e-02
1.982293043613328476e-01 1.589344472537549124e-01
8.527390428332600868e-04 8.520118789580879114e-04
7.662315629460295574e-04 7.656444521379748500e-04
1.017082502026946805e-03 1.016048045211017303e-03
4.659168649717988601e-03 4.637460797211473418e-03
3.500122821996700349e-03 3.487871962227638307e-03
3.705911066275653469e-03 3.692177289444509205e-03
9.845530011432571376e-04 9.835836565311969256e-04
6.586632709262460429e-04 6.582294336217787587e-04
1.243703733291061852e-04 1.243549053393441513e-04
2.113795689494640806e-02 2.069114367325379511e-02
2.879313227129977684e-03 2.871022782470051844e-03
9.245912904357972417e-03 9.160425998922999691e-03
3.861679787185849731e-03 3.846767216407089799e-03
1.388146366034589616e-03 1.386219415701054475e-03
1.365167144041208461e-03 1.363303462710038858e-03
8.886834912269229916e-04 8.878937328793437512e-04
3.841962572843923645e-05 3.841814966079812186e-05
5.865558700364850199e-05 5.865214652576175927e-05
7.083788843468747146e-05 7.083287042824958058e-05
2.189687761872667442e-04 2.189208288623217932e-04
5.532753160913122815e-05 5.532447047337727124e-05
5.583641158661698038e-05 5.583329388175811367e-05
2.205550674881007114e-04 2.205064229503060234e-04
1.226911111489488232e-03 1.225405800613991927e-03
1.378678062482007567e-04 1.378487987162010735e-04
1.920620802320263665e-03 1.916932018053958383e-03
9.482148018994001823e-03 9.392236887939890005e-03
2.141619170409942916e-02 2.095753843699269328e-02
1.395243463017842604e-03 1.393296758696748686e-03
5.783299496008145789e-04 5.779954840702092485e-04
5.677162223215919193e-04 5.673939206125048693e-04
8.357057865011695936e-04 8.350073823395780985e-04
3.415744515167736016e-04 3.414577784108446053e-04
2.682014426801402956e-04 2.681295106662845754e-04
4.367116906062320863e-04 4.365209735055199320e-04
2.263634046811299836e-04 2.263121642901511424e-04
7.117015923469087414e-04 7.111950731903596669e-04
4.039627353198590315e-02 3.876441461671487759e-02
7.542428141809515152e-02 6.973545919065914089e-02
2.849782072718820003e-01 2.037656286519862747e-01
2.713063478958858687e-01 1.976992134872824214e-01
2.724495833514645193e-01 1.982208078830778875e-01
6.333394711496207440e-03 6.293282822924598993e-03
5.998008452511276699e-03 5.962032347114880164e-03
8.935638115992579344e-03 8.855792487452600337e-03
2.046437361637279059e-02 2.004558302886229673e-02
1.490563501289310193e-02 1.468345705775551784e-02
1.679950108637567191e-02 1.651727784962453427e-02
7.915454267857247386e-03 7.852799851590708258e-03
6.188191265764358441e-03 6.149897554622676434e-03
1.833413889130056573e-03 1.830052482641201508e-03
2.376224876476431755e-02 2.319760429840577592e-02
6.013265971230152135e-03 5.977106603589397472e-03
8.006321548839165358e-03 7.942220364095758586e-03
1.719263839353312590e-02 1.689705157860233592e-02
6.084104999498398877e-03 6.047088665853477332e-03
3.346982413940682161e-02 3.234959501148400307e-02
1.086929558201565719e-02 1.075115399556643252e-02
2.446636175557158517e-03 2.440650146981613450e-03
8.074947637642219695e-04 8.068427159707153296e-04
1.168506388492786263e-03 1.167140981312837734e-03
2.064042516688614076e-03 2.059782245177915749e-03
8.553988603597305600e-04 8.546671531494257935e-04
2.894483498642103948e-03 2.886105463918192410e-03
1.749667511907627288e-02 1.719054147885376929e-02
2.371612321845358376e-02 2.315366871794070913e-02
7.192020955231553936e-03 7.140295789811064268e-03
1.565796997342555966e-02 1.541279794973686272e-02
3.647179363873336716e-02 3.514160190750701546e-02
4.297177783961484560e-02 4.112520414891763371e-02
1.897481136321909831e-02 1.861476789694934894e-02
1.567973628927472884e-02 1.543388215917352972e-02
2.052323352279934732e-02 2.010203040856799184e-02
7.996951437504612806e-03 7.933000205210805761e-03
2.672293447595714896e-03 2.665152295325652013e-03
1.864570624096017343e-03 1.861094000483775549e-03
1.477873104806302212e-02 1.456032015667203978e-02
9.967013566867329380e-03 9.867672207425211631e-03
3.929178391696949713e-02 3.774793963359167337e-02
9.000877942720672542e-02 8.190719905323116945e-02
2.592832343019308983e-01 1.920554387118608985e-01
3.095832446757483258e-01 2.137414592917840639e-01
2.903609932923565951e-01 2.060514868666326604e-01
2.763865283864651023e-01 1.999970153129428385e-01
6.763665264791398745e-04 6.759090548009984113e-04
5.647583823142558312e-04 5.644394302838616224e-04
5.504621832292237206e-04 5.501591746140582816e-04
2.535174444041822257e-03 2.528747334580099329e-03
3.807397388344206744e-03 3.792901113471436672e-03
1.533896796230943462e-03 1.531543956849456016e-03
3.653712514426872776e-04 3.652377552913064671e-04
6.836561644445420102e-04 6.831887786933589718e-04
9.091340432179940436e-05 9.090513907471402320e-05
2.282221801519449325e-02 2.230136438006142391e-02
5.886428686767381869e-04 5.882963682498942078e-04
5.942751904969771452e-03 5.907435604765749575e-03
4.490049163997782665e-03 4.469888622502665720e-03
3.468740119819108819e-02 3.348418539630682034e-02
3.110480211310481108e-02 3.013729339860940146e-02
4.469438909871725762e-02 4.269680068180971982e-02
5.518342333224761018e-04 5.515297123014095172e-04
1.178063127215897701e-04 1.177924343942727089e-04
3.347686895287492904e-03 3.336479887738613356e-03
6.125763372884335495e-05 6.125388123115329349e-05
2.297999397624912548e-05 2.297946589612597743e-05
6.994566371717782498e-05 6.994077132130498782e-05
1.266204853413666553e-04 1.266044525940585811e-04
1.435269339729377961e-03 1.433209341651810751e-03
2.002094398349592731e-04 2.001693560151602375e-04
1.450917686200614695e-03 1.448812524068484849e-03
6.343206333838170320e-03 6.302970067244525673e-03
3.633605842509194522e-02 3.501574928322025160e-02
7.969442300558007494e-04 7.963091099499815554e-04
2.840912744577706256e-04 2.840105666055475959e-04
4.823270959092731502e-04 4.820944564818248563e-04
5.644259920501555833e-04 5.641074153496537574e-04
2.100961557293486083e-04 2.100520153346963634e-04
8.953823957235806539e-04 8.945806860890089191e-04
3.661243030586239060e-03 3.647838330057222907e-03
7.538029342572925839e-02 6.969810478878021853e-02
8.393481276882022724e-02 7.688975997428332265e-02
3.150201602378526755e-01 2.157824588815702993e-01
3.125456009521043188e-01 2.148608482775922757e-01
3.313679357807196579e-01 2.215632269171445290e-01
2.789099624222839413e-01 2.011191952838841113e-01
2.472484079051229244e-01 1.861166326935048687e-01
2.022555584282493581e-03 2.018464853190981168e-03
2.643371852211794017e-03 2.636384437462728231e-03
3.241944834546074683e-03 3.231434628235834924e-03
1.131579971392313901e-02 1.118775239075751535e-02
4.503350201184451625e-03 4.483070038149943731e-03
4.957964937132458040e-03 4.933383520814623585e-03
5.981932650189309645e-04 5.978354298366169405e-04
1.708969221572472082e-04 1.708677163992443999e-04
2.519757220145870329e-05 2.519693728381385629e-05
7.295437328689070855e-04 7.290114988107388111e-04
7.928455008994552550e-03 7.865594610164901301e-03
5.017528508012835189e-03 4.992352915684113851e-03
1.405901829890733590e-02 1.386136230337832453e-02
1.368409730061804185e-02 1.349684278168526014e-02
6.690185261036806288e-03 6.645426682209812363e-03
1.004715045862278680e-02 9.946205226284582715e-03
5.294145487224103178e-03 5.266117510784208179e-03
2.787347003838896563e-04 2.786570073506915331e-04
2.358426835073151092e-03 2.352864657936758110e-03
4.993115693157743236e-04 4.990622572725217409e-04
2.737858974024067480e-04 2.737109386847903043e-04
9.122789244259838773e-04 9.114466715900320683e-04
1.160421811553341911e-03 1.159075232772613113e-03
3.765650597222887624e-03 3.751470472802522632e-03
1.003207239456969328e-03 1.002200814691670428e-03
1.054173715304152111e-03 1.053062433082114016e-03
4.550377555797935976e-04 4.548306962207905265e-04
2.217350440205441853e-03 2.212433797230762503e-03
6.030748294128558803e-04 6.027111301629845810e-04
6.726729233864761409e-04 6.722204345246188262e-04
2.075885335676463158e-03 2.071576035749586771e-03
5.811890420540011780e-03 5.778112350279646613e-03
5.012393363531610383e-04 5.009880954808533212e-04
1.588749731157759965e-03 1.586225605449506203e-03
7.519233297217597922e-02 6.953844603437739358e-02
1.095302375192315908e-01 9.753336458821229571e-02
1.495969473806532668e-01 1.272177007150433192e-01
3.178083921815852975e-01 2.168062180405409545e-01
2.967174646553936146e-01 2.086762108238688351e-01
3.031774287326968187e-01 2.112608754397273803e-01
6.514831574150765914e-02 6.090401269755248148e-02
5.059708430270023344e-02 4.803701936276567885e-02
1.012449686412799114e-03 1.011424632045281697e-03
9.701779168845163547e-04 9.692366716941059907e-04
8.489394484418973834e-04 8.482187502547765745e-04
2.199748529705239375e-03 2.194909636111299148e-03
1.673342142234974204e-03 1.670542068309994717e-03
7.269820880057680781e-04 7.264535850494868892e-04
9.982657091822704420e-05 9.981660557396575023e-05
2.040909696808718187e-04 2.040493165569665503e-04
3.822160951831090085e-04 3.820700060396920003e-04
2.364563492446813010e-03 2.358972331937000868e-03
2.691227561186618905e-03 2.683984855400528557e-03
4.294570920065048504e-04 4.292726586126301646e-04
2.564796651410800564e-03 2.558218469547712468e-03
5.277728510229724723e-02 4.999184327952808232e-02
4.582823719093687131e-02 4.372800986690809910e-02
1.125067401667920186e-01 9.984897358383396093e-02
1.533553153619060180e-02 1.510035300869310565e-02
6.998795213878171613e-03 6.949812079432367458e-03
1.048669085434552999e-02 1.037672016927091573e-02
2.982066060229472356e-04 2.981176788430715233e-04
5.065144105124044609e-04 5.062578536643477355e-04
7.440470788702220530e-04 7.434934728146467197e-04
4.967199653990192563e-04 4.964732346749932933e-04
1.611271862859288201e-03 1.608675665843246156e-03
2.549872689962226794e-04 2.549222504888725197e-04
1.109516012964252346e-03 1.108284987181228217e-03
2.266688769662252110e-03 2.261550891683739191e-03
1.221808420798175046e-02 1.206880262626841734e-02
7.345147348506370685e-04 7.339752229549243714e-04
4.188745176888766992e-04 4.186990618273076208e-04
1.379930093632644522e-03 1.378025886569331573e-03
5.898944912271481163e-03 5.864147361193467606e-03
3.460693113525008659e-04 3.459495473842408709e-04
8.879950423598495513e-02 8.091415228342824228e-02
1.104073496533801851e-01 9.821756679589643824e-02
3.313952810642416535e-01 2.215724487525939368e-01
3.354298379707771893e-01 2.229166617696753394e-01
3.462590827221428968e-01 2.263637303545630863e-01
2.871062663079730903e-01 2.046762581546683335e-01
2.724331612892548771e-01 1.982133339191977095e-01
5.415009424581147118e-02 5.121786153898120336e-02
4.653328181667919228e-02 4.436793550004870801e-02
4.725475289828944513e-03 4.703145173114160749e-03
4.846650598017782086e-03 4.823160575998516192e-03
6.065381307557857551e-03 6.028592457151785329e-03
7.801367977757219831e-03 7.740506635432843792e-03
3.069851354271595743e-03 3.060427366934272576e-03
1.991548030635887159e-03 1.987581767077557272e-03
4.244744461365625773e-04 4.242942675811396192e-04
1.845378609041994900e-04 1.845038066820923865e-04
9.538394402159551869e-05 9.537484592481840543e-05
1.092732833085209012e-03 1.091538768040706524e-03
7.953331282518381201e-03 7.890075804028895412e-03
4.879154238722501315e-04 4.876773624113977124e-04
3.793131233237211075e-02 3.649252787711614737e-02
1.693025355026027412e-02 1.664362006498417215e-02
5.172582174564451657e-03 5.145826568211830064e-03
8.407805326959075232e-03 8.337114136543033460e-03
2.536483202161669837e-02 2.472145731813186684e-02
7.005798600110873034e-03 6.956717386085557904e-03
9.923760506235621004e-02 8.938950280384402869e-02
1.150132782317416814e-02 1.136904728147804765e-02
3.821753151720569917e-03 3.807147354567883609e-03
1.824308996259614698e-03 1.820980892945780940e-03
1.216870658003941152e-03 1.215389883805630122e-03
3.133432712102002596e-03 3.123614311540731832e-03
2.123776277672178182e-03 2.119265851994575102e-03
1.298603678143278031e-03 1.296917306630390862e-03
2.909151352250410058e-04 2.908305036091380128e-04
9.127126461565929520e-04 9.118796017821387571e-04
4.993711372425622312e-04 4.991217657098512587e-04
3.611036122719033588e-04 3.609732164531075549e-04
1.312093457039446940e-03 1.310371867799441309e-03
7.968287294410543800e-03 7.904793692004278768e-03
5.784407720722081064e-02 5.449813993926588829e-02
1.209301903604603906e-01 1.063060794198431996e-01
3.535601728070602578e-01 2.285553770117019490e-01
3.385319130659908970e-01 2.239280569018712863e-01
2.614625851224142150e-01 1.930999017035185117e-01
2.979836539197988632e-01 2.091893959164043970e-01
8.879040356771206177e-02 8.090666780199488872e-02
5.370269961430909622e-02 5.081871966844438149e-02
2.517447287667508651e-02 2.454071879205663859e-02
2.314284866387827239e-02 2.260725721959910145e-02
1.850606410356529872e-03 1.847181666270477198e-03
1.644539308647307565e-03 1.641834799109621358e-03
1.298883731327321427e-03 1.297196632379814555e-03
1.400966080096639190e-03 1.399003374139057851e-03
9.620719996792131056e-04 9.611464171466463976e-04
3.995603813581269110e-04 3.994007328597758534e-04
2.546686121652555479e-04 2.546037560632333436e-04
6.563035860162062720e-05 6.562605125765045243e-05
2.845271755276906913e-05 2.845190799563293156e-05
4.697506421659942695e-04 4.695299765001788913e-04
5.074191476108850509e-04 5.071616734195228413e-04
8.334382006882121814e-05 8.333687387647755850e-05
3.692444416491656722e-03 3.678810270722776467e-03
8.813997920717662332e-03 8.736311361371247239e-03
3.527086561484769293e-03 3.514646221872563033e-03
3.078083196094112337e-02 2.983337234473342967e-02
5.724537802815352419e-03 5.691767469759490342e-03
1.431276628991845837e-02 1.410791101104863152e-02
2.825469002693345444e-02 2.745636251841536077e-02
3.043483278124929983e-02 2.950855373482669242e-02
1.492881489191997830e-03 1.490652794051225676e-03
1.915479648203367163e-02 1.878789025376554137e-02
9.840161560495448712e-03 9.743332780958796277e-03
1.364048782675393069e-02 1.345442491860210886e-02
3.721215174565400702e-03 3.707367732189984898e-03
3.396447984033157830e-03 3.384912125124915107e-03
4.435312546730962001e-03 4.415640549343772918e-03
7.689507092386709333e-03 7.630378573062843867e-03
1.923329425215361500e-03 1.919630229137462337e-03
1.378270849802336155e-03 1.376371219266921391e-03
1.141434676968488930e-02 1.128405945750627325e-02
1.021891531715457130e-01 9.174653014562808573e-02
1.043401451425364918e-01 9.345327925417090675e-02
3.397340308738495129e-01 2.243148191400557989e-01
3.447279849309707878e-01 2.258906013364031518e-01
3.648287721822112140e-01 2.317287391702314292e-01
2.588754225689141042e-01 1.918589381586802700e-01
2.709251857657875573e-01 1.975247294835610623e-01
5.485724104837622767e-02 5.184792415293657669e-02
5.320714990321588622e-02 5.037614910239260335e-02
4.309375515383503941e-03 4.290804798050917510e-03
2.699397591513878758e-03 2.692110844156807986e-03
8.974514629520410902e-03 8.893972716684935345e-03
6.742454072258238611e-03 6.696993385341727320e-03
8.234447802094587571e-03 8.166641671489166879e-03
6.522411469439762764e-03 6.479869618063083432e-03
3.375505978876031446e-03 3.364111938262603820e-03
2.095818151595436451e-03 2.091425697870879629e-03
1.405286633153491607e-03 1.403311802632171632e-03
1.026088699008193645e-03 1.025035840989961360e-03
5.048038712108775944e-04 5.045490442624880672e-04
9.615224455630460784e-03 9.522771914298306523e-03
1.016721677191772220e-03 1.015687954222900492e-03
8.906203445473768023e-04 8.898271399492551368e-04
1.557381909438346375e-02 1.533127525319888038e-02
1.838454965220369993e-03 1.835075048561226468e-03
5.398487286945237440e-02 5.107050637072144128e-02
1.168933874676043351e-02 1.155269810642391842e-02
1.084540436762961718e-02 1.072778157173221759e-02
3.387945947493991531e-03 3.376467769750850483e-03
4.351311491028340972e-02 4.161972374108788286e-02
1.765074159021466638e-02 1.733919291153013242e-02
9.989358430352984417e-03 9.889571148502919809e-03
5.820603050543338326e-03 5.786723630671343835e-03
1.028586888067262346e-02 1.018006978204223471e-02
2.610483002206660883e-03 2.603668380701851075e-03
5.574114231296571327e-04 5.571007156350216627e-04
5.098826683366759543e-04 5.096226880012058591e-04
2.112071089600195406e-04 2.111625005171442868e-04
3.229225572575510398e-04 3.228182782795652964e-04
1.155651765381432574e-04 1.155518212281149627e-04
2.208647270416239582e-04 2.208159458139727881e-04
8.077616890882240164e-02 7.425137944523579892e-02
1.313369675690851113e-01 1.140875685188421917e-01
1.531086451792868230e-01 1.296663879506500805e-01
3.541694938095024114e-01 2.287334634642232412e-01
2.737405728008445172e-01 1.988066716035100656e-01
2.998324249593838919e-01 2.099329419023593379e-01
6.005214775652885362e-02 5.644588730635687751e-02
5.597114565460685476e-02 5.283837650871763686e-02
2.700534736303284930e-02 2.627605857683478277e-02
2.557513101660227953e-02 2.492104369008590892e-02
1.471145248866071288e-03 1.468980980522810020e-03
1.573398922398998269e-03 1.570923338229991868e-03
1.709657951411401545e-03 1.706735021100577255e-03
1.876652222880173439e-03 1.873130399314532372e-03
1.402573109442779549e-03 1.400605898115447542e-03
3.044315706007811803e-03 3.035047847889966056e-03
5.623375296557833096e-04 5.620213061585239934e-04
5.229921993480782022e-04 5.227186785074992414e-04
5.488832686870949489e-05 5.488531414028304829e-05
3.822679892725821513e-05 3.822533763910198744e-05
1.210802783510789105e-05 1.210788123076983483e-05
2.626797909535285680e-04 2.626107902809531806e-04
1.583890155963832251e-04 1.583639285161216438e-04
9.930830228484887722e-05 9.929844014594617623e-05
1.579022253271320387e-03 1.576528941994994378e-03
1.299300550931988809e-04 1.299131732739823488e-04
4.823476985587681065e-03 4.800211055357187125e-03
2.781614345705673251e-03 2.773876967337437788e-03
4.493925923366558738e-03 4.473730553161852676e-03
1.246242523575972344e-02 1.230711319300282179e-02
4.300034511027368139e-02 4.115131543067104131e-02
3.460345824302581141e-02 3.340605892064898302e-02
2.375590197949494983e-02 2.319155910063557674e-02
8.117256609802782699e-03 8.051366754933396083e-03
6.153438591357585086e-03 6.115573784859976506e-03
1.559249854466471068e-02 1.534937253379933982e-02
5.398766010102752123e-03 5.369619335670911160e-03
6.348887899327128499e-03 6.308579521768905782e-03
5.133905348358220981e-03 5.107548364232319602e-03
8.072610943716898926e-03 8.007443896268281319e-03
5.524509304754394827e-03 5.493989101696077244e-03
9.489130802618912786e-02 8.588694768726802542e-02
1.477496984583871742e-01 1.259197250638428300e-01
3.390777316260973340e-01 2.241040235413976345e-01
3.435341102431195281e-01 2.255184253425877305e-01
3.824017707567342605e-01 2.361706564788483287e-01
2.706582183313394063e-01 1.974023471810444352e-01
2.711044342410259822e-01 1.976068199758791999e-01
4.804293849511941800e-02 4.573481455587358885e-02
4.507065180325328657e-02 4.303928814928318497e-02
6.859762011061553734e-03 6.812705676213150208e-03
4.717752210015685801e-03 4.695495024100577487e-03
8.332125650505423087e-03 8.262701332649613484e-03
4.581681057199881758e-03 4.560689255889977325e-03
3.316009852648995650e-03 3.305013931306130612e-03
3.807183787992159812e-03 3.792689139596609575e-03
3.963751620790080532e-03 3.948040293878764956e-03
8.601965609924324199e-03 8.527971797570003606e-03
2.674354263698435364e-03 2.667202092970673288e-03
2.646717974901990986e-03 2.639712858863321829e-03
7.008957526774171280e-04 7.004044978212958621e-04
3.867507482124203470e-04 3.866011720711774909e-04
7.442190681831466399e-05 7.441636819810019683e-05
1.279950097467594510e-03 1.278311825215587127e-03
4.306359525190812552e-04 4.304505051954792276e-04
4.454535309361064462e-04 4.452551020878829928e-04
3.866470713574522277e-04 3.864975753996629441e-04
5.356928629563265619e-04 5.354058961129042320e-04
2.640119368127552980e-03 2.633149137849590676e-03
5.989960195583809792e-05 5.989601399352362888e-05
5.847761357280034482e-04 5.844341725990864940e-04
4.382135143947826425e-04 4.380214833105843973e-04
2.300700349300826252e-03 2.295407127203553423e-03
1.724709007169742542e-02 1.694962795575618089e-02
7.398118610444343914e-03 7.343386451470141144e-03
6.493186638929758676e-03 6.451025166201782360e-03
8.694325764365485112e-03 8.618734463868574919e-03
4.853218814577829957e-03 4.829665081715658025e-03
2.834106853216592837e-04 2.833303637051048105e-04
1.141534547791365258e-03 1.140231446667564061e-03
1.358440741375590731e-03 1.356595380127761669e-03
2.388237366729607705e-03 2.382533689009764220e-03
2.140980166448519864e-02 2.095142205717260425e-02
1.149819610584819490e-01 1.017611096896276907e-01
2.762472293047242289e-01 1.999346976061873449e-01
3.377227766780482310e-01 2.236661027909173927e-01
2.528018002590525781e-01 1.888930500448346428e-01
2.951829411483917753e-01 2.080499724033768594e-01
7.585761997683192204e-02 7.010324146828247893e-02
4.914277952894919449e-02 4.672776674911828521e-02
2.341809894442020354e-02 2.286969158624954992e-02
2.411122388218671711e-02 2.352987276508978695e-02
5.183164675415137534e-04 5.180478155809890243e-04
3.608345842267993413e-03 3.595325682550580635e-03
1.909479512292517819e-03 1.905833400284652869e-03
1.046017034908022217e-03 1.044922883270704402e-03
1.495764366701684981e-03 1.493527055660990492e-03
1.533155710055728645e-03 1.530805143624452058e-03
1.872233494695957866e-03 1.868728236437296446e-03
4.670320539582609003e-03 4.648508645640161974e-03
1.350802919835746106e-03 1.348978251307509334e-03
1.356854655573004739e-03 1.355013601016654594e-03
3.724392880393938396e-04 3.723005770161185303e-04
2.120174853581103646e-04 2.119725339440127791e-04
7.679850581186272341e-05 7.679260780136779486e-05
1.065530484082859381e-03 1.064395128870349603e-03
4.006898251988619047e-04 4.005292728628440276e-04
2.944965188508790301e-04 2.944097906512637319e-04
4.762282380387194676e-04 4.760014447040139952e-04
1.672589888485358949e-04 1.672310132791852587e-04
2.278587583735044563e-03 2.273395622358293042e-03
1.203280583402702381e-03 1.201832699240308350e-03
3.653438505181169638e-02 3.519962376069765697e-02
2.076335495106526423e-03 2.072024326018287021e-03
1.371541033145140531e-02 1.352729785089132157e-02
3.153862599814623302e-02 3.054394106829528763e-02
1.083079188635262778e-02 1.071348583346714602e-02
1.155614923570223544e-02 1.142260465054441461e-02
3.506796142378156012e-02 3.383819950536173099e-02
5.627054958377439298e-02 5.310417483331437982e-02
4.574271982672883929e-02 4.365032340958222706e-02
7.980599201447138857e-02 7.343699565305751575e-02
5.966062227233450560e-02 5.610123242241232822e-02
1.179684168653441501e-01 1.040518694876285399e-01
1.466325493743665387e-01 1.251314448383404887e-01
3.323529504278587843e-01 2.218944667697560214e-01
3.552970029057074264e-01 2.290610426319291681e-01
3.554352732541581350e-01 2.291010397809000732e-01
2.607866006471785125e-01 1.927769495700675240e-01
2.605182448398859485e-01 1.926484889454311844e-01
4.853971148847734812e-02 4.618360789709272801e-02
4.875870762078353404e-02 4.638129605193447996e-02
1.450353998818903166e-03 1.448250472097013276e-03
7.053048082148707021e-04 7.048073533423796638e-04
3.106075777729746731e-03 3.096428070992747299e-03
5.183483643313792875e-03 5.156615140633291280e-03
8.820133467607342570e-03 8.742338713220935975e-03
7.629614377469473921e-03 7.571403361920584635e-03
3.355812611144182254e-03 3.344551132863068064e-03
3.449209432541879873e-03 3.437312386832344028e-03
3.564077329982628592e-03 3.551374682768532621e-03
9.559764260420077972e-03 9.468375167705272641e-03
3.890292384397127032e-03 3.875158009561028693e-03
4.331183004515397339e-03 4.312423858296794005e-03
1.176646368534878554e-03 1.175261871858292303e-03
3.307633786664111925e-04 3.306539742537443908e-04
1.967448479777915264e-04 1.967061394425857301e-04
2.446088645367236990e-03 2.440105295706242617e-03
1.270335450842705440e-03 1.268721698685037775e-03
1.919362445712651498e-04 1.918994050492850336e-04
7.389037300332755576e-02 6.843058578075668363e-02
6.689917741295950057e-03 6.645162741910643628e-03
1.825809579070526018e-02 1.792473772880269142e-02
8.939168754148174838e-04 8.931177880346660800e-04
9.472950558482129413e-03 9.383213766198682249e-03
9.913863183287766664e-04 9.904034714966071084e-04
9.887561028606247152e-03 9.789797165511834529e-03
1.818225175284679182e-02 1.785165747404289169e-02
2.876297270074131777e-03 2.868024184088296090e-03
3.931790119165221031e-02 3.777200383753568508e-02
6.383441985185180079e-03 6.342693653606954959e-03
2.794454886281013545e-02 2.716365105166415259e-02
1.236414984638961080e-02 1.221127764496563427e-02
5.497653076767524544e-02 5.195411183242610448e-02
5.684035167201440669e-02 5.360952609381613304e-02
1.497216994697324055e-01 1.273051121776275219e-01
2.257991128699030070e-01 1.748138734970678121e-01
2.906956380081877067e-01 2.061916840512004190e-01
2.567980027885622962e-01 1.908527885523678413e-01
2.409040788550685930e-01 1.828693036460594945e-01
5.060530233782326026e-02 4.804440571312076219e-02
4.758200337754120435e-02 4.531795633212086505e-02
2.825261981923514812e-02 2.745440929258491022e-02
3.044114905968683601e-02 2.951448550361276263e-02
6.998089882588972481e-04 6.993192556388492858e-04
2.628659199179731072e-04 2.627968214261187842e-04
1.897548552068148561e-03 1.893947861560692572e-03
1.950882942558548492e-03 1.947076998302982656e-03
6.959852047923970227e-03 6.911412507394978921e-03
1.649338942118391479e-02 1.622135752658509372e-02
4.667029472820040771e-04 4.664851356410023805e-04
3.438840313603608442e-04 3.437657751333362058e-04
3.246273534299009807e-04 3.245219705113060638e-04
2.193263865403260755e-03 2.188453459019976902e-03
9.872738014314041965e-04 9.862990918724113144e-04
1.111228920554048483e-03 1.109994090840172839e-03
1.944406395507529753e-04 1.944028323884440740e-04
1.591661076839374510e-04 1.591407738341022089e-04
7.286149687297533296e-05 7.285618807524875634e-05
2.905714167905153102e-03 2.897270993079588582e-03
8.800939033301524923e-05 8.800164468022845816e-05
9.281971614825425786e-05 9.281110064854841788e-05
1.726677605380785244e-03 1.723696189827861802e-03
1.324929798039394576e-04 1.324754254142421173e-04
7.122947158517494131e-05 7.122439794755264469e-05
3.077834469602639973e-03 3.068361404580365655e-03
2.147525256870767667e-03 2.142913392141869953e-03
8.151750509537177675e-05 8.151085999173480470e-05
2.509063060604798182e-02 2.446109086183883077e-02
9.459620025018669609e-03 9.370135614000935087e-03
1.403143226467508137e-04 1.402946345376109949e-04
6.196196603256976659e-03 6.157803750910763145e-03
4.526561604879190265e-03 4.506071844916423666e-03
2.447043194708705544e-02 2.387162990741003785e-02
1.620699130448333830e-02 1.594432473733974065e-02
8.726691838844634341e-02 7.965140334343058515e-02
1.172602783851143526e-01 1.035103054981598436e-01
2.181361325779347105e-01 1.705527602418764055e-01
2.735564478770085572e-01 1.987233177019220587e-01
2.728390186120726035e-01 1.983978885348737231e-01
2.266006193005988822e-01 1.752527786331839477e-01
2.130094727336805382e-01 1.676364372593999452e-01
3.961673305265430572e-02 3.804724751488903350e-02
3.500579325353180699e-02 3.378038769222279497e-02
1.081028287831922079e-03 1.079859665672829212e-03
6.458471186276241744e-04 6.454300001269845828e-04
2.149970056853862997e-04 2.149507819729326076e-04
2.306607091933089953e-04 2.306075048305434401e-04
6.224981895540722399e-03 6.186231495940912838e-03
1.062375891621865007e-02 1.051089466270871409e-02
2.349572633495145522e-03 2.344052141935076220e-03
2.332941350541890054e-03 2.327498735196821718e-03
1.804853388837017849e-03 1.801595893081821406e-03
1.296259616392475382e-03 1.294579327399385509e-03
1.593922391695702786e-03 1.591381803104953852e-03
4.567215726928220212e-03 4.546356267431920020e-03
6.903809291551006762e-03 6.856146708816900602e-03
4.184694062441513852e-03 4.167182398045280942e-03
8.827927169044872454e-04 8.820133939234675894e-04
1.037969706549019509e-03 1.036892325437305988e-03
1.287214677140524816e-04 1.287048984978020317e-04
2.531752244397961465e-03 2.525342474970947420e-03
8.416719119769001597e-03 8.345877959027915918e-03
1.314168334156822003e-04 1.313995630315772055e-04
7.543987867660375017e-04 7.538296692365634329e-04
1.847657462070771781e-04 1.847316078261057083e-04
2.068116179344142995e-04 2.067688468891016489e-04
8.342267108866633155e-03 8.272673688350955581e-03
1.074531477518160961e-03 1.073376859621983639e-03
3.898596486391381647e-04 3.897076580935011220e-04
3.201581341363354035e-03 3.191331218277988074e-03
8.842780795524536608e-03 8.764586023326838282e-03
4.268227836415288789e-04 4.266406059528933797e-04
6.662023301182167304e-03 6.617640746716673024e-03
3.773158242065350818e-03 3.758921518945685172e-03
1.072833903788462245e-02 1.061324177937282391e-02
7.773684426029313713e-03 7.713254256473823199e-03
5.168972367826178693e-02 4.901789614432672942e-02
1.224968702286509670e-01 1.074913870128360038e-01
2.023454171492016784e-01 1.614017493079172305e-01
1.807863354162046465e-01 1.481026363429842063e-01
1.919621476696146134e-01 1.551126815316836716e-01
5.096458474796088101e-02 4.836719584942879291e-02
3.988644706051969885e-02 3.829551840140806018e-02
2.343299852361955052e-02 2.288389310381159364e-02
2.205981717796718505e-02 2.157318164404184793e-02
5.659935180891143480e-04 5.656731694265954100e-04
3.073729239161071243e-04 3.072784458017504086e-04
8.501228416578769415e-05 8.500505707732861191e-05
1.913892215358588647e-04 1.913525917017387602e-04
5.706622465172418333e-04 5.703365911176417691e-04
1.232153524257100560e-03 1.230635321949761444e-03
2.930616011285577544e-03 2.922027501079974172e-03
3.043465852850776084e-03 3.034203168453307366e-03
6.642760251575930168e-04 6.638347625199938432e-04
5.083539554675703138e-04 5.080955317235308398e-04
5.984272747246040768e-04 5.980691595214697193e-04
2.452978947221480261e-03 2.446961841505968308e-03
3.310586865132617799e-03 3.299626879741029105e-03
2.168079850492382523e-03 2.163379280254271609e-03
5.071196169310289350e-04 5.068624466251526193e-04
2.317223433475097271e-04 2.316686481031032536e-04
3.400092198487122096e-05 3.399976592217539848e-05
2.297262446944121472e-03 2.291985032193981711e-03
7.417885848596335492e-04 7.412383345550055186e-04
8.629324315041945830e-05 8.628579662660603518e-05
1.977588955200335888e-04 1.977197869392762842e-04
3.487683590794764775e-03 3.475519653965265885e-03
4.961981229419235636e-04 4.959519103647124427e-04
8.021211648241462558e-03 7.956871811935578576e-03
9.885473219672605717e-04 9.875700961594919419e-04
2.587337964736973568e-04 2.586668532962596665e-04
5.740771395328325179e-03 5.707814939114905055e-03
4.530475160750865697e-03 4.509949955568685019e-03
9.586118437708017644e-04 9.576929071037841275e-04
4.230211605727310538e-03 4.212316915498080794e-03
2.438790631359590618e-03 2.432842931615983306e-03
9.258686331462788119e-03 9.172963058878371920e-03
1.443559382039402879e-02 1.422720745144663047e-02
4.607153897323942870e-02 4.394895226987671072e-02
1.174511845079922318e-01 1.036564037656617920e-01
1.626777697956104385e-01 1.362137130099368154e-01
1.235738444073080367e-01 1.083033493857064600e-01
1.264093664723958121e-01 1.104300385404433371e-01
3.227453831309130827e-02 3.123289248976810970e-02
3.105158078996212226e-02 3.008738012040657744e-02
7.822614545780544326e-03 7.761421247448686660e-03
4.082595752483162213e-03 4.065928164404968709e-03
6.746905469824472168e-04 6.742353396482597379e-04
4.444601721106975303e-04 4.442626272661048445e-04
8.846907161206135617e-05 8.846124483542945616e-05
1.463929597361189638e-04 1.463715288374586724e-04
1.288967587936835956e-03 1.287306150494084206e-03
4.521241799545902746e-04 4.519197636804906520e-04
5.929775959186122866e-03 5.894613716259980950e-03
2.759795740606786618e-03 2.752179268076915264e-03
2.697893517272349339e-03 2.690614887841809213e-03
2.576269537705196296e-03 2.569632372974288686e-03
2.739799682894257862e-03 2.732293180591870239e-03
7.743824768364863768e-03 7.683857946321722907e-03
7.704138501601721228e-03 7.644784751549859626e-03
7.965214488094006159e-03 7.901769846252662891e-03
3.328764428137952289e-03 3.317683755519915817e-03
3.856422685849081496e-03 3.841550689917149885e-03
5.758667879663303870e-04 5.755351654088477088e-04
7.433032722018788514e-03 7.377782746572186280e-03
1.050879038753245454e-02 1.039835571212336003e-02
4.056394692075280389e-03 4.039940354177384146e-03
8.231640052653670624e-04 8.224864062858025125e-04
8.660642461577081758e-03 8.585635733729808997e-03
2.158037349652094841e-03 2.153380224449601577e-03
1.162691821323097452e-02 1.149173298609381180e-02
1.069906548403934399e-02 1.058459548180758214e-02
2.652313046842004127e-03 2.645278282343555692e-03
4.183898229892229342e-02 4.008848185911276230e-02
1.516739063142139889e-02 1.493734089285526923e-02
5.484376420413219003e-03 5.454298035692434904e-03
2.740180367437815290e-02 2.665094482976898896e-02
9.289574289270746341e-03 9.203278098794866885e-03
4.467349476899933058e-02 4.267777363412351976e-02
1.950842004211310321e-02 1.912784158957358399e-02
5.762893531573163447e-02 5.430784113010685143e-02
8.797300767692826928e-02 8.023375759720338674e-02
1.052004217575850248e-01 9.413329301961126383e-02
8.253463081860751283e-02 7.572266553424367164e-02
9.947309231639457627e-02 8.957819622140861249e-02
3.111331323886094846e-02 3.014527497816146817e-02
4.879274074183591325e-02 4.641200919273590075e-02
3.160392350341803894e-03 3.150404270533704691e-03
4.737816137993181714e-03 4.715369236235752819e-03
1.861741521808830176e-03 1.858275440314803226e-03
6.756838256778582158e-03 6.711183393550315505e-03
1.201195275659435878e-04 1.201050988650409262e-04
4.559585325723306513e-04 4.557506343889051147e-04
2.727960162450044843e-02 2.653542495970900167e-02
4.784334147463143588e-03 4.761444294228561747e-03
2.962099314537662217e-02 2.874358991045817407e-02
1.580331355638555854e-02 1.555356883702411867e-02
2.266843149394028121e-03 2.261704571530073499e-03
2.066407528559668395e-03 2.062137488485580455e-03
3.001380406336200905e-03 2.992372121992662153e-03
7.330618686525563511e-03 7.276880716198325799e-03
6.905678434374434155e-03 6.857990039735449746e-03
8.709029878680265777e-03 8.633182677252519352e-03
4.030049908951045465e-03 4.013808606682408957e-03
3.892688474910277387e-03 3.877535451347577898e-03
9.432390059997883529e-04 9.423493061773488685e-04
9.610262227671801175e-03 9.517905087587185883e-03
8.015215296270249883e-04 8.008790928645693336e-04
1.707202645646347479e-03 1.704288104773045692e-03
5.028627472792469161e-04 5.026098763366457179e-04
5.028184697837845447e-03 5.002902056482274630e-03
2.290632424515302596e-03 2.285385427611061598e-03
5.435669451383729617e-03 5.406122948999023646e-03
3.825697123484947393e-03 3.811061165004306361e-03
5.026520835303125746e-04 5.023994244132351863e-04
3.545435674213495703e-02 3.419734533013638750e-02
7.280090781943575340e-03 7.227091060150235211e-03
6.386272381475681034e-03 6.345487906545281900e-03
1.712527197080686292e-02 1.683199703073276141e-02
1.114747099646367333e-02 1.102320488684667421e-02
1.643331543452083293e-02 1.616326157835037275e-02
1.061968133473822212e-02 1.050690370308683501e-02
1.808145484314650428e-02 1.775451583390175864e-02
4.561250175581996885e-02 4.353200143939529171e-02
3.062640700121415510e-02 2.968843019541013428e-02
1.706727155020490438e-02 1.677597979203647102e-02
2.480567743571699887e-02 2.419035580267215810e-02
1.005299818768919454e-02 9.951935415127512521e-03
1.512731974563211873e-02 1.489848394294552777e-02
3.457004826039137549e-04 3.455809737802411838e-04
8.593800163381665799e-04 8.586414823256851908e-04
7.552872676490760733e-04 7.547168087924032787e-04
8.717106195018194592e-04 8.709507400976671801e-04
2.930381973930020229e-06 2.930373386791507134e-06
4.946781434965721240e-05 4.946536728500067990e-05
1.470849653531924005e-02 1.449215666498974119e-02
1.526643821535878659e-03 1.524313180178045023e-03
2.973727289866471418e-02 2.885296749921505491e-02
1.217691724204192881e-02 1.202863992852239161e-02
4.957418305399489446e-03 4.932842309144779870e-03
4.478187318871072568e-03 4.458133157208174838e-03
7.469572310610037534e-03 7.413777800106604969e-03
1.504903385751528086e-02 1.482256043747063982e-02
1.692596029844056771e-02 1.663947216641618182e-02
2.424761357007484963e-02 2.365966680623117144e-02
1.597575894089961826e-02 1.572053406716188498e-02
2.194195751213684834e-02 2.146050801267242875e-02
1.357992724731603602e-02 1.339551282327364028e-02
3.382261784491175788e-02 3.267864836702881470e-02
3.553223126496271676e-03 3.540597731909603599e-03
5.961488941192273454e-03 5.925949590796315315e-03
1.508389099180017451e-03 1.506113861505492275e-03
4.209677633667830224e-03 4.191956247888426954e-03
2.480006493983266062e-03 2.473856061773067102e-03
3.209774100091065518e-03 3.199471450317450168e-03
1.365501905090894244e-03 1.363637309638087314e-03
1.103270250132886137e-03 1.102053044888057871e-03
4.380408222516350703e-02 4.188528460557462002e-02
3.444631102804407430e-02 3.325976268460332369e-02
4.642922603821981326e-02 4.427355300771170649e-02
7.055052806596437409e-02 6.557315105557794122e-02
6.490129494057821080e-02 6.068911685561428904e-02
5.497007411697302226e-02 5.194836506854751124e-02
2.676952392769325201e-02 2.605291651637791153e-02
2.017010414758064682e-02 1.976327104625639694e-02
3.209648258773532825e-02 3.106629839323053061e-02
2.255971230842378564e-02 2.205077168898493881e-02
1.480987021636012355e-02 1.459053796053469236e-02
1.738498253067150348e-02 1.708274491307975110e-02
1.592711975855788664e-02 1.567344661475444240e-02
9.866073596357988543e-03 9.768734188149236913e-03
4.607064060492610720e-04 4.604941556566862567e-04
7.057636361440270886e-04 7.052655338339238475e-04
4.108805651805811244e-04 4.107117423417380123e-04
2.029978149259195868e-04 2.029566068130548954e-04
6.557041611290792688e-06 6.556998616496100553e-06
2.939794470481769316e-05 2.939708046566482505e-05
1.559139190956103718e-02 1.534830040788351217e-02
6.246364900839950288e-03 6.207347826365504882e-03
5.458040685988985175e-02 5.160138604689874092e-02
4.783889742850532673e-02 4.555033732133027119e-02
6.243182030950904932e-03 6.204204709079316586e-03
6.620159563701976183e-03 6.576333051053101161e-03
1.050625630310981357e-02 1.039587488160317874e-02
2.127123701926924085e-02 2.081877149493931156e-02
2.807522430458145660e-02 2.728700608482889645e-02
4.603998721903615476e-02 4.392030679590714498e-02
4.769478350356598506e-02 4.541999113011395417e-02
6.966122123075191297e-02 6.480853548739215486e-02
7.370742790305173653e-02 6.827464297496817214e-02
1.188907785388948479e-01 1.047557613173103058e-01
4.582300529549827861e-02 4.372325748118701533e-02
3.413052077576666371e-02 3.296562832734162285e-02
2.548773492265519417e-03 2.542277245950643871e-03
9.216335790086595953e-03 9.131394944690965354e-03
8.706055625257271609e-04 8.698476084802264727e-04
3.065921484546332409e-03 3.056521609996929682e-03
9.595572800322075884e-04 9.586365298585447503e-04
9.093625269912873448e-04 9.085355867857913175e-04
2.150313902529403173e-02 2.104075403735290728e-02
2.506021267557464322e-02 2.443219841622961200e-02
2.871347372787880561e-02 2.788901015435722025e-02
1.100827786638920586e-01 9.796456050552861117e-02
1.080001991323968347e-01 9.633615611975945847e-02
9.772527198742281263e-02 8.817504320240704407e-02
5.471652462038155418e-02 5.172262655384873148e-02
3.270477930703635100e-02 3.163517671751439608e-02
3.432254328639211538e-02 3.314450630874585246e-02
2.332772877167010872e-02 2.278354584202550367e-02
1.452125880126458983e-02 1.431039184409128515e-02
1.528600030202631292e-02 1.505233849679276509e-02
1.134351617544789373e-02 1.121484081622524560e-02
1.045762322304826311e-02 1.034826133957302517e-02
5.851653211921704206e-04 5.848229027390444658e-04
1.536298569128744093e-03 1.533938355835237025e-03
7.569926686523324559e-04 7.564196307519391056e-04
9.765430912807109270e-04 9.755894548715827964e-04
5.480786613431168461e-05 5.480486223212148868e-05
8.167164141164322451e-05 8.166497115463234831e-05
5.588906564632786962e-03 5.557670688044591585e-03
2.342848430460232802e-03 2.337359491692123006e-03
6.123037675013270204e-02 5.748121771316951067e-02
9.535188962049900852e-02 8.625990676629918807e-02
1.152495842595833465e-02 1.139213375923826647e-02
8.756980902693181634e-03 8.680296188163048182e-03
1.500775698812378996e-02 1.478252421830921100e-02
2.604696701051138416e-02 2.536852252006471450e-02
2.612162842613521482e-02 2.543928895450213792e-02
4.721092765747766234e-02 4.498205596719807159e-02
5.234346913154699216e-02 4.960363037082177878e-02
7.245710985708053720e-02 6.720707708823950299e-02
8.658940609007120814e-02 7.909168084303994095e-02
1.475793002773150009e-01 1.257996504069731070e-01
1.018941852262236492e-01 9.151176024330767711e-02
5.548933919021361433e-02 5.241027242644703821e-02
3.731254706171535998e-03 3.717332444489208736e-03
1.483755445720328931e-03 1.481553915497624144e-03
4.404887291073727312e-04 4.402946987869020773e-04
7.246630896756859957e-04 7.241379530821477313e-04
5.457454306797259727e-04 5.454475926046181656e-04
1.319556751567651154e-03 1.317815521547043359e-03
1.246811296940822204e-02 1.231265912839029676e-02
6.300578635052334064e-02 5.903605723687554985e-02
4.650207690286299600e-02 4.433963374658321521e-02
2.209911381137739661e-01 1.721540549889528371e-01
1.623792981084188070e-01 1.360122616542360774e-01
1.563489757665957047e-01 1.319039735433321647e-01
8.131591336568932959e-02 7.470363559919303287e-02
5.752886434311284963e-02 5.421929411050456504e-02
4.812820939015821642e-02 4.581188485105529978e-02
2.788280667973246432e-02 2.710535577139313104e-02
1.602897872258336048e-02 1.577205056369433006e-02
2.519216395751740917e-02 2.455751883265496968e-02
1.449266807972594828e-02 1.428263065165684062e-02
4.256225246394831213e-02 4.075070712914343612e-02
1.714461688599260968e-03 1.711522309717586256e-03
3.577396763452303594e-03 3.564598995849144452e-03
5.734564740149893352e-04 5.731276216873996835e-04
5.441639848058991156e-04 5.438678703635392315e-04
9.170063141827209860e-05 9.169222241246958809e-05
1.083369791728871145e-04 1.083252422718308019e-04
1.805103996740437325e-03 1.801845596301388961e-03
1.768314892903513624e-02 1.737045517298869968e-02
8.105909690803878020e-02 7.448851971649195214e-02
2.139806429174365976e-01 1.681929273740770947e-01
2.072811803787693447e-03 2.068515255013771755e-03
2.445464800333486607e-03 2.439484502243816424e-03
3.503004212266961053e-03 3.490733173755801184e-03
1.495825450137699790e-02 1.473450512364903216e-02
1.181312090747434033e-02 1.167357108189973243e-02
2.161508072442192355e-02 2.114786900969864783e-02
1.071727255787587561e-02 1.060241262679607714e-02
1.944792305080045650e-02 1.906970133981060120e-02
5.185335447619617705e-02 4.916458410576212551e-02
1.382309923569646493e-01 1.191231851089734339e-01
1.271841463328598487e-01 1.110083392544415348e-01
1.287010905370706559e-01 1.121371198316394036e-01
5.438592945353278030e-02 5.142810013100813926e-02
8.407601339614923647e-03 8.336913579329028809e-03
1.659461200836640545e-04 1.659185819688932214e-04
6.172872861221226316e-04 6.169062425285145972e-04
1.800264362851647479e-04 1.799940267674032064e-04
9.866569064802669688e-04 9.856834146291617357e-04
2.080056853372496545e-02 2.036790488239877475e-02
1.854768972216238043e-01 1.510752178186630101e-01
2.607666111339271287e-01 1.927673856516543549e-01
2.751450491235000739e-01 1.994402510663267902e-01
1.882888384169830176e-01 1.528361517445662732e-01
1.494024182602782802e-01 1.270813356782591330e-01
7.416216985639699499e-02 6.866214241858790979e-02
5.168593761180513557e-02 4.901450146499372607e-02
3.195922209169398120e-02 3.093783021498775973e-02
1.825878958737207902e-02 1.792540619017615050e-02
6.645044118284280064e-03 6.600887506950335604e-03
7.365703607518632109e-03 7.311450017884819214e-03
7.094793855515621299e-03 7.044457755663358772e-03
8.716518422785677483e-03 8.640540729370914733e-03
2.634752164400834713e-03 2.627810245433019783e-03
5.943541685429482154e-04 5.940009116652838648e-04
2.254167209625244201e-04 2.253659082644349297e-04
2.643866831570119437e-04 2.643167828387811666e-04
4.520771499146208260e-05 4.520567125396733247e-05
4.237292944274065359e-05 4.237113397759109077e-05
1.513485575437434208e-03 1.511194936850376999e-03
2.901402319387790252e-01 2.059588777492905309e-01
2.894218864710187411e-01 2.056568581025754738e-01
2.984751358355691164e-01 2.093877291235076710e-01
1.133174587505751544e-03 1.131890502859982800e-03
1.637921475229267912e-03 1.635238688470250657e-03
1.480442430918298006e-03 1.478250721127034786e-03
8.805632616205837093e-03 8.728093450434248196e-03
5.359041093601681245e-03 5.330321772158769927e-03
8.972269135535419424e-03 8.891767522094938536e-03
1.987381460429741946e-03 1.983431775360481892e-03
2.370906561030297621e-03 2.365285363109161185e-03
3.599332175858541713e-04 3.598036656647324392e-04
8.522840080412480424e-02 7.796452050049626492e-02
5.426897023183386431e-02 5.132384910181019694e-02
1.290533324497409040e-01 1.123985698333575534e-01
2.367637647895583231e-02 2.311580567578257889e-02
1.051416266221497087e-01 9.408686497339817378e-02
6.013537113470859450e-04 6.009920850609350293e-04
2.671191643988450951e-03 2.664056379189537124e-03
1.752055531172563591e-03 1.748985832588251157e-03
2.048079587295001652e-03 2.043884957299107324e-03
1.321869058375519101e-01 1.147135277626460947e-01
2.790319013771399015e-01 2.011730993909979781e-01
2.861643271966176072e-01 2.042743050367247792e-01
2.651039924211462395e-01 1.948238656235150579e-01
1.159167305100135825e-01 1.024800420978824733e-01
6.748281395432821628e-02 6.292888377513373988e-02
2.713594835373483657e-02 2.639958866067827065e-02
2.632313970887370166e-02 2.563023202474081982e-02
1.315236040331474975e-02 1.297937581913606760e-02
9.956632040430738601e-03 9.857497518842206832e-03
3.236963040318749027e-03 3.226485110594359482e-03
5.997090754116779499e-03 5.961125656603666681e-03
7.086203621626633968e-03 7.035989339859479406e-03
1.617486705106213271e-02 1.591324072694259850e-02
4.059272927307150391e-03 4.042795230608781272e-03
2.672476642826838219e-03 2.665334511420383145e-03
4.701766962333592606e-04 4.699556301076783646e-04
2.738188458265961001e-04 2.737438690662662827e-04
1.113973776604630059e-04 1.113849682847133717e-04
3.263546590033549778e-04 3.262481516399017641e-04
1.622277303785743530e-01 1.359098938747909380e-01
3.061508623037352272e-01 2.124225118144145719e-01
2.992089645826461752e-01 2.096829600960269657e-01
2.897359183464453536e-01 2.057890159663873231e-01
2.071347779817646947e-03 2.067057298192691642e-03
2.162196068019162261e-03 2.157520976182604813e-03
3.271711413332416968e-03 3.261007317760287495e-03
1.644018719491991201e-02 1.616990743991590304e-02
9.679631586045865654e-03 9.585936318404288808e-03
1.372935379598270479e-02 1.354085864032743974e-02
5.580283966878685740e-03 5.549144397727682164e-03
5.723059285553902531e-03 5.690305877967937603e-03
1.986430918600267433e-03 1.982485010805896519e-03
4.343851821336062319e-02 4.155161334878815921e-02
1.270509763178560569e-01 1.109090257345356351e-01
1.315964331877153282e-01 1.142788119599865010e-01
1.293332344821527813e-01 1.126061489405372762e-01
1.309650725377681235e-01 1.138132223129452586e-01
6.686501576803934033e-02 6.239408543437918730e-02
2.529449308721832407e-03 2.523051194916439005e-03
1.341621957632750531e-03 1.339822008155548130e-03
1.774432504472935879e-01 1.459571433179926436e-01
3.267274361772740110e-01 2.199766186262993584e-01
3.404019818451124446e-01 2.245284726010322029e-01
3.252861820890748379e-01 2.194750818309880724e-01
2.954172840200176009e-01 2.081459123222538510e-01
1.370043469937839153e-01 1.182341558985907648e-01
1.013878118492806679e-01 9.110832345769552532e-02
5.587699654882431755e-02 5.275475780550699378e-02
4.312543646775609391e-02 4.126563319722162393e-02
2.014612393132730536e-02 1.974025762187090610e-02
2.190804949036420993e-02 2.142808685789196130e-02
8.444062083689763895e-03 8.372759899216557569e-03
1.902523527602156816e-02 1.866327569871359393e-02
1.190252232837013882e-02 1.176085229059278987e-02
1.111889536925382005e-01 9.882597026929679229e-02
5.507024403896269849e-03 5.476697086111160725e-03
6.344034844032207972e-03 6.303788065929912844e-03
3.497402308471134202e-03 3.485170485563834908e-03
2.313129215002979102e-03 2.307778648237678726e-03
6.999417840528278888e-03 6.950425990421973260e-03
3.073572739363877870e-01 2.128887800947800724e-01
3.075726874600448468e-01 2.129717293886504159e-01
3.124899495929397975e-01 2.148399809963417451e-01
3.055990273697624660e-01 2.122082618404176335e-01
2.889030999806865840e-01 2.054380988022360133e-01
1.282429125582491315e-03 1.280784501120349082e-03
1.202999438297467716e-03 1.201552230648923617e-03
1.117895832341882743e-03 1.116646141249915411e-03
3.990359134140997535e-03 3.974436168121575283e-03
8.855492773083821099e-04 8.847650797858407253e-04
9.547794039787535535e-04 9.538678002684915095e-04
1.137623547629357430e-04 1.137494128895745384e-04
1.404040403730340508e-04 1.403843270784809881e-04
9.224265920166372994e-05 9.223415049348713645e-05
9.858797320484761432e-04 9.849077732024121793e-04
2.956195651054705051e-04 2.955321741781973531e-04
9.185933475685231775e-02 8.342119737488086495e-02
7.030387013567324095e-02 6.536123597961963905e-02
1.391048947611704112e-01 1.197547230146541186e-01
4.732826059044538403e-02 4.508829633992827990e-02
1.367480249014758342e-01 1.180480025870211808e-01
1.742911080123690504e-01 1.439137176801897622e-01
2.819315301254819439e-01 2.024461424465864301e-01
3.389231827377378603e-01 2.240542589406598062e-01
3.319011184954575588e-01 2.217427660369217790e-01
1.576542201095432749e-01 1.327993669911949615e-01
1.471836341714336492e-02 1.450173319546426039e-02
7.603764698063762012e-04 7.597982974305410309e-04
2.220607435638611432e-03 2.215676338255397840e-03
2.894266174068266901e-04 2.893428496399631442e-04
4.446942889601098359e-04 4.444965359494761049e-04
7.346516264244717671e-04 7.341119134122636508e-04
3.081259363707177911e-03 3.071765204440744888e-03
1.225126927803136829e-03 1.223625991813908449e-03
3.455078534712775241e-03 3.443140967031742359e-03
2.744970238729350746e-03 2.737435377117840730e-03
2.145947440488825061e-02 2.099896536315419560e-02
4.725236518982978834e-03 4.702908658822648781e-03
3.060651377367265905e-02 2.966975508829464495e-02
1.469846010092867514e-02 1.448241537159008357e-02
3.014160795962548822e-01 2.105644265570790208e-01
2.576110259148296500e-01 1.912475852419386335e-01
3.077617807496785263e-01 2.130444670594653367e-01
3.082658260271158301e-01 2.132380065309357753e-01
3.098809232170730010e-01 2.138547366432075048e-01
1.809207710968315300e-02 1.776475385554043135e-02
4.207053422607624771e-03 4.189354124106950579e-03
7.718337685633445662e-04 7.712380411970498314e-04
5.641071420479213836e-04 5.637889251802119181e-04
6.284362844110032240e-04 6.280413522474388721e-04
2.595248819014388079e-03 2.588513502581792341e-03
5.718901774252951875e-04 5.715631190502596434e-04
5.654732025734217262e-04 5.651534426305930819e-04
4.723467928554410980e-05 4.723244817061690121e-05
9.067114439410139818e-05 9.066292313767565633e-05
4.364028086031466260e-05 4.363837638620109426e-05
1.648672471082363988e-03 1.645954350165459166e-03
7.197491135649242795e-04 7.192310747784467530e-04
1.618110672007328985e-03 1.615492389860464931e-03
1.095835505964747464e-01 9.757499603514460662e-02
1.314617201622403364e-01 1.141795362942251424e-01
1.289616256499027669e-01 1.123305247596371043e-01
3.020301617390037108e-01 2.108079431389149883e-01
4.267483002813292070e-01 2.446341884883256879e-01
3.304776384719210203e-01 2.212621689419432824e-01
3.283387189830737074e-01 2.205324045996278626e-01
3.281579004842418712e-01 2.204702928340162849e-01
1.534583901353111235e-01 1.299089126323897669e-01
6.339406682037323874e-03 6.299218604957064135e-03
4.051620653699658774e-04 4.049979090707510072e-04
1.521979465759620235e-03 1.519663044265426267e-03
9.577269118078837523e-05 9.576351877241236828e-05
9.565884266897561156e-05 9.564969205479483731e-05
3.830038928144134159e-04 3.828572008325024402e-04
1.347309466908107323e-03 1.345494224108487007e-03
3.639022022914811328e-04 3.637697774786485252e-04
8.052995504258127733e-04 8.046510430598967714e-04
9.836250123166365503e-04 9.826574941517816214e-04
4.528162970420348751e-03 4.507658710533662613e-03
2.925083122584291873e-03 2.916527011310264279e-03
5.183752104165726196e-03 5.156880818288283458e-03
1.546336731900001538e-01 1.307221003057683906e-01
2.001793385984431961e-01 1.601075709967330341e-01
3.071104464532728451e-01 2.127936201325442700e-01
3.079758935919131302e-01 2.131267425581757358e-01
3.055951894220932386e-01 2.122067696241681789e-01
2.985413914250241163e-01 2.094144290310346601e-01
2.195539042170879460e-03 2.190718650485182998e-03
5.630942500721128514e-04 5.627771749376485506e-04
2.413472688394563415e-03 2.407647837976937145e-03
2.209531445188860424e-03 2.204649415981582011e-03
1.654807560132602953e-03 1.652069172071531002e-03
2.251809746801259303e-03 2.246739099665470089e-03
3.568176207400255550e-03 3.555444325953198079e-03
2.522481968339470920e-04 2.521845676811411050e-04
4.051204637867557962e-05 4.051040515277379441e-05
5.566568076704691789e-05 5.566258209903165874e-05
2.809945026639143581e-05 2.809866068728616184e-05
9.159394914380243353e-04 9.151005462860485867e-04
7.026355988643941206e-04 7.021419020796026240e-04
9.795764737959590778e-04 9.786169037279445534e-04
3.291583909319909570e-03 3.280749384687815795e-03
9.410509180503494331e-02 8.524932350140088100e-02
1.657689836843878606e-01 1.382896277326330081e-01
4.098666943015910613e-01 2.418759872038771519e-01
3.636156383375248602e-01 2.313993058939191882e-01
4.485722272220065698e-01 2.473551841870950674e-01
1.704666227302387704e-01 1.414077532651852043e-01
1.902576049014100684e-02 1.866378092791279655e-02
1.383046740816171183e-03 1.381133922528888884e-03
9.527377012746531980e-04 9.518299921472230581e-04
8.669876993756314622e-04 8.662360317047627760e-04
1.930837298143400728e-03 1.927109165471499116e-03
1.595256034955229386e-04 1.595001550773523277e-04
2.044508578252732538e-04 2.044090576720077545e-04
1.110295124830673868e-03 1.109062369566451078e-03
3.254909318620241576e-03 3.244314883947800685e-03
7.184075616176421571e-04 7.178914521930527658e-04
5.815576634719056212e-03 5.781755703124766277e-03
7.296624223480063787e-02 6.764216972893302704e-02
1.920959146562387088e-02 1.884058306134770225e-02
1.919654850339974888e-03 1.915969775595541139e-03
1.665508425813651272e-01 1.388116594168024576e-01
3.151058166994306076e-01 2.158141409816154432e-01
3.141063778308402221e-01 2.154435612368296726e-01
3.157863891165649251e-01 2.160653455652863653e-01
2.147589981435666928e-01 1.686375708599382184e-01
7.995338832586558475e-02 7.356084402107893050e-02
8.396621968173503120e-03 8.326118707697088839e-03
6.765357138551136330e-03 6.719587081338991921e-03
1.685912562006865872e-03 1.683070260840133399e-03
2.561604894368436393e-03 2.555043074733584236e-03
1.017975711683479249e-03 1.016939437133901683e-03
5.458374049255138808e-04 5.455394664528980583e-04
4.791097819977771684e-03 4.768143201657176061e-03
4.714373841887841993e-04 4.712151309815734409e-04
2.399679137376581567e-04 2.399103291380345611e-04
1.914583404929875738e-04 1.914216841968432471e-04
1.040286620900026971e-04 1.040178401274664593e-04
1.022296190577155306e-04 1.022191681627028433e-04
4.662725369199530482e-04 4.660551268412673029e-04
4.945945195225628834e-04 4.943498957838210819e-04
8.670948718722909466e-04 8.663430183554637377e-04
6.109349163104568076e-03 6.072025015907841876e-03
1.780950331103677009e-01 1.463771922917847246e-01
4.354473981528285131e-01 2.458329615947605629e-01
4.680215935537645477e-01 2.489773815211593633e-01
4.581597979925217112e-01 2.482493974959734118e-01
4.648212033957083711e-01 2.487624522694738827e-01
2.622113152153451310e-01 1.934565413883840290e-01
3.432458428863639777e-02 3.314640720204869301e-02
9.332415580631314234e-04 9.323706182574353386e-04
1.371587101979723994e-03 1.369705850801406898e-03
7.108726016385814904e-04 7.103672617828210578e-04
1.317696695947098706e-03 1.315960371364588736e-03
6.907044409283453687e-04 6.902273683036272509e-04
7.685367681623838558e-04 7.679461193983663390e-04
1.473570471632872731e-03 1.471399061698004315e-03
4.041708630511886384e-03 4.025373221857931824e-03
6.123358600531653888e-04 6.119609048476583237e-04
4.540357771015077377e-03 4.519742922326260709e-03
9.411675756844185836e-03 9.323096116292216642e-03
2.075248447092168172e-02 2.032181885920583686e-02
1.520518229592510151e-01 1.289320660940196095e-01
3.164046229925405740e-01 2.162927375414888387e-01
3.142727281349632085e-01 2.155053804855707189e-01
3.129030681894270915e-01 2.149947381070698160e-01
3.096311847505403558e-01 2.137597141805170908e-01
2.439229003160185358e-02 2.379730621861607040e-02
3.467750806212100464e-03 3.455725510558115953e-03
3.036651470270235968e-03 3.027430218118341756e-03
2.215292243498271241e-03 2.210384723774167469e-03
1.941115593162913953e-03 1.937347663416893757e-03
2.429917917395061581e-03 2.424013416309783991e-03
2.552760643902307180e-03 2.546244056997250694e-03
2.952416919754578730e-03 2.943700154086525706e-03
3.420525099978209520e-03 3.408825108018628640e-03
6.303054274492863110e-04 6.299081425174143066e-04
4.237497734455955589e-04 4.235702095751003415e-04
9.545668136122360771e-04 9.536556158105863107e-04
2.132077059759130170e-04 2.131622484500255029e-04
2.529403804875248970e-04 2.528764016514437355e-04
3.966912095319827074e-04 3.965338456162627420e-04
1.064473522157880978e-03 1.063340418278505874e-03
2.839397747509963231e-03 2.831335567941398700e-03
1.725088475225166895e-01 1.427495450489697781e-01
2.996075906852762594e-01 2.098428822890402168e-01
3.273322874514595915e-01 2.201858610432546048e-01
4.332895836549262025e-01 2.455497203510668969e-01
1.847200446233923099e-01 1.505985497377242688e-01
1.411863812117735151e-01 1.212527869720972790e-01
6.842303758680171044e-02 6.374132551419682546e-02
1.129313614109419134e-01 1.001778690208131317e-01
2.153494529193623538e-03 2.148856990506356826e-03
1.554352229997075585e-03 1.551936219142178650e-03
2.134361808049660154e-03 2.129806307721999071e-03
6.493854872440509886e-03 6.451684721336190496e-03
7.473872948226889046e-04 7.468287070542265274e-04
3.149674148430788695e-04 3.148682103706659232e-04
4.298921090210131718e-03 4.280440367670277843e-03
2.823643543838542155e-03 2.815670580975881271e-03
4.613583997492829748e-04 4.611455481762637577e-04
9.090437132454435047e-04 9.082173527728523883e-04
1.438169731535649757e-03 1.436101399358944526e-03
1.627044365071456389e-01 1.362317028480378445e-01
3.078304335686165016e-01 2.130708577375740875e-01
3.110286049162119815e-01 2.142898118400868857e-01
3.098435503293268667e-01 2.138405246486447531e-01
1.588496939338213954e-01 1.336164686709526705e-01
1.595342809938968265e-01 1.340830941816572031e-01
2.890101339162056901e-03 2.881748653411430380e-03
4.124589856723299627e-03 4.107577615237115003e-03
3.032071720795575468e-03 3.022878261875527016e-03
3.930758423160395088e-03 3.915307561379148711e-03
2.756173835109713803e-03 2.748577340900370310e-03
6.948201519391053590e-04 6.943373768955647283e-04
8.012125666137679889e-04 8.005706250368681970e-04
1.148947559427221550e-03 1.147627478932907678e-03
2.375481247937749358e-03 2.369838336778445388e-03
2.787276669273652113e-04 2.786499778150544658e-04
6.759787980215943744e-04 6.755218506862197079e-04
1.659265848705596136e-04 1.658990532389928094e-04
1.882642095837659224e-04 1.882287661711557088e-04
2.277277485150804536e-04 2.276758885876367037e-04
3.162124990450771410e-04 3.161125087005248039e-04
2.113138239191540788e-03 2.108672885973607216e-03
1.893722375940831149e-01 1.535103932226932477e-01
3.283561489605644756e-01 2.205383884003520589e-01
3.300321537333098521e-01 2.211109312354627709e-01
3.319532807728347024e-01 2.217603001569862786e-01
3.386388133939394196e-01 2.239625674570840941e-01
2.219894956306769362e-01 1.727101594603145940e-01
1.358521233242056814e-01 1.173963239125104946e-01
1.361033667389616175e-01 1.175792403012813347e-01
1.365659027277466853e-01 1.179156569399023163e-01
8.261741166383740342e-02 7.579177495380542973e-02
7.713240001209632768e-03 7.653745929893372366e-03
1.759757895756251756e-03 1.756661147904575379e-03
3.168690815463091198e-03 3.158650213979091216e-03
3.727214754118625580e-04 3.725825541136293753e-04
1.633802848488709152e-04 1.633535917313936269e-04
3.176420296137334818e-04 3.175411331547563329e-04
1.094828272835816820e-03 1.093629623888816085e-03
2.007273899990159015e-04 2.006870985139200963e-04
1.710256561137871579e-04 1.709964063387379941e-04
1.059845195610611412e-01 9.475180117447218331e-02
2.519556160451140725e-01 1.884739835884411407e-01
3.076984267070774215e-01 2.130201049090667265e-01
3.066037162734080446e-01 2.125978774407435434e-01
3.068007140795767085e-01 2.126740359198385222e-01
1.045679297897809381e-03 1.044585852703757431e-03
1.634866713473079021e-03 1.632193924302256793e-03
1.715619963524977944e-03 1.712676611665732603e-03
1.813010452744305036e-03 1.809723445842545018e-03
2.119156438707421163e-03 2.114665614695706176e-03
3.067848194856426323e-03 3.058436502309742292e-03
4.695740035129953964e-03 4.673690060652431304e-03
1.162142080619877433e-03 1.160791506404329921e-03
2.228902066427099551e-03 2.223934062005376421e-03
2.206620392707509155e-03 2.201751219149996382e-03
3.942012763027491831e-03 3.926473298403620159e-03
8.936441080102753903e-04 8.928455082184939481e-04
1.159953038146123005e-03 1.158607547095418530e-03
1.718755488772610960e-04 1.718460076729592403e-04
1.530875723030421893e-04 1.530641364982485598e-04
1.731125987491869008e-04 1.730826307773412150e-04
2.987388830265381187e-04 2.986496381063061907e-04
3.865477811337066777e-02 3.716058624237674607e-02
2.440286379674044825e-01 1.844786618191779082e-01
3.273831328122903117e-01 2.202034171623005743e-01
3.317308399021558496e-01 2.216854897599661034e-01
1.622872292617349721e-01 1.359500844802840336e-01
2.568104566251606588e-02 2.502152955619582966e-02
1.265455625308287493e-02 1.249441845912043630e-02
7.691189264335840381e-02 7.099645341337491866e-02
6.689721540067931904e-02 6.242197797231443385e-02
1.343051027941056241e-01 1.162672421575703385e-01
3.405482518217304438e-02 3.289509406398467839e-02
5.543351222209839946e-02 5.236063794482086892e-02
7.005034140956229588e-03 6.955963637640266879e-03
1.160887003329781446e-02 1.147410416984781523e-02
8.779434727783494083e-04 8.771726880369552738e-04
3.939864936595906145e-04 3.938312683024044135e-04
5.527162217903370438e-04 5.524107265685068886e-04
2.547989543803082062e-03 2.541497293087752185e-03
1.938270156281508318e-03 1.934513265082776811e-03
4.212968627604611604e-03 4.195219522947431050e-03
1.670423106200157881e-01 1.391391770827419549e-01
3.037824346547938203e-01 2.114986670499997556e-01
3.075616377946890356e-01 2.129674767517375500e-01
1.753822086932853297e-01 1.446232895671502316e-01
1.600812048358463136e-01 1.344552126941501169e-01
4.605695108629747269e-04 4.603573865886381603e-04
1.587795641666407426e-03 1.585274546666712563e-03
2.290045870550450405e-03 2.284801560461225105e-03
3.088644818733853482e-03 3.079105091917562053e-03
3.614812493683955928e-03 3.601745624319462394e-03
5.441777914082041034e-03 5.412164967215849637e-03
6.491070892624374415e-03 6.448936891291299177e-03
1.397417527419489132e-03 1.395464751673549915e-03
1.379274890673443848e-03 1.377372491449401545e-03
1.022972078813763923e-03 1.021925606939731463e-03
3.090015861709156930e-03 3.080467663683542946e-03
9.801772093627272864e-04 9.792164620009732694e-04
3.185106289756056436e-03 3.174961387679013040e-03
2.573525690549962924e-04 2.572863387101970590e-04
1.101853813367383505e-03 1.100639731541351194e-03
5.798990092662679140e-04 5.795627264053199472e-04
1.898342015034057140e-01 1.537971774429700567e-01
3.239358004600343399e-01 2.190013976403511475e-01
3.272141141799027042e-01 2.201450376613642845e-01
3.274921833505756164e-01 2.202410531948485739e-01
3.324338380229124867e-01 2.219215813602684606e-01
1.511745044658342196e-01 1.283207736653436959e-01
2.723355001481071389e-02 2.649188376840151682e-02
1.306757745863336255e-02 1.289681587799598045e-02
2.201111555603340805e-02 2.152662634801235167e-02
1.154784849136285402e-01 1.021432044356814089e-01
1.363627201268236833e-01 1.177679286864372343e-01
1.157191344617396894e-01 1.023282163811655016e-01
1.095354017233791249e-01 9.753739749267707759e-02
6.720484131051840393e-02 6.268835061494644478e-02
3.324992375588172594e-02 3.214436632610977868e-02
3.618975224140122231e-03 3.605878242467182044e-03
2.259184129741717388e-03 2.254080216809640439e-03
2.231254765091254030e-03 2.226276267264511426e-03
8.505351227162370048e-03 8.433010227664978348e-03
1.034584018327317501e-01 9.275476092294876462e-02
2.804122677069908476e-01 2.017812278264137504e-01
3.120693168606489820e-01 2.146820583347768263e-01
3.132278546766590899e-01 2.151161657313168107e-01
3.072933418444281362e-01 2.128641439025115711e-01
1.450144567001887819e-01 1.239852640481378526e-01
1.593662788749782844e-01 1.339686680325209434e-01
1.120822796450132676e-03 1.119566552709090309e-03
1.363931845506199426e-03 1.362071535427013562e-03
4.112744561184474533e-03 4.095829893358922044e-03
6.556976906250617902e-03 6.513982960101513675e-03
1.195620812078194636e-02 1.181325720815449426e-02
1.814976508720738888e-02 1.782035111448657810e-02
1.137883295703508157e-02 1.124935511757097460e-02
2.597230197841824371e-03 2.590484593141242822e-03
3.111136216627757856e-03 3.101457048069345118e-03
2.194020145575619786e-03 2.189206421176428333e-03
1.454651957535155020e-02 1.433491834359546489e-02
1.328480605440386826e-02 1.310831998250074244e-02
2.145492231112887394e-02 2.099460861975229950e-02
1.697492721566527460e-02 1.668677906168813951e-02
4.505509522428365055e-02 4.302513361861438207e-02
5.994525849257412164e-02 5.635182447683258905e-02
2.379790395058319630e-01 1.813450162617136208e-01
3.212915274068179894e-01 2.180632818234119197e-01
3.268097221110317641e-01 2.200051276447419490e-01
1.606434482667067620e-01 1.348371307956886811e-01
2.078407725502206052e-02 2.035209938767933505e-02
9.154926416188572183e-03 9.071113738502745508e-03
1.374853892796443731e-02 1.355951660531068415e-02
1.535452961056757264e-02 1.511876803100577552e-02
1.622513300526768829e-02 1.596187806422906183e-02
1.698647731584715034e-02 1.669793690424535917e-02
9.039519535379621218e-02 8.222390401074522459e-02
3.366446550250577069e-02 3.253116926493637012e-02
9.393494990991696492e-02 8.511117509533835945e-02
4.296479401347237659e-02 4.111882048885226459e-02
4.715356995858258765e-02 4.493011079874364294e-02
5.317646063105885626e-03 5.289368703453419668e-03
9.927985093189088672e-03 9.829420205178504566e-03
1.141879181689553491e-02 1.128840301033793431e-02
9.024438422486436018e-02 8.210033534073940542e-02
1.726121344013941961e-01 1.428171854587892142e-01
3.037308897477713487e-01 2.114784363607984941e-01
3.094211215331337805e-01 2.136796910823114404e-01
2.196325430026776493e-01 1.713940890568546038e-01
4.570682557893308157e-02 4.361771167443007080e-02
3.091009328731346862e-03 3.081454990061042662e-03
3.196354971592297711e-03 3.186138286487874907e-03
1.304496695168196052e-03 1.302794983540491369e-03
9.437469546246990328e-04 9.428562963103355888e-04
4.239014183845929082e-03 4.221044942595082033e-03
1.012199460713356612e-02 1.001953983230672446e-02
1.297285281635336684e-02 1.280455790615859894e-02
1.993859507327756103e-02 1.954104749978143388e-02
8.588720878349307558e-03 8.514954752023113846e-03
2.205151685348961423e-03 2.200288991393563928e-03
1.829309723175917904e-03 1.825963349112611975e-03
2.194226664977010164e-03 2.189412034319714127e-03
1.782492768803707953e-02 1.750719964095332967e-02
1.628876570818927824e-02 1.602344181989299662e-02
2.527150980416505155e-02 2.463286059638303965e-02
2.599862328061600808e-02 2.532269486812862083e-02
1.193342612921386992e-01 1.050935953739982609e-01
2.252996863421324325e-01 1.745397376762691799e-01
2.928880822363601477e-01 2.071046535202673011e-01
3.229796277057063736e-01 2.186637877927896656e-01
3.195341304275010064e-01 2.174320699194417783e-01
1.382363209191153630e-01 1.191270404978627129e-01
4.844781841717932594e-03 4.821309930624092729e-03
5.673571342156601312e-03 5.641381930382060456e-03
1.635938502659740196e-02 1.609175554814894216e-02
5.570864936890547806e-03 5.539830400745471457e-03
1.710024117349349254e-02 1.680782292530184907e-02
7.061045867749004765e-03 7.011187499002549672e-03
3.751973520305126181e-02 3.611200467334417519e-02
5.531362330297390911e-02 5.225402638007060896e-02
9.627852325993002669e-02 8.700896921881713653e-02
9.438899807374871720e-02 8.547971511638258191e-02
9.655675644557962234e-02 8.723354923028864283e-02
2.311874858364659779e-02 2.258427204757273640e-02
2.996092186496378262e-02 2.906326502596531802e-02
1.027881045390558051e-01 9.222271010432393779e-02
2.357237691970277549e-01 1.801580738325741504e-01
2.972381690964336909e-01 2.088876399286335728e-01
3.069284496243701033e-01 2.127233764355506151e-01
3.108582745212266074e-01 2.142254076829123166e-01
1.755207734668448594e-01 1.447132315484453979e-01
7.913377941917621242e-03 7.850756391465993703e-03
6.634245361565041348e-03 6.590232150047593829e-03
5.028967945744913098e-02 4.776062759751614761e-02
4.864000749722487485e-03 4.840342246429186167e-03
3.966157473622495058e-03 3.950427068516923317e-03
7.656096247105546350e-03 7.597480437360602801e-03
1.092162430899892497e-02 1.080234243145200904e-02
1.344921247784072564e-02 1.326833116156661899e-02
2.056591131190569841e-02 2.014295460381652914e-02
1.132260881046776718e-02 1.119440734019288425e-02
2.570244896121761605e-03 2.563638737295721465e-03
2.182473728030856833e-03 2.177710536457311968e-03
3.709840187059720851e-03 3.696077272846197762e-03
1.691982420393718309e-02 1.663354375284504388e-02
2.696260359824530911e-02 2.623562160544919836e-02
4.403720437807914084e-02 4.209792900864242626e-02
5.533476134742571634e-02 5.227282553404915405e-02
1.299434318488192908e-01 1.130581363681705531e-01
1.996703374496814898e-01 1.598020937924118090e-01
2.400742093842941904e-01 1.824385833728002781e-01
1.088037988634738967e-01 9.696553221635061115e-02
6.755565369757185641e-03 6.709927706292122956e-03
3.615127383107475095e-03 3.602058237111381740e-03
3.425697162312443551e-03 3.413961761264567955e-03
1.281380855370764819e-03 1.279738918474254000e-03
2.902628176224286444e-03 2.894202925894875326e-03
7.021976958422869800e-03 6.972668798018248279e-03
1.054493736523484659e-02 1.043374166119812041e-02
1.339460932770851834e-02 1.321519376866658185e-02
1.597175363399891065e-02 1.571665671985375198e-02
7.859704981678872215e-03 7.797930019279844874e-03
4.363908471840311637e-02 4.173471500334315076e-02
3.429144640101046415e-02 3.311554310473709128e-02
5.738095431973197491e-02 5.408838040108880640e-02
8.222999742919316277e-03 8.155382018147265891e-03
2.170143921588876465e-02 2.123048675184785114e-02
1.067354046477143464e-01 9.534295804240303096e-02
2.087467205297649508e-01 1.651715271978331512e-01
2.518928710462037812e-01 1.884428525623043360e-01
1.948488627575651611e-01 1.568827834396487042e-01
4.848555206297688880e-02 4.613470330412524495e-02
1.802442043672293666e-03 1.799193246351496207e-03
3.820870395110858935e-04 3.819410490053235701e-04
1.937065131392992808e-03 1.933312910069734164e-03
2.303996742382341794e-03 2.298688341393433174e-03
2.266013307954374990e-03 2.260878491642548740e-03
2.194456441720246329e-03 2.189640802645638831e-03
5.349266552205827162e-03 5.320651899559279523e-03
5.267434784737247931e-03 5.239688915525788152e-03
6.539338588549887220e-03 6.496575639374189970e-03
5.029286116359291126e-03 5.003992397519086734e-03
4.751710560550349328e-03 4.729131807299103568e-03
