0.000000000000000000e+00 0.000000000000000000e+00
4.382608447783529343e-02 4.190535879717693923e-02
3.847943613958669795e-01 2.367276608338138855e-01
1.693266213116762231e-01 1.406551166268484310e-01
6.907956008803034509e-02 6.430757446607454630e-02
1.911637144190892756e-01 1.546201487085861470e-01
4.208324965925999139e-01 2.437325064042392964e-01
6.127974517639692698e-01 2.372767348755550065e-01
5.274723938842160731e-01 2.492452675742705126e-01
1.131524066337297324e-01 1.003489395067248130e-01
1.959295816917191319e-02 1.920907415935299220e-02
4.489610818246416585e-03 4.469454212947101233e-03
7.654140342139456772e-03 7.595554477762289820e-03
4.222228865886626901e-03 4.204401649290701037e-03
1.136028628105548305e-01 1.006972523718010909e-01
1.055076844314590569e-02 1.043944972840502201e-02
1.118256367631491333e-02 1.105751394594007599e-02
4.589276369410576553e-03 4.568214911815746300e-03
4.226273982951250785e-03 4.208412591172280316e-03
4.180778137734710020e-02 4.005989079365104844e-02
8.571705685711135392e-02 7.836964302086608936e-02
3.780234358855553700e-01 2.351217178068347735e-01
4.321860297162177789e-01 2.454012654343503130e-01
5.435491437799661041e-01 2.481034720760318391e-01
5.781821037986255574e-01 2.438875586456209499e-01
6.617736034094323649e-01 2.238293012399276694e-01
7.085588651991898690e-01 2.065031997468261826e-01
6.071112179313495893e-01 2.385271869932629185e-01
3.517609719024323289e-01 2.280251905486885278e-01
7.509642760356516344e-02 6.945695416474766126e-02
1.163519840252850122e-02 1.149982056066229871e-02
1.173518148094694451e-02 1.159746699655618378e-02
1.092018334255577955e-01 9.727679300205452351e-02
5.272589277876813668e-02 4.994587300944998420e-02
1.974951104116133907e-02 1.935946785479638471e-02
2.144055013292469128e-02 2.098085294292223457e-02
4.677700404107510562e-02 4.458891593401635017e-02
1.196869893498887505e-01 1.053620139302483688e-01
1.493722377762804303e-02 1.471410312344510578e-02
6.871189031407859155e-04 6.866467707537324966e-04
4.256548591533392323e-06 4.256530473327480442e-06
0.000000000000000000e+00 0.000000000000000000e+00
0.000000000000000000e+00 0.000000000000000000e+00
4.303147846288219586e-02 4.117977032418070060e-02
3.306146778096001881e-01 2.213086126264544595e-01
1.449167618108376243e-01 1.239158939570985801e-01
6.041606458586250977e-02 5.676596372581940025e-02
1.684551229020507801e-01 1.400779944701057433e-01
3.123256428939685247e-01 2.147783356848377845e-01
5.464850511928631693e-01 2.478391400155968705e-01
5.713385949921360174e-01 2.449108048645479707e-01
3.196702069346840647e-01 2.174811657330203429e-01
1.208624101142614371e-01 1.062546879356335155e-01
1.804521497332925092e-02 1.771958518989558487e-02
8.803620565514924667e-03 8.726116830453366571e-03
5.612895435753769563e-02 5.297849484026714850e-02
1.069660673573072096e-01 9.552432779141922792e-02
1.946542271698083887e-02 1.908652003543008513e-02
1.291876067218057644e-02 1.275186629487549614e-02
4.614398850682003271e-04 4.612269583006685467e-04
1.120329863225228567e-02 1.107778473200886002e-02
3.351573603361501785e-02 3.239243147174005605e-02
9.485415101040645114e-02 8.585684104650145865e-02
2.402188505753629910e-01 1.825137544036144199e-01
2.556428904221046405e-01 1.902896029987364290e-01
3.854358780559059006e-01 2.368750619631787291e-01
5.358619631752409296e-01 2.487139195972176697e-01
5.707517396936544474e-01 2.449941913303213537e-01
7.039495219718453489e-01 2.084045924874557976e-01
5.766631024383535031e-01 2.441227687245265399e-01
3.423484093865491462e-01 2.251459759770488844e-01
8.179772563004633623e-02 7.510685771179799464e-02
1.356466747627407300e-02 1.338066727253218492e-02
2.705427548776734303e-02 2.632234166559933516e-02
1.584837039879320453e-01 1.333666195581975633e-01
2.125425840076891615e-02 2.080251490060226055e-02
1.503107912487155334e-02 1.480514578521340344e-02
1.981412629654675725e-02 1.942152669565124987e-02
7.182852233915035245e-02 6.666918571772453839e-02
1.226202515113369446e-01 1.075845254306334181e-01
2.985859202800537557e-02 2.896705651011051083e-02
2.396948864872198038e-03 2.391203501011385756e-03
6.747029023557400919e-07 6.747024471317336963e-07
0.000000000000000000e+00 0.000000000000000000e+00
