9.501691938213928657e-01 4.734769693419726977e-02
7.710064524155272325e-01 1.765555027491505502e-01
2.927467989181724572e-01 2.070461106413355457e-01
4.399958382937171342e-01 2.463995005779262559e-01
5.282487458359501620e-01 2.492020083586958812e-01
5.410371068467865197e-01 2.483159558616454543e-01
3.983798110539250592e-01 2.396733371985640404e-01
2.981576979017902529e-01 2.092596850836950240e-01
2.774095627585173029e-01 2.004534972486455568e-01
2.540271146747228870e-01 1.894973396847580704e-01
1.402600956201100479e-01 1.205872011967476370e-01
4.684292393811614191e-02 4.464866441504401068e-02
3.907220521621464909e-02 3.754556799575665960e-02
3.948523813249222442e-02 3.792615410211260668e-02
8.256193698921841795e-02 7.574546354980674079e-02
1.486537889795006839e-01 1.265558400015387719e-01
3.624833210568539216e-02 3.493439052524133226e-02
1.331848154633720645e-02 1.314109959563708116e-02
4.835854824005741959e-02 4.601999905217146053e-02
1.060084021035856555e-01 9.477062078703014925e-02
1.964790893368407176e-01 1.578750567902064694e-01
1.861464141686469675e-01 1.514959266608015276e-01
1.738501372513047427e-01 1.436262670290072430e-01
1.785376950127589846e-01 1.466619864722900346e-01
3.043416543671036978e-01 2.117178117841980733e-01
2.715515098521310011e-01 1.978112873491589818e-01
2.096204357828746756e-01 1.656797086850723966e-01
2.122338761857203993e-01 1.671906579849047059e-01
3.436960917290301509e-01 2.255690882592202295e-01
1.798318624015277090e-01 1.474923636667257176e-01
5.591839248083022018e-02 5.279152586319005303e-02
3.335219526217775288e-02 3.223982633337132281e-02
1.283587933275041337e-01 1.118828135030112136e-01
1.054518626110744206e-01 9.433176728292951008e-02
2.198523730003175414e-02 2.150188664089304827e-02
3.444494747513939664e-02 3.325849306857428522e-02
9.608942990220199765e-02 8.685625136327181084e-02
1.727621279232567642e-01 1.429153750786850141e-01
2.777734054524874652e-02 2.700575989748202690e-02
2.884619859990650639e-02 2.801409542624125684e-02
1.256269533649602976e-01 1.098448219531983905e-01
8.156725913690473506e-01 1.503508150583504621e-01
9.449056970863186633e-01 5.205892070013684592e-02
7.494100900724599557e-01 1.877946069700474618e-01
2.495209093902665820e-01 1.872602251673209650e-01
3.820316635976636621e-01 2.360834716064652006e-01
4.362325639467584670e-01 2.459337140991957604e-01
4.212352609871477527e-01 2.437961158882372692e-01
4.247332775284335948e-01 2.443349204883882020e-01
3.317854487029434085e-01 2.217038647319299338e-01
3.675231104112068325e-01 2.324498737248787139e-01
2.222873642047958342e-01 1.728756919196802744e-01
1.914928626862712480e-01 1.548233462264881066e-01
6.450805608864247642e-02 6.034676678830703384e-02
9.367937131438147658e-02 8.490354670452371355e-02
1.620725268929146812e-01 1.358050229194601166e-01
1.798695610790471688e-01 1.475165020762780888e-01
9.805164152670504951e-02 8.843751712062357384e-02
4.857901741674148371e-02 4.621909648356541112e-02
2.689144572436682340e-02 2.616829587122025680e-02
6.061458727494119236e-02 5.694045908442973286e-02
1.027720192183927683e-01 9.220993128416707374e-02
2.064131132390060741e-01 1.638067399219873266e-01
2.313490036474324107e-01 1.778266421587727242e-01
3.195360099424883193e-01 2.174327482925223209e-01
3.642453026055299525e-01 2.315706621353358641e-01
3.632506381713883625e-01 2.312996120394674449e-01
3.587889210982238564e-01 2.300594311953963467e-01
1.974830628295780321e-01 1.584835027250269812e-01
2.688077512151164639e-01 1.965501441017885043e-01
3.759041672704371839e-01 2.346002242991563624e-01
2.089728108923378791e-01 1.653031752000930776e-01
9.561126428053973170e-02 8.646975042321651539e-02
6.808707090637869386e-02 6.345122168176844935e-02
1.105631855173498934e-01 9.833896752560596088e-02
5.562943003786103430e-02 5.253479655152375888e-02
2.720793871618087251e-02 2.646766678699741943e-02
3.384044583510389947e-02 3.269527006078529890e-02
2.883960589010038933e-01 2.052237721113726043e-01
3.568369951770324344e-01 2.295043540500589785e-01
5.783616106854412575e-02 5.449113954139754579e-02
7.403460666926769962e-02 6.855348368459451835e-02
1.654447213580424736e-01 1.380727655328021497e-01
8.582664363644616490e-01 1.216451605747091991e-01
