287.5   59.7541751883135   57.370592582623885
288.5   59.46663967770068   58.31196461494392
289.5   59.16803823867837   59.28964727433504
290.5   58.85769071595583   60.30857066088447
291.5   58.53488113139484   61.374358698041306
292.5   58.1988516015454   62.49349073133453
293.5   57.84879373751041   63.673507005285956
294.5   57.48383703551778   64.92326942565933
295.5   57.103033699625236   66.2532913941991
296.5   56.705339232422844   67.67615465589233
297.5   56.28958799075001   69.20703579235851
298.5   55.854462741249044   70.86436956827265
299.5   55.39845702126612   72.67068256219409
300.5   54.91982885551096   74.65363534602056
301.5   54.41654407798679   76.84731547905494
302.5   53.88620721527852   79.2938227016516
303.5   53.32597761349974   82.04518046227759
304.5   52.73246840380822   85.16558402476494
305.5   52.101626093948205   88.73394888035727
306.5   51.42858942593554   92.84663329283148
307.5   50.70752798965143   97.62005888520662
308.5   49.93146473613424   103.19270659336507
309.5   49.09209277070789   109.7255963775533
310.5   48.17960692970854   117.39983518911367
311.5   47.18258583077753   126.40914841948961
312.5   46.08798116150285   136.94458387666282
313.5   44.88129734869918   149.16804117060315
314.5   43.547072391388646   163.17144901495976
315.5   42.06978984569343   178.92011956436045
316.5   40.43534463699986   196.18310316858083
317.5   38.63312567583462   214.46098787289588
318.5   36.65863978128969   232.93185827222737
319.5   34.51637632412165   250.4454777051185
320.5   32.22233967433982   265.5971066029458
321.5   29.805465393365107   276.89751599326644
322.5   27.30714442755912   283.0220341358555
323.5   24.778430937065504   283.0793969668259
324.5   22.275170059291195   276.81448708458225
325.5   19.85200343916185   264.67053295990377
326.5   17.556635140451203   247.68732585943394
327.5   15.425634952105403   227.2758768738975
328.5   13.482482470520516   204.950506767554
329.5   11.737823305679854   182.09831214548794
330.5   10.1913532127532   159.83304153908222
331.5   8.834531426207574   138.94024811530073
332.5   7.653411608075433   119.89286062893794
333.5   6.631120752026191   102.90675871357152
334.5   5.749771879937947   88.00970417353736
335.5   4.9917863310242225   75.10625592737486
336.5   4.340707746341695   64.03035141766549
337.5   3.7816289261703657   54.583587210094464
338.5   3.3013507228246857   46.56067470298507
339.5   2.8883712187598984   39.76486119229117
340.5   2.53277783134368   34.01619563758675
341.5   2.226091851282876   29.155060400090747
342.5   1.9610968296823341   25.04278735858502
343.5   1.7316693074175817   21.56062271762312
344.5   1.532621752525939   18.607867363559727
345.5   1.3595621349231073   16.099703760568694
346.5   1.2087713357118786   13.965006052409475
347.5   1.0770977982090322   12.144291627259932
348.5   0.96186793878943   10.587886985800932
349.5   0.8608104821983569   9.254330515433455
350.5   0.7719928361975865   8.109007009787286
351.5   0.6937677287090903   7.122994832979949
352.5   0.624728511223549   6.272100880636009
353.5   0.5636717360354477   5.5360573723285045
354.5   0.5095658153426776   4.897855833634138
355.5   0.46152475442690516   4.34319608944548
356.5   0.4187861136681958   3.8600309450998784
357.5   0.3806924941620885   3.438190071837015
358.5   0.3466759606053038   3.0690692369834127
359.5   0.3162449144908834   2.745373335537321
360.5   0.28897301383130997   2.4609036761461343
361.5   0.26448980433780156   2.2103816586237013
362.5   0.24247278402570177   1.9893023874340154
363.5   0.2226406701833997   1.7938129287699691
364.5   0.2047476766072675   1.6206108772218966
365.5   0.18857864100412744   1.4668596820333366
366.5   0.1739448691000144   1.3301178251810841
367.5   0.16068058389439896   1.2082794667712637
368.5   0.14863988673331183   1.0995246007255715
369.5   0.13769415196435925   1.002277112191498
370.5   0.1277297895121076   0.9151694127512422
371.5   0.11864632012638847   0.8370125616276148
372.5   0.11035471682770168   0.766770971546293
373.5   0.10277597328129746   0.7035409530328867
374.5   0.09583986599691151   0.6465324790847017
375.5   0.08948388227921746   0.5950536564969592
376.5   0.08365229020255095   0.5484974768311528
377.5   0.07829533042978087   0.50633049077508
378.5   0.07336851274405497   0.46808310849700707
379.5   0.06883200272269699   0.4333412772161157
380.5   0.06465008611417768   0.4017393273174015
381.5   0.06079070032361161   0.3729538119163113
382.5   0.057225023927161604   0.34669819241076605
383.5   0.05392711646732834   0.3227182458826474
384.5   0.050873601866815485   0.3007880894128718
385.5   0.04804338975292683   0.2807067326208083
386.5   0.045417429779757   0.26229508325155193
387.5   0.04297849471789222   0.24539334200283755
388.5   0.040710988665386964   0.22985873235160745
389.5   0.03860077722828424   0.21556351917021865
390.5   0.0366350369427281   0.20239327669965598
391.5   0.034802121579510306   0.1902453722094649
392.5   0.03309144328122961   0.17902763650588172
393.5   0.03149336674830852   0.16865719655089595
394.5   0.029999114924436493   0.15905944896676633
395.5   0.028600684830382608   0.1501671561668654
396.5   0.027290772362826874   0.14191964936153584
397.5   0.026062705030084853   0.13426212488333078
398.5   0.024910381715261436   0.12714502206904207
399.5   0.023828218677148134   0.12052347255846217
400.5   0.022811101092179552   0.11435681220403102
401.5   0.021854339522270214   0.10860814793470203
402.5   0.020953630771930496   0.10324397294358244
403.5   0.02010502265381624   0.09823382438832608
404.5   0.01930488224731689   0.09354997858448297
405.5   0.01854986727471083   0.08916717926781222
406.5   0.017836900265781882   0.08506239507506975
407.5   0.017163145219438736   0.08121460287322987
408.5   0.016525986503632382   0.07760459398284635
409.5   0.01592300976092998   0.07421480068964652
410.5   0.015351984617068859   0.07102914077402699
411.5   0.01481084900756325   0.06803287804041057
412.5   0.014297694961947806   0.06521249708887279
413.5   0.013810755698049343   0.0625555907586896
414.5   0.01334839389718501   0.06005075886952521
415.5   0.012909091044806207   0.0576875170454375
416.5   0.01249143773172464   0.05545621453944437
417.5   0.012094124822659674   0.05334796010342519
418.5   0.011715935410174256   0.05135455506308615
419.5   0.01135573747614397   0.049468432833406996
420.5   0.011012477196463739   0.047682604219707145
421.5   0.010685172826666367   0.04599060790182645
422.5   0.010372909114397108   0.044386465573873
423.5   0.010074832189554125   0.04286464126727511
424.5   0.009790144888974098   0.041420004440624075
