1.769161875123435174e-02 1.737862537719532530e-02
6.565554538885706726e-02 6.134489474854879637e-02
1.534273427032386006e-01 1.298873932142615706e-01
2.192908374212433897e-01 1.712023660443331985e-01
2.315893880017830531e-01 1.779557433667426358e-01
1.497888396964949242e-01 1.273521431988726693e-01
8.331087663221360684e-02 7.637017446698568524e-02
4.032946797610396927e-02 3.870300198886837684e-02
9.512764895883692173e-02 8.607837936240121668e-02
4.539268850087619933e-01 2.478772680750041535e-01
8.071458016600644436e-01 1.556614565225963309e-01
9.278693898101189053e-01 6.692778526351650381e-02
9.426860749402884432e-01 5.402903905396128081e-02
9.453932018714253926e-01 5.162489572671968840e-02
7.915627981852693118e-01 1.649911347143758755e-01
9.622409101166178313e-01 3.633334101456087151e-02
9.313544115957170799e-01 6.393337159691270255e-02
9.637722428106745287e-01 3.491530679835674889e-02
8.796748188592458106e-01 1.058470319241988644e-01
6.503134306973158418e-01 2.274058725520032298e-01
5.319294001794818705e-01 2.489805134041784829e-01
3.711234877837518709e-01 2.333908445989752445e-01
3.203143732605711613e-01 2.177130755432586384e-01
2.206818196667298948e-01 1.719813541353107933e-01
4.408533747812969084e-02 4.214182049756910742e-02
1.147546118116188479e-01 1.015859908795835181e-01
2.004488591701495404e-01 1.602691140275351034e-01
1.884529691707992061e-01 1.529384475815090128e-01
4.266478419891311380e-01 2.446194609151485233e-01
7.677278655772381555e-01 1.783217899934562700e-01
9.321413544275812813e-01 6.325384979349557568e-02
9.382854420197591638e-01 5.790587131354429928e-02
7.850241228798076065e-01 1.687612493765963118e-01
9.160276787369295848e-01 7.692097052476210006e-02
9.607821793120262521e-01 3.767978322845966233e-02
9.505709445725587514e-01 4.698582390699224121e-02
7.462937055180748347e-01 1.893394106221758522e-01
5.589666731844020742e-01 2.465229314535639094e-01
8.853316269958458884e-01 1.015195372367343474e-01
8.941362511515129619e-01 9.465661552823145808e-02
7.583165366498536564e-01 1.832725668932247975e-01
1.582550926153699911e-01 1.332104182766706557e-01
3.609398245518000148e-02 3.479120688570516012e-02
9.199381536359774181e-02 8.353095329844603678e-02
2.029351791498828217e-01 1.617524922132878018e-01
2.590705626683280638e-01 1.919530062270439763e-01
2.704824236914374902e-01 1.973216821654431852e-01
1.936040603031178586e-01 1.561215281372645702e-01
1.686992769515809898e-01 1.402398309075947591e-01
9.536526853635615697e-02 8.627073409334483356e-02
2.063688268559269734e-01 1.637807341580354015e-01
6.217162647211664783e-01 2.351851509023269449e-01
7.959210914702935513e-01 1.624307076230301350e-01
8.354601881777558026e-01 1.374664621477447168e-01
8.289348724584632011e-01 1.418018496807345041e-01
9.266149131500897029e-01 6.799971587794140238e-02
9.234284121345678331e-01 7.070837979719857280e-02
8.433992326999540934e-01 1.320769669810827329e-01
8.477141768494673713e-01 1.290948512178973218e-01
9.838466015704363521e-01 1.589246614873940366e-02
9.698276965425156604e-01 2.926193556155376463e-02
8.513619263872184151e-01 1.265447966854629236e-01
5.424867124889299896e-01 2.481948792618829946e-01
2.551902851756156498e-01 1.900682035276036186e-01
3.656314475802847075e-01 2.319450921206302196e-01
3.221807973930364555e-01 2.183803311842236472e-01
9.218712987599700370e-02 8.368866296122307036e-02
5.315872150116163902e-02 5.033287182952357608e-02
1.659852585688542104e-01 1.384341525066848100e-01
3.162430959771246886e-01 2.162334002239277853e-01
3.047522908653664819e-01 2.118783320776775336e-01
7.784745862457995713e-01 1.724519048152307610e-01
9.339882304401395663e-01 6.165421583943631045e-02
9.533041395291024234e-01 4.451535708578002737e-02
7.391071409420717497e-01 1.928277751505081961e-01
8.110731680343034045e-01 1.532334841291020933e-01
9.128441594550565918e-01 7.955970000384782193e-02
8.886013434918099696e-01 9.898899583636033839e-02
6.980704254547009935e-01 2.107681065601937354e-01
5.719171456836626977e-01 2.448279241567148379e-01
8.614610552225618889e-01 1.193459055573921068e-01
8.791335932270141207e-01 1.062577184867730118e-01
8.152801254932318109e-01 1.505984424689720269e-01
1.397965116959065945e-01 1.202534470135628447e-01
