0.000000000000000000e+00 0.000000000000000000e+00
4.099943463169210961e-02 3.931848099157371490e-02
5.512369389238187117e-02 5.208507226404085477e-02
6.092979780409759488e-02 5.721735754364937893e-02
6.262102433079642927e-02 5.869963164255823096e-02
6.460510691572003694e-02 6.043128707612842321e-02
5.767751239783115713e-02 5.435081696142918944e-02
4.457098307304744461e-02 4.258441054094956602e-02
1.815629737957874870e-02 1.782664624504304990e-02
1.205831253799374402e-03 1.204377224786734981e-03
4.533897869738608664e-04 4.531842246749286486e-04
4.890850372975954563e-04 4.888458331238870573e-04
5.988474110868980370e-04 5.984887928651325909e-04
7.874485257297128560e-04 7.868284505490389909e-04
1.022764954476130302e-03 1.021718906324025830e-03
1.075630592461382200e-03 1.074473611289943412e-03
1.303539347195095633e-03 1.301840132365409720e-03
6.672593895013021045e-04 6.668141544084244714e-04
1.117201864824541799e-03 1.115953724817774417e-03
1.038831935640221887e-01 9.309147565896208620e-02
1.130599253598155857e-01 1.002773786374485110e-01
1.183609775041431500e-01 1.043516565084068731e-01
1.172531874109717237e-01 1.035048774529392646e-01
6.655053800905270933e-02 6.212156389975834192e-02
1.732749115150791427e-02 1.702724920190232943e-02
7.050622539628142831e-03 7.000911261431830464e-03
5.877671930793475392e-03 5.843124903467437903e-03
1.130484640209809171e-03 1.129206644688058800e-03
6.860807697178618672e-04 6.856100628952852428e-04
4.033587624735761215e-04 4.031960641823118972e-04
3.844440134443583457e-05 3.844292337244110562e-05
4.221808770933670245e-05 4.221630534240686662e-05
1.263537146364851894e-04 1.263377493752827405e-04
3.621807438221646470e-04 3.620495689309690974e-04
3.589900265836007756e-04 3.588611527444142630e-04
4.030604765398186802e-04 4.028980187920701717e-04
2.709305871678017487e-04 2.708571837847386743e-04
6.912819396783664470e-05 6.912341526063538937e-05
4.501634288770460930e-05 4.501431641657762452e-05
0.000000000000000000e+00 0.000000000000000000e+00
0.000000000000000000e+00 0.000000000000000000e+00
0.000000000000000000e+00 0.000000000000000000e+00
0.000000000000000000e+00 0.000000000000000000e+00
3.185012175046268018e-02 3.083569149494338330e-02
4.373766054046816787e-02 4.182467759091493958e-02
4.774000173574209638e-02 4.546089397001343985e-02
4.792213417129773112e-02 4.562560322776586935e-02
4.884415716949273151e-02 4.645840547989462527e-02
4.216997572424230345e-02 4.039166887165911851e-02
3.397458950598279681e-02 3.282031677388275864e-02
1.139578273672770502e-02 1.126591887254500303e-02
8.871426559624586653e-04 8.863556338704305570e-04
2.091384987595529342e-04 2.090947598478895249e-04
3.340198361759757519e-04 3.339082669250167056e-04
1.353251836905647191e-03 1.351420546371558768e-03
2.059973148807593517e-03 2.055729659433785418e-03
1.987524416548932561e-03 1.983574163242554558e-03
1.800365275214850427e-03 1.797123960090650941e-03
1.496770990042147137e-03 1.494530666645515473e-03
6.189558026018275574e-06 6.189519715389718414e-06
1.007763762064437007e-03 1.006748174264306779e-03
9.030502979407183106e-03 8.948952995346100281e-03
1.457781772409305794e-02 1.436530495449617542e-02
3.061904612548193780e-02 2.968152013984754617e-02
3.443245044187476234e-02 3.324685679844260194e-02
3.196587775930589959e-02 3.094406041838301119e-02
2.664012538432980817e-02 2.593042910383699592e-02
2.718453815256926046e-02 2.644553903800076627e-02
2.875957527673632039e-02 2.793246210663805768e-02
2.187249522330358964e-02 2.139408917601015245e-02
8.283756500589139343e-03 8.215135878828086838e-03
9.201385901332038379e-04 9.192919351081515339e-04
6.273815247399274972e-05 6.273421639821690420e-05
4.204472815338167890e-05 4.204296039421618882e-05
9.637928069946077934e-05 9.636999173371263352e-05
4.386451650372839546e-04 4.384527554564733478e-04
4.421046731323402534e-04 4.419092165903347924e-04
4.092739753431482428e-04 4.091064701562550834e-04
3.340048994210612250e-04 3.338933401482239690e-04
6.737765203995921878e-05 6.737311229196479617e-05
4.268062352360148740e-06 4.268044136003905308e-06
5.613456334786790750e-20 5.613456334786790750e-20
5.613456334786790750e-20 5.613456334786790750e-20
0.000000000000000000e+00 0.000000000000000000e+00
