9.996763542142809156e-01 3.235410391244641914e-04
9.996763542142809156e-01 3.235410391244641914e-04
5.491880539383043880e-01 1.229742916418707366e-01
3.094938208265229918e-01 1.061801726302423060e-01
1.325616641407866003e-01 5.766056081437762743e-02
1.837221663375405295e-02 9.029238276514721037e-03
9.177825775639168043e-03 4.544248052852306596e-03
3.298470760886041634e-03 1.649950639933924282e-03
2.410831681933869181e-02 1.171113575541372562e-02
1.991223791125504294e-02 9.606239786205898051e-03
4.627931991007041418e-02 2.138556909068068876e-02
7.448276410555855487e-02 3.261926756788913889e-02
1.227156554570302399e-01 4.840539148227621102e-02
9.746395179869116188e-02 4.095246790349145460e-02
1.074592678191805539e-01 4.395505322236172019e-02
7.347026536339595904e-02 3.398335399448708383e-02
4.434559463594719281e-02 2.066895413143020332e-02
1.401441817593525839e-02 6.909358428520849874e-03
7.561264491914779576e-03 3.723461827499408364e-03
1.671315436774474051e-03 8.328644230980364240e-04
8.863996707630548630e-04 4.424141310051985746e-04
4.141200870436063442e-04 2.068889656423677050e-04
3.020688423404318439e-04 1.509431755847030353e-04
1.550728392162431513e-04 7.751237202265898868e-05
2.193881455153744023e-04 1.096459416996195942e-04
4.927475464638598167e-04 2.461311178397326198e-04
2.037248590798279406e-03 1.014878623734863762e-03
5.368562014878103207e-04 2.681398861628292354e-04
3.224311255621490875e-04 1.611123626250034961e-04
7.448615441127356442e-04 3.718819257477327706e-04
1.991736424919962525e-03 9.934238854595680863e-04
1.164951437932594059e-03 5.811186071135557600e-04
8.465256187931908746e-03 4.193458818431338060e-03
5.211012893459924210e-03 2.589694809345483018e-03
1.008926029930743914e-02 5.018026571154184795e-03
1.026322616908843278e-02 5.042246704996333241e-03
1.290262944465703221e-02 6.345092024015327146e-03
1.396385201833311857e-02 6.865435409989150729e-03
1.432015871251270459e-02 7.011770652012696073e-03
1.574384582258821219e-02 7.779038798912893578e-03
1.545585923270318025e-02 7.600641464819484112e-03
9.996763542142809156e-01 3.235410391244641914e-04
9.996763542142809156e-01 3.235410391244641914e-04
3.172500736749290784e-01 1.065492081336288088e-01
1.202457437779211047e-01 5.309794290237862535e-02
6.105961885676154666e-02 2.848684175345890524e-02
1.516882929748406862e-02 7.498318564043626386e-03
4.856104005749023629e-03 2.446057645674716563e-03
3.416273278170029598e-02 1.642109682121489084e-02
4.825089249928091878e-02 2.204497871375144663e-02
9.460931307341725882e-02 4.035832848499270459e-02
1.252288409970698235e-01 4.986686956101661627e-02
1.654712906348529133e-01 6.030954581680882109e-02
1.458513252092590029e-01 5.753885855792165160e-02
1.265957374640448996e-01 5.069598312900937959e-02
7.240657661924705668e-02 3.317052801405565021e-02
4.413244103904890442e-02 2.012403778738215687e-02
1.512071406538499814e-02 7.395806151463492351e-03
6.017135892457401228e-03 2.972364327441519988e-03
2.604894412421482775e-03 1.295661731310876691e-03
8.186234025559480879e-04 4.086415570027617915e-04
3.206149114518321301e-04 1.602046618044781622e-04
3.535681248213919515e-04 1.766590519918062499e-04
2.037335152641814697e-04 1.018252502868488313e-04
1.435646246208778032e-04 7.176884740575368953e-05
4.046770384205233698e-04 2.021785565451385215e-04
9.987244358276470713e-04 4.985821902087427633e-04
5.284483468674184073e-04 2.639449157784022810e-04
4.387016378754418655e-04 2.191660155792330214e-04
1.064384175796992881e-03 5.310591955961978337e-04
1.715265355202798703e-03 8.550606771009265855e-04
7.624992698347778184e-04 3.809483177688500100e-04
7.482600001431993254e-03 3.710024188925836915e-03
3.951926050288964536e-03 1.974701481554641362e-03
9.818736255620052686e-03 4.944992041279736190e-03
9.889151365297273871e-03 4.885200287989711204e-03
1.291027607545166753e-02 6.312207101351440496e-03
1.623489529251988944e-02 7.947897168296816361e-03
1.824707349939158618e-02 8.923451480294965904e-03
2.120698531824675992e-02 1.037202253815466130e-02
1.872830250995458773e-02 9.171938426180307330e-03
9.996763542142809156e-01 3.235410391244641914e-04
9.996763542142809156e-01 3.235410391244641914e-04
1.887036486256888357e-01 7.620920398360570003e-02
7.018782126728066728e-02 3.236150321934293944e-02
6.570457477851933403e-02 3.039399408488898530e-02
2.927311912235176783e-02 1.416855544134045485e-02
9.986250739498965523e-02 4.344458687770105104e-02
9.145054136497192399e-02 3.873319318597527594e-02
1.650891336347155569e-01 6.129654699808677332e-02
1.804240070185655631e-01 6.315551772214592074e-02
1.967730066166960834e-01 7.007207541187920885e-02
1.408380854876799537e-01 5.442489735306275944e-02
1.262025759338270270e-01 4.996905633962124560e-02
5.546498999432167287e-02 2.566014276244234574e-02
1.993463478089570542e-02 9.574897401242635220e-03
8.240658225067372389e-03 4.069408501576339543e-03
3.852266853213763553e-03 1.911293581984599074e-03
1.166453136207954008e-03 5.818659551850076817e-04
3.183819779685457857e-04 1.590896219003777199e-04
1.672305513533882751e-04 8.358730961938817697e-05
3.625050599302091238e-04 1.811211200466295544e-04
1.775193849516260827e-04 8.872817934377943256e-05
1.427589462695317982e-04 7.136117789499803188e-05
6.316262105036151223e-04 3.154208879044404141e-04
1.386732085673455638e-03 6.929124307444711880e-04
5.790291863973171796e-04 2.892565882627842386e-04
5.491433198776505013e-04 2.743069939151067784e-04
1.171066754699076357e-03 5.841661872272984474e-04
1.703638040815028164e-03 8.500336001093910382e-04
6.351963585689082703e-04 3.171947048705149553e-04
8.799048621120419272e-03 4.341525190348176182e-03
4.182041466466997898e-03 2.083073542520972980e-03
9.241665620217640736e-03 4.603798272834614368e-03
7.557220772919319603e-03 3.761775869451270283e-03
1.097559046491412837e-02 5.402451211118403096e-03
1.684728909579728470e-02 8.255114318382772431e-03
2.352712907552908031e-02 1.146252760422105874e-02
3.210331497525471811e-02 1.548319759684300967e-02
3.404805192853384982e-02 1.644490791364516119e-02
9.996763542142809156e-01 3.235410391244641914e-04
9.996763542142809156e-01 3.235410391244641914e-04
2.031827932514662927e-01 8.137279618851661622e-02
1.138437047345869091e-01 5.029407292219025688e-02
1.323259091400116605e-01 5.747434964102571958e-02
2.230802429082605065e-01 8.552713335513031923e-02
1.832003070162669944e-01 6.945293747650274629e-02
2.362054032475424115e-01 7.936848780336519527e-02
2.158122989291357541e-01 7.829958443927091671e-02
1.957251595160878765e-01 7.140407444926757941e-02
9.862303677956309189e-02 4.049362446828635304e-02
8.361576575057869110e-02 3.515126176494086374e-02
5.399343675065768761e-02 2.507214266371109515e-02
1.149492820883279975e-02 5.616090493742161537e-03
7.650118412336344778e-03 3.792362728722110075e-03
3.979256975050804446e-03 1.973796821440435521e-03
1.009094814523458540e-03 5.035291349170311704e-04
3.999202726130074784e-04 1.998020224439290757e-04
1.644262733215475652e-04 8.218746824214808952e-05
3.512464118442464684e-04 1.755011994610224590e-04
2.857877946009575350e-04 1.428122226369358790e-04
3.668333112459558776e-04 1.833254644435348437e-04
6.082534771947794650e-04 3.060979586560763632e-04
7.731707640549663214e-04 3.880400482216026870e-04
7.221644509331863731e-04 3.606650237124328184e-04
8.096144868984266919e-04 4.043171236130613136e-04
2.049633732564562320e-03 1.020700353176233520e-03
2.995958758289010097e-03 1.489130402997320161e-03
1.651424825576024505e-03 8.229944434803893082e-04
1.513282149179921710e-02 7.387964131319627384e-03
8.466337677793710909e-03 4.211562760439781748e-03
2.061795337288404792e-02 9.949150336956190735e-03
1.515070941280881496e-02 7.410504519692008227e-03
1.720671326835818485e-02 8.466357035490335373e-03
3.444301689526316906e-02 1.660434402308713989e-02
4.637898392633493100e-02 2.223383048207291934e-02
7.803485797844696148e-02 3.617191670049887259e-02
7.579069777425682941e-02 3.560490633626643697e-02
9.996763542142809156e-01 3.235410391244641914e-04
9.996763542142809156e-01 3.235410391244641914e-04
3.449121565714046711e-01 1.139746295064892889e-01
2.404421473728901026e-01 9.032254855474877719e-02
3.448759839375725167e-01 1.099126156619242289e-01
2.602009574925049362e-01 8.725470022783572699e-02
2.288904217588509926e-01 7.597465664331962132e-02
1.745437646552919497e-01 6.510758847522059301e-02
1.498963422358310649e-01 5.778381050120062062e-02
5.748341749626318525e-02 2.568486580868820437e-02
1.642412706573493156e-02 7.964576794094655604e-03
8.258546063976534429e-03 4.165787609159646993e-03
3.759540625573967211e-03 1.865636167162245361e-03
2.238658820799724336e-03 1.114318891181083349e-03
1.201378694748456372e-03 6.011278537658409221e-04
7.575471601047507626e-04 3.782010699333252911e-04
8.561702541134265463e-04 4.277230163077416943e-04
4.927390294055454490e-04 2.461468345115705621e-04
2.604130705921003908e-04 1.301543557871505288e-04
2.029192237431723183e-04 1.014184356605360183e-04
1.870557433366597396e-04 9.350618863380006317e-05
5.400316027110677475e-04 2.699702663850677775e-04
4.512903097207989996e-04 2.255365511378117159e-04
1.671398273027768625e-04 8.354197792951763009e-05
3.493138016033802665e-04 1.745348806696995255e-04
7.272719450082795658e-04 3.631070480221436532e-04
6.537374421661389275e-04 3.268563060240389437e-04
6.685001246888700550e-04 3.339476235278749684e-04
4.188253872837660076e-03 2.078665149660710847e-03
4.590600111051244825e-03 2.291691696464914600e-03
9.168875788192707224e-03 4.556049216722163168e-03
9.004104328963459525e-03 4.509553287148806815e-03
1.159610458168656641e-02 5.845715415565088009e-03
2.141503563805801855e-02 1.053866505682644721e-02
3.938713405539525508e-02 1.890040157434082560e-02
7.610674294660792205e-02 3.585831988684829580e-02
9.525823879886154144e-02 4.499155223077198201e-02
9.996763542142809156e-01 3.235410391244641914e-04
9.996763542142809156e-01 3.235410391244641914e-04
4.754231846418661700e-01 1.246573705127989318e-01
4.314835194665628815e-01 1.206619807958432822e-01
3.012948167751341444e-01 1.028387246409836198e-01
2.223323179303792196e-01 8.094474372275720087e-02
1.098785396072438914e-01 4.504868105553894858e-02
9.562412725795475799e-02 3.978010163775848318e-02
5.330019974884833006e-02 2.394968834384194820e-02
1.008694466500777154e-02 4.942780951168664581e-03
6.046367827198096886e-03 3.002726992072855122e-03
3.886031197719298693e-03 1.927914360390697076e-03
1.835483842485484754e-03 9.145712722213111216e-04
1.076630474851082578e-03 5.372374572043970425e-04
4.112675012704199661e-04 2.060667941566620646e-04
2.151088467370510947e-04 1.081061433615385537e-04
1.619659628783672338e-04 8.097990689120362505e-05
2.045819251392669638e-04 1.035113017760105718e-04
1.072082102396249383e-04 5.359261151946968310e-05
2.789589042117733217e-04 1.394018128034375272e-04
5.003604994240196504e-04 2.513942232853494103e-04
5.405446902443032360e-04 2.704377716699582924e-04
3.559789198552400051e-04 1.778988756740454381e-04
2.678592464304103775e-04 1.338724985270724828e-04
5.381956132315113533e-04 2.688173396241400341e-04
7.828278176672635869e-04 3.908105017148943549e-04
6.278602733759448698e-04 3.135590851953233820e-04
5.144147486720750465e-03 2.547996355846507497e-03
3.486193658335631513e-03 1.731845985032812998e-03
1.136654956153611631e-02 5.562605509900203637e-03
1.043898227867288281e-02 5.113855703574708526e-03
1.471653038259460554e-02 7.208918731392763117e-03
2.726584230032627620e-02 1.308924904810854911e-02
5.085760933903658160e-02 2.396373649265366376e-02
1.099654820296534774e-01 5.007681440984075583e-02
1.303941394361872730e-01 6.025059599535186050e-02
9.996763542142809156e-01 3.235410391244641914e-04
9.996763542142809156e-01 3.235410391244641914e-04
4.799684096557584323e-01 1.208528436118893046e-01
2.321235076383537377e-01 8.336782305136904159e-02
1.666490226139329123e-01 6.373267485084097017e-02
5.896010580314982319e-02 2.668834823037818590e-02
1.392381036390941997e-02 6.840849855165927196e-03
5.813974536365010964e-03 2.877034753006041303e-03
4.275210372400431447e-03 2.121786332866598939e-03
1.281218726682481100e-03 6.389678419156387098e-04
1.038360437253464663e-03 5.181020262290791240e-04
1.196840599680574525e-03 5.969913286507214957e-04
8.063270058822198617e-04 4.242745651593469308e-04
2.673480097511029630e-04 1.336025299172336010e-04
1.771019229100909988e-04 8.859341598153204066e-05
8.689324803685285321e-05 4.343907358187202921e-05
6.709073064019158757e-05 3.354086415395795959e-05
2.853994899859226681e-05 1.426915997060729039e-05
4.224023892994160261e-05 2.140119420083816398e-05
2.828312398649697273e-04 1.417205367826608468e-04
4.343183453018442989e-04 2.172751677949126580e-04
2.002220367148246027e-04 1.000709294934260706e-04
1.122852409453426164e-04 5.613001249733715590e-05
8.537494302539822097e-05 4.268018263180252164e-05
6.054987056979257640e-04 3.023827980238831059e-04
3.718929393471442002e-04 1.858081653152358459e-04
1.510190327252952831e-03 7.528145815451080551e-04
8.940730709775528313e-04 4.462371689328542405e-04
4.030438225255455684e-03 2.001628836953599395e-03
7.612278653027860185e-03 3.797057564784201995e-03
1.420990683856795771e-02 7.008629148447994943e-03
3.261766883852375287e-02 1.543361519838728699e-02
4.982608633324974584e-02 2.530060888527465787e-02
1.052120230667863976e-01 4.874112533391811164e-02
1.476301374481817641e-01 6.531971003478842519e-02
9.996763542142809156e-01 3.235410391244641914e-04
9.996763542142809156e-01 3.235410391244641914e-04
2.526899296039537557e-01 9.486088782455046053e-02
1.166857262520034494e-01 4.884804034866088718e-02
5.506934209086800092e-02 2.504250505621741923e-02
5.903887202397793861e-03 2.936332024195818791e-03
2.825333714820226199e-03 1.405016165734294595e-03
3.246885639772360225e-03 1.613809224389957907e-03
1.405756507292777423e-03 7.009102521326043009e-04
1.081591467702462932e-03 5.396545252018483544e-04
1.363835491389851426e-03 6.800597296217225250e-04
1.751349370061485279e-03 8.765294135065320987e-04
7.434311207083418860e-04 3.719909265947663498e-04
5.280694532731200356e-04 2.695270868417326809e-04
9.834388107859921629e-05 4.916226902035400904e-05
1.202772203812642364e-04 6.012416681080336579e-05
3.516293123138055450e-05 1.758024742975147306e-05
4.873787578508923603e-05 2.526997183996813442e-05
1.935961963285828748e-04 9.807077594590707056e-05
3.796807360177036224e-04 1.897350818407293283e-04
2.462308798753755270e-04 1.230548102917858083e-04
1.858073599845742592e-04 9.286915561726269582e-05
5.820107904993124042e-05 2.909809771940338505e-05
3.440231870484110983e-04 1.718936578109526297e-04
2.135864564997996969e-04 1.067477243615863375e-04
8.965392243934508856e-04 4.474743571243281620e-04
9.623167834454036647e-04 4.856248749305036821e-04
7.657204517523332268e-03 3.769969482994103230e-03
1.172376918409620897e-02 5.731323026121721946e-03
2.578327420850574231e-02 1.229497075618790625e-02
5.956940652887363075e-02 2.797469491989044293e-02
8.439856067398854300e-02 4.074405294219435314e-02
2.095443497593086624e-01 8.421411034618037084e-02
2.536902271040178958e-01 9.692310321563610276e-02
9.996763542142809156e-01 3.235410391244641914e-04
9.996763542142809156e-01 3.235410391244641914e-04
7.060844092862911259e-02 3.168526030059586052e-02
1.406448296946487438e-02 6.946329938728835335e-03
3.326428191345918474e-03 1.662476839878973198e-03
2.224238352581586232e-03 1.107172013899522609e-03
2.271996718412128049e-03 1.130949348290224586e-03
1.833924525853858735e-03 9.135989837743449223e-04
3.067572213747483435e-03 1.524790983821861477e-03
2.992255906041105078e-03 1.487992345886510453e-03
2.574683041102282955e-03 1.283770351030145973e-03
2.024529315897780762e-03 1.012249739440715477e-03
7.992899445977353278e-04 4.107465295115874369e-04
1.083657991291821899e-04 5.428858976280698321e-05
1.770890698547440169e-04 8.924579362335568913e-05
4.096878708998454271e-05 2.048473818999659618e-05
3.924231917736777146e-05 2.015929547619610036e-05
1.723707728039771748e-04 8.857144738778562098e-05
3.376354705959821881e-04 1.704261844508498823e-04
2.438809207216888349e-04 1.223827398681003877e-04
2.285418465135958122e-04 1.142767772037748365e-04
5.049674451336329890e-05 2.524591507863519068e-05
1.017895633782169728e-04 5.091141749509769146e-05
1.962418213874335133e-05 9.811705974791002860e-06
3.745947105634026713e-04 1.871570340845192483e-04
4.299013421944243834e-04 2.150173787882222424e-04
6.590420667121844357e-03 3.251776688991295499e-03
6.621974665898192058e-02 2.875764630983788234e-02
7.866811990303020086e-02 3.611092097603752632e-02
1.864559965837701838e-01 6.336220334794004372e-02
2.403654307633012743e-01 8.031890143269276860e-02
3.423690000161630498e-01 9.820349705294340037e-02
4.138765998336106366e-01 8.992124334742704339e-02
9.996763542142809156e-01 3.235410391244641914e-04
9.996763542142809156e-01 3.235410391244641914e-04
4.020058391034952300e-02 1.994843942865509936e-02
1.107202975284607253e-02 5.617090944733318415e-03
5.629579970886460644e-03 2.796845040635864959e-03
3.738776450730786540e-03 1.861282026738416296e-03
3.025977004356585846e-03 1.508097598515341147e-03
3.907606176928026150e-03 1.940343674901910155e-03
4.832399486700669593e-03 2.473821416405638882e-03
3.944080289727558766e-03 1.985590817038745005e-03
2.116300814604090991e-03 1.077070164355961633e-03
1.598403201540730045e-03 8.378014783411081483e-04
1.430099770043215821e-03 7.178029435955985988e-04
7.373003773156900633e-04 3.779159384520354719e-04
3.071854638843058262e-04 1.551365154053634078e-04
3.319551422817144481e-04 1.678988598041067750e-04
6.871533382230629724e-04 3.545936756464083939e-04
7.306159178445317121e-04 3.788707546279553484e-04
6.728262047222756566e-04 3.437812656486769728e-04
7.464334194608280649e-04 3.815091729814705469e-04
6.500021734251249569e-04 3.250660492156743362e-04
4.823924987239430555e-04 2.415325852026518579e-04
1.657051822116995725e-04 8.284771523860704400e-05
2.246997012417474310e-03 1.118559520425493805e-03
5.906895525955583454e-03 2.946092318585483497e-03
1.220630109945235048e-01 4.734908897974932779e-02
1.486012706298197039e-01 5.785286011240789450e-02
2.080990868723532339e-01 6.957447064346605758e-02
3.345005426452382635e-01 1.058142363789857654e-01
4.983848967440335787e-01 1.116839900350940218e-01
5.687940343600702553e-01 8.556488878156576217e-02
4.988922221034011173e-01 9.551580463820083522e-02
9.996763542142809156e-01 3.235410391244641914e-04
9.996763542142809156e-01 3.235410391244641914e-04
2.829502536869281382e-02 1.366295906956351350e-02
8.126467880705673386e-03 4.035489887645805560e-03
7.819461556751989770e-03 3.867555255719855398e-03
3.573333168003985875e-03 1.774951630766668370e-03
3.696980750387802560e-03 1.843293954029221480e-03
3.661527412586680890e-03 1.830725646011493709e-03
2.748511993507438567e-03 1.372513030808130904e-03
6.597052587898225929e-04 3.294448108867672098e-04
4.924787727270075674e-05 2.462151328293451046e-05
7.422288562545718805e-05 3.710593377597802675e-05
5.168595454329578926e-05 2.584030584769478586e-05
1.686899657888945136e-05 8.948035902687244129e-06
5.740576678389629602e-05 3.160679341308541656e-05
1.014342068301547198e-04 5.208723119296221972e-05
3.702680503649446770e-04 1.887207343405757293e-04
3.051640378443365182e-04 1.602294407319035147e-04
6.037687448367229761e-04 3.118397343243299201e-04
2.922419588067067691e-04 1.535834115452858564e-04
6.068084580162474550e-04 3.031138214158849461e-04
1.281336652964818064e-04 6.408829615044292786e-05
1.623583573866663448e-03 8.179624180847017189e-04
1.141089134007199218e-01 4.411786172671135209e-02
1.416624348451187287e-01 5.881232619120516092e-02
2.527200554110211050e-01 7.384045084147640436e-02
3.151852336563321089e-01 9.194332640888636110e-02
4.924839931893019163e-01 1.254755499198066393e-01
5.792600914815979607e-01 6.663434297585801858e-02
6.180100096150830113e-01 9.043819409241177221e-02
4.765640592052772240e-01 1.183669460514542027e-01
9.996763542142809156e-01 3.235410391244641914e-04
9.996763542142809156e-01 3.235410391244641914e-04
3.282946333421423585e-02 1.565825949483740445e-02
1.081199144986614256e-02 5.353461076008742166e-03
7.069681183166918667e-03 3.603442746108269021e-03
5.098976344638174625e-03 2.575531589206333724e-03
2.284316306915579967e-03 1.201486426258903915e-03
1.597615112499284340e-03 8.011903211329390526e-04
7.224033678389284131e-04 3.613173682817700941e-04
9.958399487599390925e-05 4.978208884122005098e-05
2.551541267335402782e-04 1.275119597383809914e-04
1.216298181640239811e-04 6.080012956681896471e-05
3.843799053758873124e-05 1.921751778967779859e-05
7.161098685985839928e-05 3.641347776091900047e-05
2.037528971231621587e-04 1.040188440235451117e-04
3.536610362467677003e-04 1.857958724263259983e-04
4.394324950215477499e-04 2.242444188481521690e-04
6.886562906427988375e-04 3.606594645165203997e-04
8.187198717568748910e-04 4.149504016639409074e-04
8.793935061493090037e-04 4.506265790756588756e-04
1.948269404339782879e-03 9.703425943256532675e-04
1.175830716140480042e-01 4.538829379311850459e-02
1.454483463190563153e-01 5.872161490566472908e-02
2.950087971293668954e-01 8.505033739545372895e-02
3.602698185679632514e-01 1.117305065174401535e-01
4.426674552679989438e-01 1.268270363333939277e-01
5.885117937130424082e-01 8.476751812680194398e-02
5.510623857172337603e-01 8.850219634148864811e-02
5.292109991568519911e-01 1.169512525839310757e-01
3.840213301999989559e-01 1.569557365395383985e-01
9.996763542142809156e-01 3.235410391244641914e-04
9.996763542142809156e-01 3.235410391244641914e-04
4.712181463758634975e-02 2.298039733472561838e-02
9.663879275061236160e-03 4.878379149963577542e-03
6.595784940825709375e-03 3.366344860899329102e-03
1.828250201743031366e-03 9.585043029147508964e-04
6.025461472653114098e-04 3.035906152901096189e-04
1.797881672359220038e-04 8.989348724992289217e-05
7.323541099037846156e-05 3.661256321799988831e-05
1.688176231181521083e-04 8.438059243323078407e-05
1.038635849020342684e-04 5.192101910422201541e-05
3.221545383477407139e-05 1.676146651299923208e-05
8.349973305489682171e-05 4.243849384232081269e-05
1.380564624547519906e-04 6.914578038773302115e-05
2.866611525288343559e-04 1.432662751647809823e-04
1.782031233183684169e-04 9.190113376140859262e-05
4.529982780112027383e-04 2.399128074093468494e-04
5.343788126938973796e-04 2.835024508893429357e-04
5.960314341870287698e-03 2.968371552225837137e-03
1.139264111382335548e-01 4.400348461273632938e-02
1.511702092466833125e-01 6.269252252698871708e-02
3.389530124754810414e-01 8.205958061315672680e-02
4.569874625161046144e-01 1.361299637335994517e-01
5.285025206575914014e-01 1.497492093565918614e-01
6.092887146071316318e-01 6.582502223531344621e-02
6.375292135389325487e-01 8.577623057249322835e-02
5.237056760777802911e-01 1.227445124717397307e-01
3.238252065775910626e-01 1.251767870029069640e-01
2.028504989194548080e-01 1.191187756230687456e-01
9.996763542142809156e-01 3.235410391244641914e-04
9.996763542142809156e-01 3.235410391244641914e-04
1.266155249913683833e-01 6.019022071159612491e-02
6.575262229011081920e-03 3.526019864658485898e-03
5.642529610611715998e-03 2.936333453551684229e-03
1.211767514085723739e-03 6.064444153411307744e-04
3.062562145085388917e-04 1.530353089007567948e-04
2.389722413336536650e-04 1.194293646177944782e-04
1.202779604011761354e-04 6.012451367196531031e-05
1.627123077343912701e-04 8.132988301969155313e-05
1.075688232246854931e-04 5.377284057045372248e-05
1.860972741250183971e-04 9.301886352242486685e-05
2.342827472508689473e-04 1.177186881627423397e-04
3.519706931745802416e-04 1.780138868135746461e-04
2.214132247614166750e-04 1.125107414497149440e-04
3.963442581163788281e-04 2.047327994803938922e-04
2.042424613192414095e-03 1.024222312160975000e-03
1.256724378659141994e-01 4.759164064048990173e-02
1.462085237174735042e-01 5.753407360400231846e-02
3.296737141325470355e-01 8.974854240427188046e-02
4.723090627274437181e-01 1.468620967272591116e-01
6.340951950897638634e-01 8.475167003373562657e-02
6.443261877785951830e-01 8.360621745933277671e-02
5.102576085668736328e-01 8.685821551234651494e-02
5.457317235962841906e-01 1.214316650154199095e-01
4.291542891681173200e-01 1.675621835553029182e-01
1.813448724547894186e-01 6.233970762905934049e-02
7.563256784248720277e-02 3.212551569984170574e-02
9.996763542142809156e-01 3.235410391244641914e-04
9.996763542142809156e-01 3.235410391244641914e-04
7.662953497074218023e-02 3.300505860886010501e-02
7.489216962215990842e-03 3.813353329745968173e-03
3.934861893824754230e-03 1.959608862990819701e-03
3.068677684985765173e-04 1.533406297180747149e-04
3.509117166433675617e-04 1.753692093020638068e-04
2.386955961195339751e-04 1.192945122776746530e-04
1.267681688133699973e-04 6.336926628192813030e-05
1.102380945141177886e-04 5.510854607376151470e-05
2.034475421166270532e-04 1.016935028701524644e-04
2.296081044240282228e-04 1.148519065058891677e-04
7.912049097845389335e-04 3.971694572636321288e-04
4.623898963981758008e-04 2.317072364589745483e-04
7.275093701733882428e-04 3.648846566035859537e-04
1.168371422595106401e-01 4.490225703477537800e-02
1.493105693573928971e-01 6.198933870568593130e-02
3.224418467633931029e-01 7.292642805834051445e-02
4.615330368850685816e-01 1.420817048846124697e-01
5.848090455257857201e-01 1.484019110596317415e-01
6.215380677877164750e-01 8.812874055646374716e-02
6.809216715232554451e-01 7.936096106227186198e-02
4.503670384740857680e-01 1.078587875005188323e-01
3.411842392877814656e-01 1.246416693196812364e-01
2.219784931588790200e-01 1.301700054003929741e-01
1.337462151922465259e-01 4.899751220164642873e-02
1.609363915711621573e-02 7.791408667413351682e-03
9.996763542142809156e-01 3.235410391244641914e-04
9.996763542142809156e-01 3.235410391244641914e-04
8.390603095821144719e-02 3.543781156456452669e-02
1.504706835333611062e-02 7.363669219426969420e-03
9.296448854544666707e-04 4.639597407606086766e-04
2.594519955606820229e-03 1.291744633450451216e-03
2.702113169050941559e-03 1.348433410605905190e-03
9.251904065857882546e-04 4.617435998554445865e-04
3.069581981688844843e-04 1.534046834421703401e-04
4.575238296291778465e-04 2.285788168493901905e-04
1.295696030982046183e-03 6.465119253550716521e-04
7.559305544927177704e-03 3.724151148198502279e-03
1.572151937502294910e-03 7.854449770564817792e-04
8.316897415935181614e-02 3.472119433603720884e-02
1.520010345924834028e-01 6.360231353944868771e-02
3.045307237014193702e-01 9.306494398969182569e-02
4.797906457461459939e-01 1.482176105651824005e-01
4.987554372730643171e-01 1.766717502869109002e-01
6.194022529891286544e-01 6.349561904167105864e-02
5.337767929533685507e-01 7.855708181428699977e-02
5.401184100525827647e-01 1.019692636520200257e-01
3.925893990706961767e-01 1.733088743348210614e-01
2.321952694541701279e-01 1.009559894259119683e-01
9.340929740737398401e-02 3.803970691643999980e-02
9.071385146691711421e-02 3.716325704300501437e-02
1.364196124669591823e-02 6.655665185292292639e-03
9.996763542142809156e-01 3.235410391244641914e-04
9.996763542142809156e-01 3.235410391244641914e-04
3.484638817900037600e-03 1.731992744885508867e-03
7.152897451997270416e-04 3.571372486867854584e-04
3.342107402790210451e-03 1.663732857197234866e-03
4.216845318122046382e-03 2.090660733384186541e-03
6.148008962826024800e-04 3.070430224079120137e-04
3.279779080278210322e-04 1.646473109764606986e-04
7.397733516833855313e-04 3.703555123489206684e-04
1.673165648895692066e-03 8.645120045770294083e-04
8.372560455502033039e-03 4.121687100239424147e-03
6.857530778593985687e-02 2.995190410268069175e-02
1.285687810398109809e-01 5.755572440240924736e-02
3.450287243710916663e-01 8.937714373728256056e-02
5.201398805155216243e-01 1.656221076658936919e-01
5.209314535710266592e-01 1.686395190042039305e-01
6.581542436862195533e-01 6.714697894432880565e-02
6.957133575533493985e-01 7.557912590257520602e-02
4.813984137008774367e-01 1.515996975914982725e-01
3.809957419713106419e-01 1.612211107688717726e-01
1.636091028404463021e-01 5.566174496295792085e-02
1.557151358907194472e-01 5.405968490323347087e-02
4.195649273441567906e-02 1.926625740320542235e-02
3.129297282259451557e-02 1.478102950728496859e-02
1.788670250550586718e-02 8.626713123401033578e-03
9.996763542142809156e-01 3.235410391244641914e-04
9.996763542142809156e-01 3.235410391244641914e-04
5.122555419399991983e-02 2.352201400781870830e-02
8.435203383357894533e-03 4.164812701690634791e-03
4.866550675244216140e-02 2.202075794220273094e-02
3.200749907336158245e-02 1.508707607584361572e-02
2.745550174160466244e-03 1.367061993622481963e-03
5.615260829813267969e-03 2.783911464203262225e-03
1.166871225270152586e-02 5.731362351401118535e-03
9.016961657198019342e-02 3.753576578190583046e-02
1.450013969921782053e-01 5.400581668572688315e-02
2.635020352699509183e-01 8.730848956865082389e-02
5.495800342757105605e-01 1.695340301362402435e-01
5.758220820103193693e-01 1.617136423509850096e-01
6.315402757894172936e-01 6.549446603417813373e-02
5.239319282091831065e-01 6.860584711902073529e-02
5.504228334058453020e-01 1.024272988781217419e-01
3.904629977149340903e-01 1.845727913548384780e-01
2.610695504725341065e-01 1.319260053296034407e-01
9.022413627743282316e-02 3.697941219544474689e-02
9.294090423511480736e-02 3.792614868975592579e-02
3.312549831148578483e-02 1.557333229405525113e-02
2.524836899316463407e-02 1.211286243430265142e-02
5.672704287673537536e-03 2.844381992884152058e-03
9.996763542142809156e-01 3.235410391244641914e-04
9.996763542142809156e-01 3.235410391244641914e-04
1.760624634405352495e-01 7.510624371686938638e-02
9.543791961329468887e-02 4.027421279583413144e-02
1.301123851985897528e-01 5.193463369905033239e-02
6.262081896503833567e-02 2.803858083502450832e-02
6.504457137997400606e-02 2.914633379474537711e-02
8.104712456666839093e-02 3.730478010394789462e-02
1.740314699604305071e-01 6.888727410481661206e-02
3.392453268362364827e-01 8.856724607346121159e-02
5.165508373996342550e-01 1.688330137660004615e-01
5.944238662090702841e-01 1.660816111289864505e-01
6.564628384054368437e-01 9.120202386173620335e-02
6.783617281154636913e-01 7.391939563030625049e-02
4.750702782224243137e-01 1.540610328335661194e-01
3.523803156691144856e-01 1.736787214161902848e-01
1.751827700596908233e-01 5.859766845683746228e-02
1.314534372272169183e-01 4.844881727463446613e-02
9.006183931910928531e-02 3.692150824087264693e-02
8.464721378982194289e-02 3.521987112079936338e-02
2.976875418699839390e-02 1.405057404223389143e-02
4.554927739496254097e-02 2.080730285902263055e-02
1.402742581153071204e-02 6.836481157530014362e-03
9.996763542142809156e-01 3.235410391244641914e-04
9.996763542142809156e-01 3.235410391244641914e-04
2.928397026650741419e-01 1.197475109896905671e-01
1.874535105823671444e-01 7.303076633144797714e-02
1.640488912192655246e-01 6.169423950368350951e-02
2.020939147411315029e-01 6.797335613115430830e-02
2.035972098186170365e-01 7.066242794355714896e-02
2.615900001185232360e-01 9.076271211906410119e-02
4.880286848547137901e-01 1.580221542611870977e-01
5.791756808357793052e-01 1.488706135405749031e-01
6.464585661844752806e-01 1.156729294233346805e-01
6.141290021505138030e-01 8.723822497002092780e-02
4.338357942229530417e-01 1.068563218414243232e-01
3.654426512807960048e-01 1.792646179298268694e-01
2.691795064889101474e-01 1.468963711264996697e-01
9.274546219167684180e-02 3.778773693834101832e-02
1.401460780494798684e-02 6.811741575809075397e-03
1.779500925807403489e-02 8.582322640933132823e-03
1.978149425911758172e-02 9.502469942707026523e-03
1.802871586029560977e-02 8.819104090609833357e-03
1.617746259823233182e-02 7.973005209647537200e-03
1.610044117207345624e-02 7.825998210732388813e-03
9.996763542142809156e-01 3.235410391244641914e-04
9.996763542142809156e-01 3.235410391244641914e-04
4.689987277636371021e-01 1.228120033951030643e-01
2.513849590599790407e-01 7.965066503491009808e-02
2.649740964145503863e-01 8.329553243851846311e-02
2.499354158162307160e-01 9.962014052609974302e-02
3.830570063218408094e-01 1.439321132190633790e-01
4.821787643914577370e-01 1.530015629048979142e-01
5.404274538004731898e-01 1.124680806004184630e-01
6.453956550091278777e-01 1.005896531517631032e-01
4.470223200698438260e-01 1.459627031162428756e-01
2.876883701633435320e-01 1.592654155998169951e-01
2.204895577115182637e-01 1.079528903696408693e-01
1.346777113813349414e-01 7.262559495791812147e-02
7.941885124108749583e-02 3.340747527280708840e-02
1.013755657529898276e-02 4.966097533673731121e-03
1.063853325701085047e-02 5.206209027624935162e-03
1.751103385589209555e-02 8.449866557838664471e-03
1.246830488845702273e-02 6.084507125104764505e-03
1.676407704985222180e-02 8.119717527730035272e-03
1.706842507371229140e-02 8.259208268571733083e-03
9.996763542142809156e-01 3.235410391244641914e-04
9.996763542142809156e-01 3.235410391244641914e-04
3.755894546730275119e-01 1.103220248034577911e-01
2.979293469519815329e-01 1.080147620511244522e-01
3.972335883891364716e-01 1.487470027217851765e-01
4.377817664079030058e-01 1.419421596906760563e-01
4.697687846973430115e-01 1.116222557740446653e-01
4.486966770676460436e-01 1.156078251486618580e-01
4.139110489710715046e-01 1.284334974105509619e-01
3.133311403300321207e-01 1.596462104246735847e-01
2.048546456797048498e-01 1.150485329401331192e-01
8.308115577110575245e-02 3.634823101265542700e-02
4.207041796939966355e-02 1.930167162012383364e-02
1.256107033439862221e-02 6.127338968320295877e-03
9.909455694540375906e-03 4.856532945215985553e-03
9.158060132486649241e-03 4.495160257205390447e-03
9.569961312970991230e-03 4.693663061647009374e-03
7.926431942529309216e-03 3.901871046288094783e-03
1.208081804837643318e-02 5.896617328751812062e-03
1.670473021611161568e-02 8.083792400957670946e-03
9.996763542142809156e-01 3.235410391244641914e-04
9.996763542142809156e-01 3.235410391244641914e-04
4.516240290809206415e-01 1.384511165726577120e-01
4.432755146755580911e-01 1.407871955038290379e-01
4.824973088862731796e-01 1.316580199806663132e-01
4.669020164561191177e-01 1.270054334391155781e-01
3.256232202962738853e-01 1.234031453679524520e-01
2.642477779560455931e-01 1.256487544765559905e-01
1.865703786517322604e-01 7.806345138414191864e-02
1.008146129000644792e-01 4.713696953659485267e-02
5.047815264922166090e-02 2.277104001722851309e-02
1.306114846598807090e-02 6.486727771062478047e-03
1.004053067708300835e-02 4.919528684962627685e-03
6.587574145112305105e-04 3.289598807951882287e-04
5.764328106773052192e-04 2.878853217112029104e-04
6.897517525282808497e-04 3.444035822532773468e-04
9.652301329968473401e-04 4.817303976187969753e-04
9.843518763908324504e-03 4.825689400709841370e-03
1.200528829689459162e-02 5.868222819952338860e-03
9.996763542142809156e-01 3.235410391244641914e-04
9.996763542142809156e-01 3.235410391244641914e-04
5.001232731960187916e-01 1.178705912089798025e-01
4.276603968045177839e-01 1.233364034151357980e-01
4.539539062546966153e-01 1.178752643618314611e-01
3.574322111478063779e-01 1.190472721906302433e-01
2.472390865441000674e-01 1.084885985814221104e-01
1.284678044361453053e-01 6.087101068956982802e-02
7.637074873095085759e-02 3.412174066827459301e-02
2.344970130832253058e-02 1.124759839283708679e-02
1.691885054842724723e-02 8.973450485074582067e-03
1.049753929311165318e-02 5.145877309148439577e-03
6.733061199337324679e-04 3.414798778040246193e-04
6.975329109533416790e-04 3.498840186936448982e-04
2.124815787635459408e-03 1.058636513588022974e-03
2.520303383161507944e-03 1.264555131258511111e-03
8.529082919517554442e-03 4.234052734486310615e-03
1.182600221789391164e-02 5.821249883518069164e-03
9.996763542142809156e-01 3.235410391244641914e-04
9.996763542142809156e-01 3.235410391244641914e-04
4.013197359474808823e-01 1.340308010047818188e-01
3.218575743281172352e-01 1.211293388321856984e-01
2.478711675110527868e-01 1.009939076743083253e-01
1.714332185110515883e-01 9.143708850517849596e-02
6.837679525670431468e-02 3.745844174769166757e-02
2.558998607365874436e-02 1.302711676121544142e-02
1.300680988012154968e-02 6.356668234316686060e-03
2.412825611995920039e-03 1.205954241175352659e-03
9.853162760070821764e-04 4.916919785842524147e-04
2.515257754977249572e-04 1.257042855137251852e-04
1.852249151468019807e-04 9.445204935745897990e-05
6.514446677311004933e-04 3.290086196877987880e-04
1.050992776702064152e-03 5.350664175886529501e-04
4.021394616681718895e-03 2.018894387777946716e-03
8.222998547296406571e-03 4.084572406994746788e-03
9.996763542142809156e-01 3.235410391244641914e-04
9.996763542142809156e-01 3.235410391244641914e-04
5.311301016014882137e-01 1.203142777263762064e-01
2.876424530486192954e-01 1.276321894074981533e-01
2.000548964344836533e-01 1.177972342200610534e-01
7.451110609423976239e-02 3.982717870221293838e-02
1.423495563692508091e-02 7.236875133761251459e-03
9.014577673201091407e-03 4.426409156924743238e-03
1.210577879205244206e-03 6.064530232148210862e-04
6.611745477852627294e-04 3.301793048599325976e-04
3.304209059016238953e-04 1.652694052162081962e-04
3.865640706358508408e-04 1.946060487835604702e-04
9.534164110510194015e-04 4.833044870384030898e-04
1.498703287599837492e-03 7.589099731105244462e-04
5.391654428219504191e-03 2.683512381296776148e-03
1.100682035401398355e-02 5.421525028390479159e-03
9.996763542142809156e-01 3.235410391244641914e-04
9.996763542142809156e-01 3.235410391244641914e-04
3.094546619272118826e-01 1.037080184703675356e-01
1.463468392399436824e-01 6.933528726486533345e-02
7.839966380556699643e-02 3.928729941879319926e-02
1.072189289990585492e-02 5.267172491752801326e-03
3.629570470719004939e-03 1.803279578982528667e-03
3.524138452811137988e-03 1.762879649670616531e-03
8.431065750218142774e-04 4.217669571259403667e-04
4.922073600386680809e-04 2.459339375427441144e-04
5.983798444351205812e-04 2.989708418829020611e-04
9.324843431399863942e-04 4.659246318516929762e-04
1.460246777856240036e-03 7.303098675619651425e-04
6.105067558664740816e-03 3.023099079836265215e-03
1.100561376532929909e-02 5.385694443187479669e-03
9.996763542142809156e-01 3.235410391244641914e-04
9.996763542142809156e-01 3.235410391244641914e-04
2.229387918040652283e-01 9.593562791085870345e-02
4.055703759239068229e-02 1.959311126186322541e-02
8.848148015255361334e-03 4.359029126708121801e-03
2.089864662928807640e-03 1.049318650447536583e-03
2.277191966813376343e-03 1.138829191126488607e-03
1.126036701261965128e-03 5.664959298600219647e-04
1.209281429902175041e-03 6.038367109209369843e-04
1.141112363890765726e-03 5.712742357804497222e-04
1.509324080359450470e-03 7.536035520186290916e-04
2.948975541798762486e-03 1.467322871291839963e-03
1.109436081659169807e-02 5.432446924311993761e-03
1.654152171201316718e-02 8.003182829589334038e-03
9.996763542142809156e-01 3.235410391244641914e-04
9.996763542142809156e-01 3.235410391244641914e-04
3.595608831155209378e-02 1.710648705020912166e-02
1.992868386893993909e-03 9.932294596738508365e-04
9.424375436577841179e-04 4.707094583865918495e-04
1.456816248434687853e-03 7.312354373461502901e-04
1.156126035261962129e-03 5.779379394649930427e-04
2.392002836558060081e-03 1.193511789649903806e-03
1.863752563910405337e-03 9.298616298914000322e-04
2.091416986839915362e-03 1.046960700838500723e-03
1.064515699766110240e-02 5.214592337579580274e-03
1.973056934397703771e-02 9.482581698952335589e-03
2.717702930062737207e-02 1.285962573327554051e-02
9.996763542142809156e-01 3.235410391244641914e-04
9.996763542142809156e-01 3.235410391244641914e-04
3.820255417256846527e-03 1.897833207059998082e-03
1.475773992793599602e-03 7.375033257840787806e-04
4.454203964935950916e-03 2.229790131319696160e-03
4.375000663041072983e-03 2.203185119771690695e-03
3.377201086240566152e-03 1.681828043206729873e-03
2.372717723314803767e-03 1.183283851497786811e-03
1.393376475113183507e-02 6.779576761312102601e-03
1.968682491600584963e-02 9.464521484104459689e-03
2.533859579618679206e-02 1.203953601268169075e-02
3.209491320288826444e-02 1.502904101894081759e-02
9.996763542142809156e-01 3.235410391244641914e-04
9.996763542142809156e-01 3.235410391244641914e-04
3.777554830363212546e-02 1.842973717159255773e-02
2.682439621020992621e-02 1.310776768984289568e-02
1.101105375862206082e-02 5.573879266611576032e-03
6.451497785250654045e-03 3.200221559472860890e-03
1.315692973537937321e-02 6.412420351980558687e-03
2.265144831100623923e-02 1.084092324521703128e-02
3.784954466347833363e-02 1.755066798280884022e-02
3.684709115991958994e-02 1.714956294557539937e-02
3.430266951655799867e-02 1.615329546049175044e-02
9.996763542142809156e-01 3.235410391244641914e-04
9.996763542142809156e-01 3.235410391244641914e-04
1.934087992859812866e-01 1.157168677663326373e-01
1.278971820089935124e-02 6.358373930688365414e-03
1.285500807532681013e-02 6.284563672798761103e-03
2.056196186067984003e-02 9.874165919949804554e-03
3.257031638354761921e-02 1.527582884738097266e-02
4.068841951668639850e-02 1.872872860059816152e-02
5.841771313875002841e-02 2.674163663109208403e-02
5.612180683718061974e-02 2.597575659764712191e-02
9.996763542142809156e-01 3.235410391244641914e-04
9.996763542142809156e-01 3.235410391244641914e-04
6.279336635905245767e-02 2.776665855131846619e-02
1.985594237421949015e-02 9.564810100730757048e-03
3.488764429262837530e-02 1.624212345471269178e-02
3.640466021482338665e-02 1.690978872103114303e-02
3.662693830478074009e-02 1.710912950662544715e-02
7.426046205662045763e-02 3.303508975629394079e-02
6.551684606907419439e-02 2.954359759407237246e-02
9.996763542142809156e-01 3.235410391244641914e-04
9.996763542142809156e-01 3.235410391244641914e-04
2.310911245519514656e-02 1.153417195632354224e-02
3.498210203567261867e-02 1.631418688900924258e-02
7.172099227704238633e-02 3.220957126335825121e-02
7.821075503977764631e-02 3.468807446054952837e-02
6.950368600117708129e-02 3.148214146494305449e-02
6.127452828373320531e-02 2.805092870388591758e-02
9.996763542142809156e-01 3.235410391244641914e-04
9.996763542142809156e-01 3.235410391244641914e-04
8.609540805622492576e-02 3.999109186629945523e-02
9.905033039480298784e-02 4.304406035569899314e-02
8.711512736239243604e-02 3.842690411448463489e-02
6.620639901426224327e-02 3.010815773571076312e-02
2.380580033890112787e-02 1.135487422490301899e-02
9.996763542142809156e-01 3.235410391244641914e-04
9.996763542142809156e-01 3.235410391244641914e-04
3.258331928612106521e-01 1.638237763848386930e-01
9.623907649523152918e-02 4.277180121684232700e-02
7.177546854242533581e-02 3.268706342138409660e-02
2.912007542433427913e-03 1.452532720381809845e-03
9.996763542142809156e-01 3.235410391244641914e-04
9.996763542142809156e-01 3.235410391244641914e-04
8.057107596410666150e-02 3.701450679587226650e-02
2.302032267409128904e-02 1.110762003049922675e-02
1.468536695905498912e-03 7.322949659678799905e-04
9.996763542142809156e-01 3.235410391244641914e-04
9.996763542142809156e-01 3.235410391244641914e-04
4.423350127101753106e-03 2.198508584838111159e-03
4.392508660092524523e-04 2.195946359255678047e-04
9.996763542142809156e-01 3.235410391244641914e-04
9.996763542142809156e-01 3.235410391244641914e-04
3.888941196321402203e-03 1.943213098886118970e-03
9.996763542142809156e-01 3.235410391244641914e-04
9.996763542142809156e-01 3.235410391244641914e-04
9.996763542142809156e-01 3.235410391244641914e-04
