1.893040704782065304e-03 1.889457101672103448e-03
1.843025401521062798e-03 1.839628658890410818e-03
1.918230589243839421e-03 1.914550980650328625e-03
3.467468381868767102e-03 3.455445044889507607e-03
6.729911765540196218e-03 6.684620053168240268e-03
5.025181097398061930e-03 4.999928652336414758e-03
3.803637223846232686e-03 3.789169567715603912e-03
5.106421284186981116e-03 5.080345745855383531e-03
2.548297877132199921e-03 2.541804055061603652e-03
8.979373329930609438e-03 8.898744184532340895e-03
1.400476599798331336e-03 1.398515265091748597e-03
1.717520781649311840e-03 1.714570904013914621e-03
2.814750049260171440e-03 2.806827231420361193e-03
5.725003891248237747e-03 5.692228221693430672e-03
5.927075222080258228e-03 5.891945001392060073e-03
1.451084709398298665e-02 1.430028241059803223e-02
6.444668370532302508e-03 6.403134620126162656e-03
5.267304560968407573e-03 5.239560063630408979e-03
2.949388754634515303e-03 2.940689860608550806e-03
5.960113492578156605e-03 5.924590539733744221e-03
5.427490589819271207e-04 5.424544824409014039e-04
2.403750296453309454e-03 2.397972280965610103e-03
1.384145407352631047e-03 1.382229548843935587e-03
2.653438542615837396e-03 2.646397806516397923e-03
2.568134605951276697e-03 2.561539290596992046e-03
3.776167886446730668e-03 3.761908442540099189e-03
6.240603609183641848e-03 6.201658475776685928e-03
1.201588424287459121e-02 1.187150276873642947e-02
2.327391180582126778e-03 2.321974430874675435e-03
2.243614914563791130e-03 2.238581106678938157e-03
4.565021126003899858e-03 4.544181708123038073e-03
3.549707566968404986e-03 3.537107143157412412e-03
1.310874654601999626e-03 1.309156262241921659e-03
3.039734390113349276e-03 3.030494404950911675e-03
4.076461874712348533e-03 4.059844333296365286e-03
2.398357646772424079e-03 2.392605527370592414e-03
2.065324906409504637e-03 2.061059339440469290e-03
2.558300692488642714e-03 2.551755790055454821e-03
2.190059868983476599e-03 2.185263506753744658e-03
3.655175560277384040e-03 3.641815251900935076e-03
2.554249642199800906e-03 2.547725450965123133e-03
4.059147850039715628e-03 4.042671168771233385e-03
1.694466955954203975e-03 1.691595737689383268e-03
1.931118487056758754e-03 1.927389268445706474e-03
1.957292967227318003e-03 1.953461971467760488e-03
4.076074675767663025e-03 4.059460291005228573e-03
4.934106564385112165e-03 4.909761156796404319e-03
4.767235941762924464e-03 4.744509403238488660e-03
3.646401188558510888e-03 3.633104946930589777e-03
5.539557770510993191e-03 5.508871070218164870e-03
2.952994864161548327e-03 2.944274685493783895e-03
8.732289053742462587e-03 8.656036181624351608e-03
9.897863260774381489e-04 9.888066491061482319e-04
2.935271789254406769e-03 2.926655968777613914e-03
2.899195207657419282e-03 2.890789874805315372e-03
6.431950527928263252e-03 6.390580540334546943e-03
8.019038333021659762e-03 7.954733357235189636e-03
1.164301948304893169e-02 1.150745958036627527e-02
7.803738676574924725e-03 7.742840339242653032e-03
7.243242340828379838e-03 7.190777781220411037e-03
3.734725380317047757e-03 3.720777206650663360e-03
6.394152292061638064e-03 6.353267108527561186e-03
8.601030711548219177e-04 8.593632938618119780e-04
2.077672740641341685e-03 2.073356016624137554e-03
1.660741013304958564e-03 1.657982952591685339e-03
3.285261541067582489e-03 3.274468597674364857e-03
2.327226252971735954e-03 2.321810270939215180e-03
3.571362156469702880e-03 3.558607528817038859e-03
5.050427305721214531e-03 5.024920489750840137e-03
8.169478240442302336e-03 8.102737865721241703e-03
2.757346994658601506e-03 2.749744032209648723e-03
2.720518528786628962e-03 2.713117307721157716e-03
5.232223117270146974e-03 5.204846958521251038e-03
4.025830213301392381e-03 4.009622904395062325e-03
1.378960327976419932e-03 1.377058796390287065e-03
3.099337151096319236e-03 3.089731260320153529e-03
4.279736064668028875e-03 4.261419923884808732e-03
2.664303719879926747e-03 2.657205205568160741e-03
2.286844253318827402e-03 2.281614596679889910e-03
2.838022418565993004e-03 2.829968047317709626e-03
2.468103102758110318e-03 2.462011569832266069e-03
5.157318687652737849e-03 5.130720751606725714e-03
3.165094642616426025e-03 3.155076818519707022e-03
4.382595583308202501e-03 4.363388439261369628e-03
1.937494271019042386e-03 1.933740386968810709e-03
2.207100981111255206e-03 2.202229686370433138e-03
2.619732969889235815e-03 2.612869969055710978e-03
4.952143228769734055e-03 4.927619506211484458e-03
7.411213848063126497e-03 7.356287757361404042e-03
5.759705259231983482e-03 5.726531054558758535e-03
3.621451456389959168e-03 3.608336545738970256e-03
6.399839109066299443e-03 6.358881168444364615e-03
3.149601805408919382e-03 3.139681813876284144e-03
1.233817458975876129e-02 1.218594403755139319e-02
2.035808743872987575e-03 2.031664226631358077e-03
3.831656028787771336e-03 3.816974440864825870e-03
4.283919930987770998e-03 4.265567961012657096e-03
1.104712572595006013e-02 1.092508673914511196e-02
1.071352958834843536e-02 1.059874987210801880e-02
1.640612386748898158e-02 1.613696296713358971e-02
8.612076027615210225e-03 8.537908174109785919e-03
6.489195807154181719e-03 6.447086144930593878e-03
4.626600680395221744e-03 4.605195246539388158e-03
7.759905798684532674e-03 7.699689660680074897e-03
1.626974582858697069e-03 1.624327536565428869e-03
3.383081601384054990e-03 3.371636360262431770e-03
3.447142750538209101e-03 3.435259957395621084e-03
4.952292530639169389e-03 4.927767329330145184e-03
3.277748606383724082e-03 3.267004970457073644e-03
5.247428885650503617e-03 5.219893375740544336e-03
7.728772393593028034e-03 7.669038470881061990e-03
1.367646271114779030e-02 1.348941707885837477e-02
3.206703588108212721e-03 3.196420640206226738e-03
3.894033339575873800e-03 3.878869843926145179e-03
5.669656706947931966e-03 5.637511699773292695e-03
3.910549182105895610e-03 3.895256787200226598e-03
1.215405346516219062e-03 1.213928136359878869e-03
2.846887941302968066e-03 2.838783170352631845e-03
4.711779685037628326e-03 4.689578817237295000e-03
2.765913486903563527e-03 2.758263209486528332e-03
2.365931810381670126e-03 2.360334177050294087e-03
2.836559222599132485e-03 2.828513154375820234e-03
2.837790432606863283e-03 2.829737378067468095e-03
6.061815486748706357e-03 6.025069879753319757e-03
4.953702117209237039e-03 4.929162952543193581e-03
6.913462152429785366e-03 6.865666193496705941e-03
3.243417654617003574e-03 3.232897896534722097e-03
4.192155969944451506e-03 4.174581798268110593e-03
4.939472185595213984e-03 4.915073800122945168e-03
1.111091720682011105e-02 1.098746472564329953e-02
1.098387210978290889e-02 1.086322666325884208e-02
1.362689374481195967e-02 1.344120151167956488e-02
1.066755141873940334e-02 1.055375476546795491e-02
1.750303717750210236e-02 1.719668086706508184e-02
1.350816314887273717e-02 1.332569267721617386e-02
3.392372040419712464e-02 3.277290159813498610e-02
7.416444872749756480e-03 7.361441218199220662e-03
1.643753002655267206e-02 1.616733763317885000e-02
7.997613988342498759e-03 7.933652158835966320e-03
1.760162792422251613e-02 1.729181061863974481e-02
1.202363269074646634e-02 1.187906494766447982e-02
1.775417564588320854e-02 1.743896489301833760e-02
1.363167399199236539e-02 1.344585145616840512e-02
1.382912043877690574e-02 1.363787586666670784e-02
1.403137793149592839e-02 1.383449836483945788e-02
3.043169212136697180e-02 2.950560423599730281e-02
9.333103044730119494e-03 9.245996232286569569e-03
1.376840779631952755e-02 1.357883874307377545e-02
1.103587656927204619e-02 1.091408599761983789e-02
1.259754414647894227e-02 1.243884602795645652e-02
7.711903950339622088e-03 7.652430487800358262e-03
9.658042288941478745e-03 9.564764508086496392e-03
1.181983918702853714e-02 1.168013058862132220e-02
1.926579670244150597e-02 1.889462577986170122e-02
8.817828205898338087e-03 8.740074111629601850e-03
1.023461587384604833e-02 1.012986851176086653e-02
1.292735669461558649e-02 1.276024014350576365e-02
1.017038161683391992e-02 1.006694495460188667e-02
3.116049805574698170e-03 3.106340039183876165e-03
6.350617378458561606e-03 6.310287037370981671e-03
1.207172260169282925e-02 1.192599611512060696e-02
7.021831139104598579e-03 6.972525026558499574e-03
5.764048497584008633e-03 5.730824242501508271e-03
7.562260019184384452e-03 7.505072242586630256e-03
8.372296549248566325e-03 8.302201199740006157e-03
1.883387748226111186e-02 1.847916254124428934e-02
1.509011452077850188e-02 1.486240296452829082e-02
2.390784733068153020e-02 2.333626216669435274e-02
6.623006060664974638e-03 6.579141851385369479e-03
5.555183279137140481e-03 5.524323217872335878e-03
8.402835115442880073e-03 8.332227477465559487e-03
1.392992747067237774e-02 1.373588459133418503e-02
1.297229569103771317e-02 1.280401523554199755e-02
1.862043174458474087e-02 1.827371126623000136e-02
2.011771264743629842e-02 1.971299028527147973e-02
2.110208986779219670e-02 2.065679167100381922e-02
1.499777101145587273e-02 1.477283787614380728e-02
2.637225696390128188e-02 2.567676102653124182e-02
8.857757782804634439e-03 8.779297909865799165e-03
1.010247840957193000e-02 1.000041833955606259e-02
7.076761011745596672e-03 7.026680465328233836e-03
1.165945919617831540e-02 1.152351620743096751e-02
7.071630202027686003e-03 7.021622248313455668e-03
8.082529292274154287e-03 8.017202012513683848e-03
5.501405110667144729e-03 5.471139652475470218e-03
5.880666898148606374e-03 5.846084654981625883e-03
1.724647217733543680e-02 1.694903137477183144e-02
2.665361468980801535e-02 2.594319951377526551e-02
1.615461372385955038e-02 1.589364217929243803e-02
2.763424075111434175e-02 2.687058948922379370e-02
1.745243051527060191e-02 1.714784318438025354e-02
1.279927738152687212e-02 1.263545588003760732e-02
6.175274414512509080e-03 6.137140400417976684e-03
7.835129358112705861e-03 7.773740106054346198e-03
1.016008884753934888e-02 1.005686144214945621e-02
1.466154762413330107e-02 1.444658664539857224e-02
6.671373563848909810e-03 6.626866338620487906e-03
5.992300628531498433e-03 5.956392961708799859e-03
6.128783869037401563e-03 6.091221877324028491e-03
4.021574502704984393e-03 4.005401441224177433e-03
5.511934150623545555e-04 5.508896008815464956e-04
1.254129238392385354e-03 1.252556398245794787e-03
4.531259287715128786e-03 4.510726976982623766e-03
2.258047498153447318e-03 2.252948719649530349e-03
2.064112729522288390e-03 2.059852168162112310e-03
2.637093643733633315e-03 2.630139380847813010e-03
4.758945669484016504e-03 4.736298105598915793e-03
8.546480260259945935e-03 8.473437935420933750e-03
1.502325581069260778e-02 1.479755759553909832e-02
2.827371534766562333e-02 2.747431236810480085e-02
3.489403832290580501e-03 3.477227893185776478e-03
4.309384699310738961e-03 4.290813902824085549e-03
6.324292264165921364e-03 6.284295591523332558e-03
1.369373178785914837e-02 1.350621349758132465e-02
1.363622764065049175e-02 1.345028093638285169e-02
1.692840722245966822e-02 1.664183625137024419e-02
1.306136719284039030e-02 1.289076787989418271e-02
1.872121722686851536e-02 1.837073325241291716e-02
1.551079303930864850e-02 1.527020833860038250e-02
2.806570483890575424e-02 2.727802105080117528e-02
7.357937934069289955e-03 7.303798683427674063e-03
1.739228746651980129e-02 1.708979580320173913e-02
6.695425417744646675e-03 6.650596696220065912e-03
1.503807208289667172e-02 1.481192847092627565e-02
6.408810088988772975e-03 6.367737242232048706e-03
8.909139447879011603e-03 8.829766682177258436e-03
4.015082629431483176e-03 3.998961740910320604e-03
7.177989530358249576e-03 7.126465996660317007e-03
2.275609605794444434e-02 2.223825615014604976e-02
5.019176251064555450e-02 4.767254948672051268e-02
2.470429779437097184e-02 2.409399546485800972e-02
3.090277185084618419e-02 2.994779054278073199e-02
1.841256771894479033e-02 1.807354506894006188e-02
1.419675412419358143e-02 1.399520629653077351e-02
5.152506989012937792e-03 5.125958660741111034e-03
7.249838182672289390e-03 7.197278028997356261e-03
1.028706190533103595e-02 1.018123826268692300e-02
1.992062498766746653e-02 1.952379368776818377e-02
7.203806086962206631e-03 7.151911264823652969e-03
7.142680354489678272e-03 7.091662471843265293e-03
6.175564830126193186e-03 6.137427229155101999e-03
4.098661783972877906e-03 4.081862755553477759e-03
4.201043643887977558e-04 4.199278767118192509e-04
1.296845283032766740e-03 1.295163475344642337e-03
4.921439063048805435e-03 4.897218500597502744e-03
3.401432087689881638e-03 3.389862347442715220e-03
2.710285383656699937e-03 2.702939736795836705e-03
3.614709219744994574e-03 3.601643097001685188e-03
5.308182812790522218e-03 5.280006008016517420e-03
1.372112017054654028e-02 1.353285103181196131e-02
1.741724953542187621e-02 1.711388895404272401e-02
4.012218039007082321e-02 3.851239103081743886e-02
2.358496860123347402e-03 2.352934352684135904e-03
2.584791795880949598e-03 2.578110647252896022e-03
3.590415455383807065e-03 3.577524372241548244e-03
9.079081765616364708e-03 8.996652039909616358e-03
1.448678245393242130e-02 1.427691558806485662e-02
1.159877483095862402e-02 1.146424325337934425e-02
7.604544079961709536e-03 7.546714989297628566e-03
9.340565037598788992e-03 9.253318882377176494e-03
6.762714941766137695e-03 6.716980628382550854e-03
1.525700829420232989e-02 1.502423199211297064e-02
2.595371462468527846e-03 2.588635509440331654e-03
6.350483753901906697e-03 6.310155109993334337e-03
3.283735002514882265e-03 3.272952086948140941e-03
6.381704222437713410e-03 6.340978073655034047e-03
1.950584751734867279e-03 1.946779970861166678e-03
5.819219781791737725e-03 5.785356462922941478e-03
1.537799570638856330e-03 1.535434743119399367e-03
3.300382101283433171e-03 3.289489579268960965e-03
2.489505420606225733e-02 2.427529048213947910e-02
5.616106717630068440e-02 5.300700170991972521e-02
2.642763948574203964e-02 2.572921935695368645e-02
2.717241585055732087e-02 2.643407566740170120e-02
1.269446879667293290e-02 1.253331925864322946e-02
6.932130557362475506e-03 6.884076123298156664e-03
1.544650457928607419e-03 1.542264512891428335e-03
3.242897777566250330e-03 3.232381391570506371e-03
5.435353982199790657e-03 5.405810909287975252e-03
1.760294427725761154e-02 1.729308063002937476e-02
3.128500224657670276e-03 3.118712711001987367e-03
3.107737454627656007e-03 3.098079422540760304e-03
2.372029684884162295e-03 2.366403160058190656e-03
1.347592152848001937e-03 1.345776148237584451e-03
1.696998405428328622e-04 1.696710425069526110e-04
3.743802159373238523e-04 3.742400553912386013e-04
1.407060301453509198e-03 1.405080482761582837e-03
2.024456042296052943e-03 2.020357620028864157e-03
1.655602173374600208e-03 1.652861154818117571e-03
1.852846879946449263e-03 1.849413838385921939e-03
2.831029860207114838e-03 2.823015130137730352e-03
5.825783200640543419e-03 5.791843450739677865e-03
1.010649596176170506e-02 1.000435470113660019e-02
3.867505159024465372e-02 3.717929197473656550e-02
3.122336609658973774e-03 3.112587623754956966e-03
3.469807284461235916e-03 3.457767721869935834e-03
5.783846042961261757e-03 5.750393167912583488e-03
1.659086088852824645e-02 1.631560422350574954e-02
2.173238452130079809e-02 2.126008798431912317e-02
2.461514112036022883e-02 2.400923594798497901e-02
1.844727106798122601e-02 1.810696925812564986e-02
1.703358756285844669e-02 1.674344445759688021e-02
1.345038148689255662e-02 1.326946872474961403e-02
2.620676465521734610e-02 2.551997014152339663e-02
5.705360982599953258e-03 5.672809838658179372e-03
1.019508715288657170e-02 1.009114735083161893e-02
1.956158860974822195e-03 1.952332303485451812e-03
7.309410361674830402e-03 7.255982881839470600e-03
1.053491169980475591e-03 1.052381326335248774e-03
4.110552377496935576e-03 4.093655736648789574e-03
1.255033978323551094e-03 1.253458868036804374e-03
8.455780118099808992e-03 8.384279900694156101e-03
6.371829078412027947e-02 5.965827020367057282e-02
1.321695148960383981e-01 1.147007342281842757e-01
6.323879324088163556e-02 5.923964827031866220e-02
4.870085269516309656e-02 4.632907964192712474e-02
2.175502516302321027e-02 2.128174404317943746e-02
1.117741518779349907e-02 1.105248057751318305e-02
1.906564782063418064e-03 1.902929792795213628e-03
3.921659211241492263e-03 3.906279800272377360e-03
5.937591244652390236e-03 5.902336254863817765e-03
1.893966013711534391e-02 1.858094941100590924e-02
3.834500953762835871e-03 3.819797556198427802e-03
4.599578435692410101e-03 4.578422313906323204e-03
1.621976999269600459e-03 1.619346189883440808e-03
1.002665220300843563e-03 1.001659882756842680e-03
2.401139281912667632e-04 2.400562734927553187e-04
3.697352463652202673e-04 3.695985422128155069e-04
8.426328801733594951e-04 8.419228500026102293e-04
2.593072505150525228e-03 2.586348480133557511e-03
2.237203896917964487e-03 2.232198815641579358e-03
2.333021680292711279e-03 2.327578690131995240e-03
2.750325032104095502e-03 2.742760744321877039e-03
1.285214984718274431e-02 1.268697209148830427e-02
3.714900367614543120e-02 3.576895520201516659e-02
8.636532016609968498e-02 7.890635163870678148e-02
1.665583829617509016e-03 1.662809660124025656e-03
2.086841928510642374e-03 2.082487019276052162e-03
3.959127871787050321e-03 3.943453178281889661e-03
1.736347294785231185e-02 1.706198275504151179e-02
2.662688625572063456e-02 2.591789518404554946e-02
3.458399034226610630e-02 3.338793795427215383e-02
3.204226325380198775e-02 3.101555661937603972e-02
2.449657213559246552e-02 2.389649008919817949e-02
8.659692833722197267e-03 8.584702553747778145e-03
2.335062245388989238e-02 2.280537088490578596e-02
1.081132085786444368e-02 1.069443619917274935e-02
1.651999263496511244e-02 1.624708247830581112e-02
9.645469602567580516e-04 9.636166094182175342e-04
2.686221409469780486e-03 2.679005624009086518e-03
4.091623130459449845e-04 4.089948992475278761e-04
1.893179447966274144e-03 1.889595319544072182e-03
1.442189242771705921e-03 1.440109332959739388e-03
1.589664541601221170e-01 1.336961206118799095e-01
1.586851784243993313e-01 1.335041925728158718e-01
1.626591887908024892e-01 1.362011770927205601e-01
7.465999946194420978e-02 6.908588394228669383e-02
2.757043171122240330e-02 2.681030300647922401e-02
5.835088416623996146e-03 5.801040159794176518e-03
4.248419393042554906e-03 4.230370325703374651e-03
1.262544747567322491e-03 1.260950728327712642e-03
1.981183338932658057e-03 1.977258251510193715e-03
3.593082480217859448e-03 3.580172238508210966e-03
1.675600020722537928e-02 1.647523666428084288e-02
2.363287917916508801e-03 2.357702788133538615e-03
4.331803615252429254e-03 4.313039092691314975e-03
1.678716408655948509e-03 1.675898319875257676e-03
4.376130987701373049e-04 4.374215935459221135e-04
1.506190556813341119e-04 1.505963695813997648e-04
4.656158294884137267e-04 4.653990313877435538e-04
1.434645292721849815e-03 1.432587085605920929e-03
2.936975905952958141e-03 2.928350078480810095e-03
2.231237204497311510e-03 2.226258785034578632e-03
1.859229832613355868e-03 1.855773097042876353e-03
1.150433332423986526e-03 1.149109835571634390e-03
1.840535546705917430e-02 1.806659835719037072e-02
1.130857192199408445e-01 1.002973393284495446e-01
1.576151019692980382e-01 1.327725816005058124e-01
7.096803340121312677e-03 7.046438722472955947e-03
8.031271753766040453e-03 7.966770427783200978e-03
1.438288888437029393e-02 1.417602139171015088e-02
3.970510733939373871e-02 3.812861179056095673e-02
4.768209089284775049e-02 4.540850910093395532e-02
7.790468359294874801e-02 7.183554386723128848e-02
7.317169877789915511e-02 6.781760127585555187e-02
8.872260601820544657e-02 8.085090519954374333e-02
8.269499022738602267e-02 7.585652881867854802e-02
6.909846491014987047e-02 6.432386705721065967e-02
3.336219329702477809e-02 3.224915735543673612e-02
8.633286319349449400e-02 7.887949992630785556e-02
1.822016497759476952e-02 1.788819056578399777e-02
3.780508719516828542e-02 3.637586257733400885e-02
7.025953717835574548e-03 6.976589692190406609e-03
6.649111887084938576e-03 6.604901198197963945e-03
1.297261141175030386e-01 1.128972494334756216e-01
1.686168596100614536e-01 1.401852142653022826e-01
1.715029518513251916e-01 1.420896893576072129e-01
1.668084216641715078e-01 1.389833721260794741e-01
2.185428490077656952e-02 2.137667513225225899e-02
1.451542020276252488e-02 1.430472277909975928e-02
7.049210281311190686e-03 6.999518915721047313e-03
9.755064781526025242e-03 9.659903492634255504e-03
4.143431134062862745e-03 4.126263112500140953e-03
8.666586646930854801e-03 8.591476922822095449e-03
2.164622116984247710e-02 2.117766227890873973e-02
3.349334395692359079e-02 3.237153986750680029e-02
2.016285961207292879e-02 1.975631870433676787e-02
1.880471401954399852e-02 1.845109675018716255e-02
9.535755457049962039e-03 9.444824824913303565e-03
6.194798752618744728e-03 6.156423221033297845e-03
9.965582484664588583e-03 9.866269650405934399e-03
6.437882956847627847e-03 6.396436619881558545e-03
1.407510724932676920e-02 1.387699860524671883e-02
5.378962805286397614e-03 5.350029564425743192e-03
3.979434019316712735e-03 3.963598124202617409e-03
5.528717489956568205e-03 5.498150772872816353e-03
3.769138666035559693e-02 3.627074603197516511e-02
2.046933361349755343e-01 1.627939742769094478e-01
2.129984783000807291e-01 1.676301265419307684e-01
2.033938018038091988e-01 1.620247631916019726e-01
1.401939935296166737e-03 1.399974499713988515e-03
1.260411648549081103e-03 1.258823011025282960e-03
2.483335084814364008e-03 2.477168131670893884e-03
1.054290126888214434e-02 1.043174850171674738e-02
1.746086167612765500e-02 1.715597998565479218e-02
3.631773278521158166e-02 3.499875507055354856e-02
4.176929694506099217e-02 4.002462277777631139e-02
7.980593582559089572e-02 7.343694843259256089e-02
1.194475578895839302e-01 1.051798388037984283e-01
5.902978536555841121e-02 5.554526980525451713e-02
1.935260352069985770e-02 1.897808025767045229e-02
2.098237116251679135e-02 2.054211126291517406e-02
3.008668112187691882e-02 2.918147274094741450e-02
2.533037017039920305e-02 2.468874251742975492e-02
1.190829651590098086e-03 1.189411576330991855e-03
1.826941707685618421e-01 1.493170107357494059e-01
1.671155458244129033e-01 1.391879401682214468e-01
1.668330595809993655e-01 1.389997898118420783e-01
1.738254480407053493e-01 1.436101616541533843e-01
1.521609996295087142e-01 1.290080298212573640e-01
4.471624253813702259e-03 4.451628830346407092e-03
2.126896896135298427e-03 2.122373205728508329e-03
4.047132091376099555e-03 4.030752813211053477e-03
5.424955204771788470e-03 5.395525065798007641e-03
2.414582002893525450e-03 2.408751796644828004e-03
1.477643358892358379e-03 1.475459928996279788e-03
2.340569866049979804e-03 2.335091598752118709e-03
2.443280693294297076e-02 2.383584487832050500e-02
1.385602648826874056e-03 1.383682754126437956e-03
2.155309567158350450e-03 2.150664207828066003e-03
6.081949873972942967e-04 6.078250862545991548e-04
1.287633717660093078e-03 1.285975717069237937e-03
1.056286302686389005e-03 1.055170561933146088e-03
3.553223985764119523e-03 3.540598585071109885e-03
3.426073771634763430e-03 3.414335790146079755e-03
3.747438157537938495e-03 3.733394864793367247e-03
5.127935836910724014e-03 5.101640110963250908e-03
1.640331700286280781e-02 1.613424819416639858e-02
1.739277121124594983e-01 1.436768630717848994e-01
1.998442311432282181e-01 1.599065144220001844e-01
1.936173768364937153e-01 1.561296882234489147e-01
1.643186271651763952e-01 1.373180159317281546e-01
2.501111395829276347e-03 2.494855837614929489e-03
2.824133509794257962e-03 2.816157779713114942e-03
3.338263199906195498e-03 3.327119198714347404e-03
2.165712780586009217e-02 2.118809662106073410e-02
1.282410229773747745e-02 1.265964469799464240e-02
1.898705026512905597e-02 1.862654218735851699e-02
2.590990593727675664e-02 2.523858271159822725e-02
5.718429067861918041e-02 5.391424757820236641e-02
1.270331192376720764e-01 1.108957058544194629e-01
8.804130562861818554e-02 8.029003413182643489e-02
1.354571890053492267e-01 1.171085389521183268e-01
2.122204435841875195e-02 2.077166919166805945e-02
2.317461031610205252e-02 2.263754775279886930e-02
2.450418381692677852e-02 2.390372879239304263e-02
1.275817687769257303e-01 1.113046610526767927e-01
1.756365268319886319e-01 1.447883372743847818e-01
1.670698950238971858e-01 1.391575452006011682e-01
1.690330203579076540e-01 1.404608583865908367e-01
1.527918990560127484e-02 1.504573626142984705e-02
4.836417646164320808e-03 4.813026710516190784e-03
3.719565729650156031e-04 3.718182212728437402e-04
2.926472543715002983e-03 2.917908302165885068e-03
3.557717705179334368e-03 3.545060349909587901e-03
4.861996386223038299e-03 4.838357377363391998e-03
1.903382870811359340e-03 1.899760004458461281e-03
7.466940744452187648e-04 7.461365224044071674e-04
6.975659529016295986e-04 6.970793546429820530e-04
1.159893448611641273e-03 1.158548095799509080e-03
4.376344237041736394e-04 4.374428998153627544e-04
1.391635263351899106e-03 1.389698614645694559e-03
1.021832535590242591e-03 1.020788393859451901e-03
6.982559058413319482e-03 6.933802927409089822e-03
3.103897786230255373e-03 3.094263604762890248e-03
4.379176730486540429e-03 4.359999541649705809e-03
2.017015968413538030e-02 1.976332434245186079e-02
3.221982317018409325e-03 3.211601146967230178e-03
8.525356151361809798e-03 8.452674453854247885e-03
1.380955155664157497e-01 1.190251441468615778e-01
2.108427497141961149e-01 1.663880846071529862e-01
2.059588271642096013e-01 1.635397886773528320e-01
2.079164465418231744e-01 1.646871977992443448e-01
9.427197870392306500e-02 8.538477273517014465e-02
3.987063506843756960e-03 3.971166831436151630e-03
3.309453623443063194e-03 3.298501140157342887e-03
3.608912717105152313e-03 3.595888466105469101e-03
8.233472100580155675e-03 8.165682037749123767e-03
8.646968131737254454e-03 8.572198073865975460e-03
8.263171166023298986e-03 8.194891168304300338e-03
1.054615832418432514e-02 1.043493686878556315e-02
7.483953865889259038e-02 6.923858211221671499e-02
1.356936757225475632e-01 1.172809020914516720e-01
1.393657455437946890e-01 1.199429345128169566e-01
1.440532017585016422e-01 1.233018768216260636e-01
1.173151676703928087e-01 1.035523191048604297e-01
4.558427833783869343e-02 4.350635190625714438e-02
1.883374447126782703e-01 1.528664516317771171e-01
1.781023547279793617e-01 1.463819059683283685e-01
1.896323101227474772e-01 1.536718970802576079e-01
1.754308729680326140e-01 1.446548817777066065e-01
1.670492685930247412e-01 1.391438104555602073e-01
2.221196412732203557e-02 2.171859277692859622e-02
5.971898985420451625e-03 5.936235407928386158e-03
4.190575554517295132e-03 4.173014631039177573e-03
4.522576573616794195e-03 4.502122874752567151e-03
3.286668135489085631e-03 3.275865948056246122e-03
3.229203859917991783e-03 3.218776102349082350e-03
1.971510873027178430e-03 1.967624017904714018e-03
5.512075333899854558e-04 5.509037036451195409e-04
6.873857426512702254e-04 6.869132434920699731e-04
6.109457416790900833e-03 6.072131946863319231e-03
3.777890105662692791e-04 3.776462860297646342e-04
5.633952579702080840e-04 5.630778437535047167e-04
2.918610755170262996e-03 2.910092466430067287e-03
5.263822388600567989e-03 5.236114562461835834e-03
3.034696102591784381e-03 3.025486722156698564e-03
1.095726235064700162e-02 1.083720075242609535e-02
4.156958056000519854e-03 4.139677755721171866e-03
1.306148186011176632e-02 1.289087955172973747e-02
1.555322269822009551e-01 1.313419533521580918e-01
2.000392333372350007e-01 1.600235384630862567e-01
2.022656522909862253e-01 1.613542581942880860e-01
1.903983777762087437e-01 1.541468355163968518e-01
8.665681777812753173e-02 7.914741371069593245e-02
2.460190211761859470e-03 2.454137675883810623e-03
6.150954385989799295e-03 6.113120146131272546e-03
6.594799419870575087e-03 6.551308040482249975e-03
6.362179084956189577e-03 6.321701762247135953e-03
9.630510159155466696e-03 9.537763433229869831e-03
6.751350479748490646e-03 6.705769746448090284e-03
5.327798406179079863e-03 5.299412970322195729e-03
3.114030961023628568e-03 3.104333772197414871e-03
6.617768790856947206e-03 6.573973927087707267e-03
5.935434348702751939e-02 5.583140539625147669e-02
1.001716736670666130e-01 9.013730946180532888e-02
1.404745442063376482e-01 1.207414466363593425e-01
8.407957160443647882e-02 7.701019724325092186e-02
2.948673006915067951e-01 2.079205756744113009e-01
1.969973516449564366e-01 1.581893950898298207e-01
1.921873174596556155e-01 1.552513524673171663e-01
2.610763152967988665e-01 1.929154728878453295e-01
3.230242147202556924e-02 3.125897503906919367e-02
6.456719666729022339e-03 6.415030437874297102e-03
1.018568322723167711e-03 1.017530841295112565e-03
8.487151604658432769e-03 8.415119862297976497e-03
3.101045408406882288e-03 3.091428925781881075e-03
4.900079168239727598e-03 4.876068392384710556e-03
4.454248236924334380e-03 4.434407909568191183e-03
3.459848911761720120e-03 3.447878357269501450e-03
2.829043060251232116e-04 2.828242711787556539e-04
5.004929454778103606e-04 5.002424522893373022e-04
8.365053585702856339e-04 8.358056173553688774e-04
1.156682207289788655e-03 1.155344293561127869e-03
4.918056603180624882e-04 4.915637875105415694e-04
2.624247907347716183e-03 2.617361230268497319e-03
4.360438525358742955e-03 4.341425101225310570e-03
3.452974235467323304e-03 3.441051204396522369e-03
2.930104814392110388e-03 2.921519300168786554e-03
3.923781883555655173e-03 3.908385819285935432e-03
6.082141396395281119e-02 5.712216956737829754e-02
1.904708365803446102e-01 1.541916969927282777e-01
2.058463639414839785e-01 1.634736383935541104e-01
2.023946607385446461e-01 1.614310620430740584e-01
2.062096536500349908e-01 1.636872323915675997e-01
1.035090455178315771e-01 9.279492301381904451e-02
4.024293947550263914e-03 4.008099005773974391e-03
1.966911391608254078e-03 1.963042651185815685e-03
9.014247608965698585e-03 8.932990949009953982e-03
9.348921962762463123e-03 9.261519620896640700e-03
9.987913482106966501e-03 9.888155066380912087e-03
1.306900607439355835e-02 1.289820715462102266e-02
1.273992895987192779e-02 1.257762316996934374e-02
7.365130666224312811e-03 7.310885516493755357e-03
8.159595728066399226e-03 8.093016725620919005e-03
1.093102101617386343e-02 1.081153379571782834e-02
1.198241158047715776e-02 1.183883339319320542e-02
1.291416912886335644e-01 1.124641148597448348e-01
1.428181308557212037e-01 1.224211123545992930e-01
3.059927592213512182e-01 2.123611905254553789e-01
3.533154956573450467e-01 2.284836561857496451e-01
2.679893101834893709e-01 1.961710398108668929e-01
2.124909700313587502e-01 1.673385576864909463e-01
1.930540533127649838e-01 1.557841858122770706e-01
2.903425152571477777e-02 2.819126376405630546e-02
1.950777693130375384e-02 1.912722357050224836e-02
5.125570105724048739e-03 5.099298636815356896e-03
4.566100083219734075e-03 4.545250813249754676e-03
3.837196008141773029e-03 3.822471934936874042e-03
3.592292754692201929e-03 3.579388187456787693e-03
3.307555574591798837e-03 3.296615650712785440e-03
1.954120377942261851e-03 1.950301791490772650e-03
1.042992153353125952e-03 1.041904320721169855e-03
1.187817862120182618e-03 1.186406950846610958e-03
1.744623590685963734e-03 1.741579879212785736e-03
3.509311727946118082e-03 3.496996459142217781e-03
1.427594404481974085e-03 1.425556378698265804e-03
2.939041210484469140e-03 2.930403247247543013e-03
1.275382141506456110e-02 1.259116145437720255e-02
7.148619008847083810e-03 7.097516255113433745e-03
2.634209464989145048e-03 2.627270405483706633e-03
3.392515985817112084e-02 3.277424338676865334e-02
1.612677050029555637e-01 1.352604323260352681e-01
2.018317001375442565e-01 1.610956649571326782e-01
1.970645879498139075e-01 1.582301361259839667e-01
1.950453991748596905e-01 1.570026914355793224e-01
1.019244824337518229e-01 9.153588231436363132e-02
1.042234765861597967e-02 1.031372232789892242e-02
1.143037326634582622e-02 1.129971983333783250e-02
9.350083123770744006e-03 9.262659069349320901e-03
8.166828261068527148e-03 8.100131177222739953e-03
7.039718017101709302e-03 6.990160387341402479e-03
1.015303206442097830e-02 1.004994800431981833e-02
1.007009930397292571e-02 9.968692403981049485e-03
8.221590094991258757e-03 8.153995551301199823e-03
4.847603333916301535e-03 4.824104075833304979e-03
3.130562274563123901e-03 3.120761854408206186e-03
4.395075238675516874e-03 4.375758552321897844e-03
2.709167344240511269e-03 2.701827756541411944e-03
2.361723344777850314e-02 2.305945973205163549e-02
2.302167306552264092e-01 1.772169875816453355e-01
2.188153254546286453e-01 1.709351788008136031e-01
3.066939588902440339e-01 2.126327744704733513e-01
1.854576107774418836e-01 1.510630853821647579e-01
1.397449471158032364e-01 1.202162968714045876e-01
2.644977735745081965e-02 2.575018663519210160e-02
2.753476125014712658e-02 2.677659817304452183e-02
2.584854697148771668e-02 2.518039959095050989e-02
1.777258734398414614e-02 1.745672248308460101e-02
2.293035509322860835e-02 2.240455390852705286e-02
3.960537141120397571e-03 3.944851286674203560e-03
1.165001973795066689e-02 1.151429677805602611e-02
3.771109415699771400e-03 3.756888149474591886e-03
4.796242676950251103e-03 4.773238733134052558e-03
8.625967440353326729e-04 8.618526708925123084e-04
6.710876401866233383e-04 6.706372815658120847e-04
1.175502708244715189e-03 1.174120901627624626e-03
1.673155951396304358e-03 1.670356500558611498e-03
1.646831376453735665e-03 1.644119322871263238e-03
2.870961618857793135e-03 2.862719198240838789e-03
3.185899280539518982e-03 3.175749326313776627e-03
4.043145343445433276e-03 4.026798319177208804e-03
5.773633992760718488e-03 5.740299143278356116e-03
1.743916957516889188e-01 1.439792322045392869e-01
2.040625667620351580e-01 1.624210356085251106e-01
2.024297311879030559e-01 1.614519351190963625e-01
2.011203010602620189e-01 1.606709255616916021e-01
1.028504742523108362e-01 9.227225419838558373e-02
6.578593134498529268e-03 6.535315246869258417e-03
5.983127624339317635e-03 5.947329808170185618e-03
3.552155249839619895e-03 3.539537442920656900e-03
1.854682759795332845e-03 1.851242911655850759e-03
6.458233499007919910e-03 6.416524719080211880e-03
8.368639068585207591e-03 8.298604948724957325e-03
1.048923659605336192e-02 1.037921251168537687e-02
2.233411212006677221e-02 2.183529955587506025e-02
9.726432504463044387e-03 9.631829015199169786e-03
1.536784558098415465e-02 1.513167490318318049e-02
5.660629195365320630e-03 5.628586472477898478e-03
5.307968254885009514e-03 5.279793727890142764e-03
6.181336513239782220e-03 6.143127592149870767e-03
1.776863442591044839e-01 1.461139073229394958e-01
1.725265654940807414e-01 1.427611496928974100e-01
3.016609062161439980e-01 2.106616038769987820e-01
3.156974445535133400e-01 2.160325680558947137e-01
3.064413875961020106e-01 2.125350635642775932e-01
1.578120912140563992e-01 1.329074350807027405e-01
1.213493273582313681e-01 1.066236681079361648e-01
6.993658425882960661e-02 6.504545844103723495e-02
2.813746104703339357e-02 2.734574433286007106e-02
1.520052471184906405e-02 1.496946876033353017e-02
2.801677332664989292e-02 2.723183373901301094e-02
4.223022195027700473e-03 4.205188278568004062e-03
1.387930721908329015e-03 1.386004370219512090e-03
1.024724519238016159e-03 1.023674458897688537e-03
1.860509437221096558e-03 1.857047941855107702e-03
6.502134324058427570e-04 6.497906548981617668e-04
8.474904772919204018e-04 8.467722371828199099e-04
1.380201571544737490e-03 1.378296615166642878e-03
1.532942090829817871e-03 1.530592179375980105e-03
1.401263936683993854e-03 1.399300396063742806e-03
2.486161958471589176e-03 2.479980957187837790e-03
1.790520772382039709e-03 1.787314807745708127e-03
4.061707119807749997e-03 4.045209655080653048e-03
1.145404661252770462e-01 1.014209477450813135e-01
2.048025423614392715e-01 1.628584610037301372e-01
2.026683253945757712e-01 1.615938752763341202e-01
2.050557775527178384e-01 1.630079056449681429e-01
9.214616548444162780e-02 8.365524967095552822e-02
1.193433172724294323e-03 1.192008889986535466e-03
3.491616780943457374e-03 3.479425393198491527e-03
7.223314072607389495e-03 7.171137806415861342e-03
1.234140111393412439e-02 1.218909093247910920e-02
8.450537943328895185e-03 8.379126351797253416e-03
2.057530674856633372e-03 2.053297242378657444e-03
2.516354141600097693e-03 2.510022103434149908e-03
3.138689805298978171e-03 3.128838431605090314e-03
1.169153740724129982e-02 1.155484536029637715e-02
6.833054897280554409e-03 6.786364258051304742e-03
1.192883834602090180e-02 1.178654116173540392e-02
7.958865380335381975e-03 7.895521842193081730e-03
2.606316206205007077e-02 2.538387364537738472e-02
3.399467161193808762e-02 3.283903391393457744e-02
1.698276671148807315e-01 1.409862305971980034e-01
1.670178946869929626e-01 1.391229175413175034e-01
1.712512973102513769e-01 1.419242904798072580e-01
1.262327241483783835e-01 1.102980235024577926e-01
5.271722930979121091e-02 4.993812304369010108e-02
1.401562849677410738e-01 1.205125007517824365e-01
3.247016438852751846e-02 3.141585281310951827e-02
1.390304561917926618e-01 1.197009884428946874e-01
2.686903326739550207e-02 2.614708831867109534e-02
2.815902170639797419e-02 2.736609120293658284e-02
2.448883745419164898e-02 2.388913429433382751e-02
4.381544034050901225e-03 4.362346105928574524e-03
7.185576490820729488e-03 7.133943981315294010e-03
1.385686225353452384e-03 1.383766099038318161e-03
1.502266180274707853e-03 1.500009376598310760e-03
1.585955377951098861e-04 1.585703852505013624e-04
2.896335752767496005e-04 2.895496876688220074e-04
4.308352227745830326e-04 4.306496037853997866e-04
6.634855458878268115e-04 6.630453328182247131e-04
7.811930780597405423e-04 7.805828154345321145e-04
1.589347597693195569e-03 1.586821571906902456e-03
1.490411012907603451e-03 1.488189687920207132e-03
1.518631454246033297e-01 1.288007304863491020e-01
2.025670706236995799e-01 1.615336525226326869e-01
2.061284367325562084e-01 1.636395043027487894e-01
2.024519719993347344e-01 1.614651710329153278e-01
1.180094594558806081e-01 1.040832269348114791e-01
9.598721434259663765e-04 9.589507888942412454e-04
8.526660555264130824e-04 8.519390161241661465e-04
2.105551020151388147e-03 2.101117675052927621e-03
3.639659467383049313e-03 3.626412346344538417e-03
2.004550164194075432e-02 1.964367950586370579e-02
2.816892172133224435e-03 2.808957290623798845e-03
5.484722122221160311e-03 5.454639945463178076e-03
6.441632694726187255e-03 6.400138062952421582e-03
1.012121876898892416e-02 1.001877969961919093e-02
3.312311123326945606e-02 3.202597073549791340e-02
2.327135695931736165e-02 2.272980090458939437e-02
4.761000428673928253e-02 4.534329177855594972e-02
5.411585620023110638e-02 5.118733030794701822e-02
1.489756704603216464e-01 1.267819200712193006e-01
1.702908581207102923e-01 1.412918817612223987e-01
1.886196292770855876e-01 1.530422647284603865e-01
1.832348448885411374e-01 1.496598365072134007e-01
1.819042908769326616e-01 1.488151198374929318e-01
3.352822520511494764e-02 3.240408331971004335e-02
1.235282534011610256e-01 1.082690240128195702e-01
1.456507418611473481e-01 1.244366032564447611e-01
1.451837154547610254e-01 1.241054042215120057e-01
1.605596956224033534e-01 1.347802797640445527e-01
1.376021977358750092e-01 1.186678329141321597e-01
1.239461805388677035e-01 1.085835248686941173e-01
6.621617625564421572e-02 6.183159425772567774e-02
1.380226810343663027e-02 1.361176549863748683e-02
2.600210323397038337e-02 2.532599386138032968e-02
7.054688578206205068e-03 7.004919947270732417e-03
6.909797833272996251e-03 6.862052527176291765e-03
1.088751475912810461e-03 1.087566096136508139e-03
9.638852131233910511e-04 9.629561384193131759e-04
1.566042227870694664e-03 1.563589739611220353e-03
3.880654312707978743e-03 3.865594834813239778e-03
7.962391073378870775e-04 7.956051106218328846e-04
1.643789998331358871e-03 1.641087952772744656e-03
1.860752596746375331e-01 1.514512574116537447e-01
2.043621061080811430e-01 1.625982356951505281e-01
2.017741781903270859e-01 1.610613592059452204e-01
2.054480042582788601e-01 1.632391218045690928e-01
1.154546689783318009e-01 1.021248883894356335e-01
1.706123270459170829e-03 1.703212413845168593e-03
1.200163281723616842e-03 1.198722889820819180e-03
1.104770264534217592e-03 1.103549747196818634e-03
2.452391567994099183e-03 2.446377343591330748e-03
4.956739317599048560e-03 4.932170052936416145e-03
2.079406153545877711e-02 2.036166854031833118e-02
7.049430430591801557e-03 6.999735961196048087e-03
3.403721692880287177e-03 3.392136371517703343e-03
4.340363243516363184e-03 4.321524490430695385e-03
6.164933499437363906e-03 6.126927094384879147e-03
1.989067728276244784e-02 1.949503823999544638e-02
2.068423071834991911e-02 2.025639331793998785e-02
4.395845582957646352e-02 4.202610999065563985e-02
6.618522279275802778e-02 6.180473907663101146e-02
1.485631191914481564e-01 1.264921188075557312e-01
1.500024094462482360e-01 1.275016866065683263e-01
1.617357719729957399e-01 1.355773120372948670e-01
1.710202279871501918e-02 1.680954361490724983e-02
6.227424448154947681e-03 6.188643632897469424e-03
5.558765138307241761e-03 5.527865268444382037e-03
1.531166809422807029e-02 1.507722091440026786e-02
9.920222361762251473e-02 8.936114244694173814e-02
4.132604419524102402e-02 3.961820226641400711e-02
1.452539746952020705e-01 1.241552575304476630e-01
3.734536227823526122e-02 3.595068619454262759e-02
1.806298222501175610e-01 1.480026895640084994e-01
2.668816849248220255e-02 2.597591015499908437e-02
2.272400307455939988e-02 2.220762275882681366e-02
2.315247631145857937e-02 2.261643915210592715e-02
9.834455938753431520e-03 9.737739415142148552e-03
8.871340710881098907e-03 8.792640024872563215e-03
1.612402025587382883e-03 1.609802185295264613e-03
1.752144312823088797e-03 1.749074303130130573e-03
3.093240059439938353e-03 3.083671925374614244e-03
1.823331615063820271e-02 1.790086233278907757e-02
6.709063892519052941e-03 6.664052354205149756e-03
1.505452585628474227e-01 1.278813836870928422e-01
2.089858679762778559e-01 1.653107749624796174e-01
2.040765835607999401e-01 1.624293316029517820e-01
2.019840536041354606e-01 1.611864956937771876e-01
1.217784802683795076e-01 1.069484820119034063e-01
3.053528761206158668e-03 3.044204723310645327e-03
1.118666571211275086e-02 1.106152422235819228e-02
5.022385366356007901e-03 4.997161011587820945e-03
3.806953921994504254e-03 3.792461023830314901e-03
5.432985401634076242e-03 5.403468071259707149e-03
4.048387070543267054e-03 4.031997632670324822e-03
3.581589305282473906e-02 3.453311485765336170e-02
1.805177412056473835e-02 1.772590757166484648e-02
1.336322445149242802e-03 1.334536687471833249e-03
2.234819017718903903e-03 2.229824601676945722e-03
2.614634013171851859e-03 2.607797702149016687e-03
1.485754786450506348e-02 1.463680113595900410e-02
2.112671123973393003e-02 2.068037331192683001e-02
6.097165294237661542e-02 5.725411047985098922e-02
8.452632039780154372e-02 7.738162155780974050e-02
1.324166501770952242e-01 1.148824809329720142e-01
1.336600969976044495e-01 1.157950754681954242e-01
1.225257661947952575e-01 1.075132028131736278e-01
1.006382845383305353e-03 1.005370038951823542e-03
1.267554820411215038e-03 1.265948125188467261e-03
6.572778650623498260e-03 6.529577231433406244e-03
8.609106736084193648e-03 8.534990017290904063e-03
7.037833335937599202e-03 6.988302237873164797e-03
8.339816828479650057e-02 7.644291381153726916e-02
1.434476758086365156e-01 1.228704401137368368e-01
1.398034906173790393e-01 1.202584746285754458e-01
1.510130884077909852e-01 1.282081355373316800e-01
9.919030279310478426e-02 8.935158662491697601e-02
1.304841395837556990e-02 1.287815285154643961e-02
1.044199760885831420e-02 1.033296229479491180e-02
5.648509956604321272e-03 5.616604291874462834e-03
7.453616945232283651e-03 7.398060539666029452e-03
1.192178247543955721e-03 1.190756958570038729e-03
2.278543374294725050e-03 2.273351614386182832e-03
5.971461662841997392e-03 5.935803308451205462e-03
1.918778807498211850e-02 1.881961686377169388e-02
9.720016553520766101e-02 8.775229335513588802e-02
1.941565213660831346e-01 1.564597665771048363e-01
1.985582067386237048e-01 1.591328452753656697e-01
2.000582223115173197e-01 1.600349299970728334e-01
8.954263087550155820e-02 8.152474813139523602e-02
3.288218257926629143e-03 3.277405878614867221e-03
1.161327391157379032e-03 1.159978709847926627e-03
1.609403413040558055e-03 1.606813233694651425e-03
3.109221685792283650e-04 3.108254959843143625e-04
3.507337254540087595e-04 3.506107113078378861e-04
8.720584660903554297e-04 8.712979801220755577e-04
1.808473728615925518e-03 1.805203151388831608e-03
2.666660905813490138e-03 2.659549825426896306e-03
2.254594671585831173e-03 2.249511474452688120e-03
1.965142836557020288e-03 1.961281050188948966e-03
2.026645463105952553e-03 2.022538171272824422e-03
2.708519144373868273e-03 2.701183068418428704e-03
1.220131679206357470e-02 1.205244466060328284e-02
2.779821045798761686e-02 2.702546995332104351e-02
3.848951189593029232e-02 3.700806936994333052e-02
3.373863946731174568e-02 3.260034367420650003e-02
7.790425941285987477e-02 7.183518577819371365e-02
9.973439937938290145e-03 9.873970433742627895e-03
1.413715996175781385e-02 1.393730066997348610e-02
9.746004417884131981e-04 9.736505957672789927e-04
2.537328044252745284e-03 2.530890010648594035e-03
3.720584246931283017e-03 3.706741499792769613e-03
1.318716925300189927e-02 1.301326782009458102e-02
5.190257673031984514e-03 5.163318898319516938e-03
1.537916267289696388e-02 1.514264402837753667e-02
8.847426353071158323e-02 8.064656822340977860e-02
3.576951989172663660e-02 3.449006133844200600e-02
1.441932495338797970e-01 1.234015563227400664e-01
3.635002953596791486e-02 3.502870488870217514e-02
4.894723489499019919e-02 4.655140309112485580e-02
9.057997232213971933e-03 8.975949918355175319e-03
4.545758964901180227e-03 4.525095040334201069e-03
7.488878941568705844e-03 7.432795633767234726e-03
3.510484610653036731e-03 3.498161108451405040e-03
8.145939109323072774e-03 8.079582785350272744e-03
3.093877599454382746e-02 2.998156813450326627e-02
1.458807296138327492e-01 1.245995423411685732e-01
1.695927445608183259e-01 1.408310455531473493e-01
1.909751922272705238e-01 1.545036681810275925e-01
1.921711437592317773e-01 1.552413952655004592e-01
1.060030247748297294e-01 9.476638351341656885e-02
1.938844246942229746e-04 1.938468335240839694e-04
1.826252319256599236e-03 1.822917121723009130e-03
2.021419510857061779e-04 2.021010897173174461e-04
3.363406906489425723e-04 3.362275655887563626e-04
1.239378337855959753e-03 1.237842279191613253e-03
1.086313121007243150e-02 1.074512359038518224e-02
7.199515897816080243e-03 7.147682868653173517e-03
4.589244240772397815e-03 4.568183078070935099e-03
2.348559538497655384e-03 2.343043806591787234e-03
3.212618078867620752e-03 3.202297163946953885e-03
2.025852728039340481e-03 2.021748648763635990e-03
1.719829492055938288e-03 1.716871678574192952e-03
3.182296611781268696e-03 3.172169600055914102e-03
2.124267036191925667e-02 2.079141931781409297e-02
3.331421459311580124e-02 3.220437769915963228e-02
3.394962519502862930e-02 3.279704814414570457e-02
2.714771492245450155e-02 2.641071649694364323e-02
4.443189178501388836e-02 4.245769877741870091e-02
1.898965800740301611e-03 1.895359729627920254e-03
9.300305558619034740e-03 9.213809875135354696e-03
1.757566664319940757e-03 1.754477623740412131e-03
2.684839204550302106e-03 2.677630842996011826e-03
2.787724632443798825e-03 2.779953223817464934e-03
6.123181490902060431e-03 6.085688139331534713e-03
4.675106237780121167e-03 4.653249619445590235e-03
1.134954672184293294e-02 1.122073451105163808e-02
2.821860000022213821e-03 2.813897106162488622e-03
9.662526810116486842e-02 8.728882566554288513e-02
1.488682036974379175e-01 1.267064616253360532e-01
1.306921453424192137e-01 1.136117084882151823e-01
1.243039984065894277e-01 1.088525143867240391e-01
6.044007971145930191e-02 5.678707647593174423e-02
6.999234422470774521e-03 6.950245139970074454e-03
2.883451095800531466e-02 2.800308193581798472e-02
1.310448815548061197e-02 1.293276054566348116e-02
2.571599539689226749e-02 2.505468297763928376e-02
1.139029073681548376e-01 1.009290350612363774e-01
1.715450405597660211e-01 1.421173396191142413e-01
1.718263489588213455e-01 1.423020547623027043e-01
1.762203002426621090e-01 1.451667060250481367e-01
1.260174072930232425e-01 1.101370203521675334e-01
1.123929878848815497e-02 1.111297695123124318e-02
6.069834209610723823e-04 6.066149920877508209e-04
2.844920873490998630e-03 2.836827298714574008e-03
1.399401040505891813e-03 1.397442717233722759e-03
1.608000583877070445e-03 1.605414917999321411e-03
5.205342578814215262e-04 5.202633019677934106e-04
8.078489123161479825e-04 8.071962924510175464e-04
1.194452160567459212e-03 1.193025444603574995e-03
7.420346221064357331e-04 7.414840067260311269e-04
1.687992427325260385e-03 1.685143108890552882e-03
2.154990655747078456e-03 2.150346671020721221e-03
5.296083405970804757e-03 5.268034906527805511e-03
6.574285824345430483e-03 6.531064590245241192e-03
1.131586224318902566e-02 1.118781350488219466e-02
3.067831956585680142e-02 2.973716027447196805e-02
3.518399809563754754e-02 3.394608437364372150e-02
3.644588301453483697e-02 3.511758062582567841e-02
2.080780126711672187e-02 2.037483667354489728e-02
2.972445796481163610e-02 2.884091456350978272e-02
1.126685600955013196e-02 1.113991396521019604e-02
2.961442440266855158e-02 2.873741026996718198e-02
2.755444736068258550e-03 2.747852260374732472e-03
5.625530659740484579e-03 5.593884064536804208e-03
4.215864731610056981e-03 4.198091216174823850e-03
8.138504016859561888e-03 8.072268769227123469e-03
3.806893749049065391e-03 3.792401309032516522e-03
9.154855730221029414e-03 9.071044346779869039e-03
2.429163935851940456e-03 2.423263098424696931e-03
1.033724500929063435e-02 1.023038637490853060e-02
1.418083351288990934e-01 1.216987312168689439e-01
8.770560830432902466e-02 8.001333457629664081e-02
1.432204377889848279e-01 1.227083439885163496e-01
6.174490486410219581e-02 5.793247158742516334e-02
3.332078327965338344e-02 3.221050868128375738e-02
7.259363461721755895e-02 6.732379883027947431e-02
4.351491209956261097e-02 4.162136452452994823e-02
5.744564053131656634e-02 5.414563891526332634e-02
1.473051549451208919e-01 1.256063462717148249e-01
1.600584738349303815e-01 1.344397587885632905e-01
1.616247231536536988e-01 1.355021720191584844e-01
8.996233966328605336e-02 8.186911710559360844e-02
3.775377185962414811e-02 3.632842456999559738e-02
1.125455466183494790e-02 1.112788966119871749e-02
9.788855502051677527e-04 9.779273332847673687e-04
5.881226813328320306e-03 5.846637984498507905e-03
1.089284483741069379e-03 1.088097943054550359e-03
2.113676269775306791e-03 2.109208642401895571e-03
4.974937792705355806e-04 4.972462792101227033e-04
1.033197768950976482e-03 1.032130271321211185e-03
2.492854925393370950e-03 2.486640599714312963e-03
7.660043030265806414e-03 7.601366771040282862e-03
1.148981666740175184e-02 1.135780078035124839e-02
1.173231443728556603e-02 1.159466723523022713e-02
4.154413075305388690e-03 4.137153927305120028e-03
6.091996525850043760e-03 6.054884104179075049e-03
1.114501995984816356e-02 1.102080848994274956e-02
2.113132641816086246e-02 2.068479346197000038e-02
2.296521589658470641e-02 2.243781475540795878e-02
2.281180521330077038e-02 2.229142675621119396e-02
8.770858933172125810e-03 8.693930966746520397e-03
1.539509783124285748e-02 1.515808879400931848e-02
1.239049297375095261e-02 1.223696865761838073e-02
2.354190166331277326e-02 2.298768052938768292e-02
5.669576171485814220e-03 5.637432077521534711e-03
7.988300825016017570e-03 7.924487874945065208e-03
5.349965274703477776e-03 5.321343146262944544e-03
7.680647748690643851e-03 7.621655398851177529e-03
1.016760400630262705e-03 1.015726598917972940e-03
4.102910220985162872e-03 4.086076348703697979e-03
2.261324353910426459e-03 2.256210766076838063e-03
1.398775364791669850e-03 1.396818792270521732e-03
2.487487752858823578e-02 2.425611799652597350e-02
6.498043114338274140e-02 6.075797471180283821e-02
1.036847925615027033e-01 9.293425635298085963e-02
8.516145732348993913e-02 7.790898351002933930e-02
1.123278694746169953e-01 9.971031921391040886e-02
1.033240686033539968e-01 9.264820545060339918e-02
7.844450292333457475e-02 7.229096288444553098e-02
7.054730538024209241e-02 6.557038308382895364e-02
1.169529337014658110e-01 1.032749450000863545e-01
1.144937975319338247e-01 1.013849678586503655e-01
7.303443022121279549e-02 6.770040222347559200e-02
9.290202838012191766e-03 9.203894969240782042e-03
9.668106462759026506e-03 9.574634180183783094e-03
3.302240965389210536e-03 3.291336169995716029e-03
6.454041641021744788e-04 6.449876175671340108e-04
1.410292645757158089e-03 1.408303720410481342e-03
8.667833289507410888e-04 8.660320156113942083e-04
6.413840648113713818e-04 6.409726912927774314e-04
2.474094529762730569e-04 2.473482415388510310e-04
1.411994641898689712e-04 1.411795269011814700e-04
6.346490790065753042e-04 6.342462995530914098e-04
1.771709000558816449e-03 1.768570047776155335e-03
2.902942196891416301e-03 2.894515123492923635e-03
8.012609058379778840e-03 7.948407154457349036e-03
4.577582163440223340e-03 4.556627904977177124e-03
5.382225954110123403e-03 5.353257597889026637e-03
7.152737421727132540e-03 7.101575769102957264e-03
1.230904607231616404e-02 1.215753345710576284e-02
1.202762231568957514e-02 1.188295861712070078e-02
1.208461374928541075e-02 1.193857585981599259e-02
8.378915137409197536e-03 8.308708918529292276e-03
1.291721083757267456e-02 1.275035650175036957e-02
1.143005404014855314e-02 1.129940790478783756e-02
3.574761929565537649e-02 3.446972701034826253e-02
1.989248593117432309e-02 1.949677493465235348e-02
3.672618873213824575e-02 3.537737579334961080e-02
1.594666692024644672e-02 1.569237073438116414e-02
2.433696242424413306e-02 2.374467468420506100e-02
1.154911597197827867e-03 1.153577776400485817e-03
6.959340770358760780e-03 6.910908346400783386e-03
3.895369287254245652e-03 3.880195385370161908e-03
8.434229784910212031e-04 8.427116161703744916e-04
6.876796922528449763e-02 6.403893563391482857e-02
2.446630106011526626e-02 2.386770117255106877e-02
8.568144090268693669e-02 7.834013158752629880e-02
6.831270780806673881e-02 6.364608175999643402e-02
1.212493191770449702e-01 1.065479217761480524e-01
1.117137595857470023e-01 9.923379550496491674e-02
7.404614376164600498e-02 6.856331235567565685e-02
3.903492776646306367e-02 3.751120218073007717e-02
8.379151626310382683e-02 7.677049806543383148e-02
3.623843021836715972e-02 3.492520639367569651e-02
5.137211193107157903e-03 5.110820254264572364e-03
4.293235326401780884e-03 4.274803456833916812e-03
1.047518050314962153e-02 1.036545109657605566e-02
1.426175285227034538e-02 1.405835525785110486e-02
7.478430487688416013e-03 7.422503565129228570e-03
6.591685366428390140e-03 6.548235050458404288e-03
2.421187038118092875e-03 2.415324891444541825e-03
1.608581468006579007e-03 1.605993933667364780e-03
5.538876815561378933e-04 5.535808899923582620e-04
3.926467590949870852e-04 3.924925876175593023e-04
1.369518380790224780e-03 1.367642800194902603e-03
4.475524010856725063e-03 4.455493695684970175e-03
8.013354125952993137e-03 7.949140281605066027e-03
2.369082776876616295e-02 2.312957244839682069e-02
6.004455335762704654e-03 5.968401851883535850e-03
6.014114332087939704e-03 5.977944760888514314e-03
8.852615469409044063e-03 8.774246668759822995e-03
1.353827012843329160e-02 1.335498537036286168e-02
1.499789511219943965e-02 1.477295825440290422e-02
1.861020863850482501e-02 1.826386877293614472e-02
1.605797371921084335e-02 1.580011519924397895e-02
2.127704459415109828e-02 2.082433196748960380e-02
2.409705148785168741e-02 2.351638359744351314e-02
5.752026762937981208e-02 5.421168644122432989e-02
5.045629810631997031e-02 4.791046008772614079e-02
5.585014829380979123e-02 5.273090922936924524e-02
3.494327761627608053e-02 3.372224496570794261e-02
2.350016823613890193e-02 2.294791032901206951e-02
1.681755831456312709e-03 1.678927528779675408e-03
4.241007104751367933e-03 4.223020963488816580e-03
5.257836533553674439e-03 5.230191688540102891e-03
6.668834385341955613e-04 6.664387050136043452e-04
2.164893817933096626e-02 2.118026165503847369e-02
2.043768595293471435e-02 2.001998694582392962e-02
1.196328912582823728e-01 1.053208625874663545e-01
1.507312090809746208e-01 1.280113116899621317e-01
1.510289205393652301e-01 1.282191857000793411e-01
1.364866762162799396e-01 1.178580634317123038e-01
9.368241267848646803e-02 8.490601823322423136e-02
1.719581483878534003e-02 1.690011879081555063e-02
3.003635813371783800e-02 2.913417532378087885e-02
1.894764813731068462e-02 1.858863476737535048e-02
4.374698553000700568e-03 4.355560565571073989e-03
3.324490213436246799e-03 3.313437978257013396e-03
9.527262927592053399e-03 9.436494188700583069e-03
9.897243241343793921e-03 9.799287817565468725e-03
9.585605671888597357e-03 9.493721835791654740e-03
1.196486665325467713e-02 1.182170861922451216e-02
6.311452701082806774e-03 6.271618265884801660e-03
2.444612606364740190e-03 2.438636475569542616e-03
8.213443155023594832e-04 8.206697090177514104e-04
4.781086682013902531e-04 4.778800803027809436e-04
2.112409850891574636e-03 2.107947575513430954e-03
4.724705466463439973e-03 4.702382624718610786e-03
1.451901416285824274e-02 1.430821239059696520e-02
2.969723380091311704e-02 2.881530810548701971e-02
1.378934527918787567e-02 1.359919923595921502e-02
1.153300697304533197e-02 1.139999672320501922e-02
1.885536787292631244e-02 1.849984297530293115e-02
2.242892554933368851e-02 2.192586884803613551e-02
2.131153956488131621e-02 2.085735784625581540e-02
3.296208812920171233e-02 3.187558887536445090e-02
3.390682511811638628e-02 3.275715232852585701e-02
3.397527920319889927e-02 3.282095960626357778e-02
2.468035939695979383e-02 2.407123925699669251e-02
6.953565176262768710e-02 6.470044489657425513e-02
8.822924533061912711e-02 8.044484559900855203e-02
7.548271763311231730e-02 6.978507697183215785e-02
7.422526889750317991e-02 6.871587835459652682e-02
4.409828021112169316e-02 4.215362189354308897e-02
2.958991589045771586e-03 2.950235957821728018e-03
9.206135354414378760e-03 9.121382426250580766e-03
4.638774483895679625e-03 4.617256255183238393e-03
8.160787503491020653e-03 8.094189050813885983e-03
5.350855210592204980e-02 5.064538695744987690e-02
1.757234539155062281e-01 1.448447216595111775e-01
1.701179464242049411e-01 1.411778307286162826e-01
1.772757792062177873e-01 1.458490773130461104e-01
1.567170923012620731e-01 1.321568452818997763e-01
4.250999220927628025e-02 4.070289277164355207e-02
9.708098933823504709e-03 9.613851748914600120e-03
9.843872587533376156e-03 9.746970760013785179e-03
1.426195299039133280e-02 1.405854968729119969e-02
1.414644554168143289e-02 1.394632362021767415e-02
5.858999796623458323e-03 5.824671918006624725e-03
4.820156938178962389e-03 4.796923025270287411e-03
1.198478920822914837e-02 1.184115403586346281e-02
1.510932012369071119e-02 1.488102856909054653e-02
1.321707521514705816e-02 1.304238413790420430e-02
1.677189293226876571e-02 1.649059653973727890e-02
1.140156166745103644e-02 1.127156605899434783e-02
3.628107309143157461e-03 3.614944146496499536e-03
9.134590671447468313e-04 9.126246596773978943e-04
9.601652504968821548e-04 9.592433331886203885e-04
4.711195883259076608e-03 4.689000516608639139e-03
3.126639334582450441e-02 3.028880599296868495e-02
5.489731505546840279e-02 5.188359985516904221e-02
1.180938178084665752e-01 1.041476680038872782e-01
3.742060817320227734e-03 3.728057798159704461e-03
5.274787867194192723e-03 5.246964480150293451e-03
5.414954968763529067e-03 5.385633231449792405e-03
1.047512159836037383e-02 1.036539342585993811e-02
6.643147001950513823e-03 6.599015599860989616e-03
1.201729140804341442e-02 1.187287611525758048e-02
3.818001200700176217e-03 3.803424067531628421e-03
5.154354040613596567e-03 5.127786675037607038e-03
5.024325222897581961e-03 4.999081378952136868e-03
2.597439098750243050e-02 2.529972200033078419e-02
4.668129204850896691e-02 4.450214902119078303e-02
7.749765913056297362e-02 7.149177195984604549e-02
8.411834614016897027e-02 7.704244998281169210e-02
7.479932007925145510e-02 6.920438179493314246e-02
2.990011493340219775e-02 2.900609806037153515e-02
3.223814021989578320e-03 3.213421045141201700e-03
3.037499611012271523e-03 3.028273207125371704e-03
1.324044273630474748e-03 1.322291180391941146e-03
1.343648457705034771e-01 1.163109339915722878e-01
1.788060015393309332e-01 1.468344153528477192e-01
1.715797800745712809e-01 1.421401591441330270e-01
1.673621163932709488e-01 1.393520383896361681e-01
9.556983513823510967e-02 8.643624174988567832e-02
1.783788177506743719e-02 1.751969174884615565e-02
1.280751603349090202e-03 1.279111278679608997e-03
1.996047856019907227e-03 1.992063648976385732e-03
4.648075536301577576e-03 4.626470930110412015e-03
2.582551323757447271e-03 2.575881752417606002e-03
1.016362184710028560e-03 1.015329192619520088e-03
1.399134514350745817e-03 1.397176936961498379e-03
3.741080515831309451e-03 3.727084832405376698e-03
4.928716309517437374e-03 4.904424065057734483e-03
6.428083238606756983e-03 6.386762984484299459e-03
1.456747594994113604e-02 1.435526459438902190e-02
8.475817079266362644e-03 8.403977604105179050e-03
8.941916148243593890e-03 8.861958283841373657e-03
4.962960247725784315e-04 4.960497150283733501e-04
5.953062087693430492e-04 5.949518192871436914e-04
6.861849417269652585e-03 6.814764439844368457e-03
1.506895128804268402e-01 1.279821835882865022e-01
1.771554405739963756e-01 1.457713904490296197e-01
1.897200485089225175e-01 1.537263517026946080e-01
3.922238678277666438e-03 3.906854722028289123e-03
5.136845256384273313e-03 5.110458077196235530e-03
5.022705579016917450e-03 4.997478007683429924e-03
1.347728604475067864e-02 1.329564880561864663e-02
6.744424200710644017e-03 6.698936942911512711e-03
1.496595966176010248e-02 1.474197971316267182e-02
3.881166656335701196e-03 3.866103201721449081e-03
3.704101241043764817e-03 3.690380875039862667e-03
3.427675606640217913e-03 3.415926646575861547e-03
1.924298519735465410e-02 1.887269271804904378e-02
9.606092510801880063e-03 9.513815497475796787e-03
4.612620021676220455e-02 4.399857387032537342e-02
4.823827719909157263e-02 4.591134581195517594e-02
8.044404956471366830e-02 7.397280445434356588e-02
1.840416872261914014e-02 1.806545529624850599e-02
5.987804269473726709e-02 5.629266269778449017e-02
3.813965463298857935e-03 3.799419130743621285e-03
1.785381934120925940e-01 1.466623069052388206e-01
1.819950447289130635e-01 1.488728484230339988e-01
1.804084004669460894e-01 1.478612095079041011e-01
1.774093225536457208e-01 1.459352548247022097e-01
1.541124287523245040e-01 1.303617880563842091e-01
7.654835528298366450e-03 7.596239021333067547e-03
8.809193248199903223e-03 8.731591362515772961e-03
9.305198897415025740e-04 9.296540224762980852e-04
1.312337780642818192e-03 1.310615550192315753e-03
3.557885137449754483e-03 3.545226590798468587e-03
3.370286540162785709e-03 3.358927708799983383e-03
1.116218237532835183e-03 1.114972294379034268e-03
1.267973365952470731e-03 1.266365609495705841e-03
5.661342985209159677e-03 5.629292180812982792e-03
4.751750786438272041e-03 4.729171650901854880e-03
6.983069541863599732e-03 6.934306281637096780e-03
1.694010363528472562e-02 1.665313652411053863e-02
1.574262203001763546e-02 1.549479188163763871e-02
1.445708792448526306e-02 1.424808053322896596e-02
8.182415600459094079e-03 8.115463675400457627e-03
2.109672441060144940e-02 2.065165262974458238e-02
1.001504103557332853e-01 9.012030566131151721e-02
2.001722656859232230e-01 1.601033297360873742e-01
1.985121520959198249e-01 1.591050775661662087e-01
1.918967757454410061e-01 1.550724032039449418e-01
3.311131891214824305e-03 3.300168296813804462e-03
3.530115264175581486e-03 3.517653550397216011e-03
3.939240855475975751e-03 3.923723236958524471e-03
1.105405522134511077e-02 1.093186308450856334e-02
5.212798994945392825e-03 5.185625721583688764e-03
1.276391672109931756e-02 1.260099915103615915e-02
2.805151061092258074e-03 2.797282188616711119e-03
3.353746491481573652e-03 3.342498875952448767e-03
2.532356725069017343e-03 2.525943894486014883e-03
1.225176502298382618e-02 1.210165927680541612e-02
1.236661169442716812e-02 1.221367860962642611e-02
2.183348288568676132e-02 2.135678191076718566e-02
9.399514192583277583e-02 8.516005522017533469e-02
8.628173916175452263e-02 7.883720064897747903e-02
8.367270311680469197e-02 7.667158186993175417e-02
8.754903465510126270e-02 7.988420118606114062e-02
2.007939587343442467e-01 1.604757448701347178e-01
1.822972043653601770e-01 1.490649336459342889e-01
1.883723971323558177e-01 1.528882371309658317e-01
1.818461218124265977e-01 1.487781097942066921e-01
2.615047756744569036e-03 2.608209281974514272e-03
1.501741173306482893e-03 1.499485946754878975e-03
3.740252154452501795e-04 3.738853205834613233e-04
2.460717947424452112e-03 2.454662814607675402e-03
6.932819055378946875e-04 6.928012657373484092e-04
1.535915581152563249e-03 1.533556544480136046e-03
4.344748097927048254e-03 4.325871261892607657e-03
7.751188442665575204e-03 7.691107520391862393e-03
1.201042182597921630e-03 1.199599680273542119e-03
2.976287887283621345e-03 2.967429597695630129e-03
4.055262165249496828e-03 4.038817014020592948e-03
1.331785480158982626e-02 1.314048954507359736e-02
2.050758781331719991e-03 2.046553169752510660e-03
9.327090034755000647e-02 8.457143949590739673e-02
8.783376512682860432e-03 8.706228809719312317e-03
3.497109004369824276e-02 3.374811290485379284e-02
2.521593202540375542e-02 2.458008879749397357e-02
1.744728130296124280e-01 1.440320505431463283e-01
2.025939229854207824e-01 1.615496253547981653e-01
2.066469120275407356e-01 1.639439657770225822e-01
1.868231851263091603e-01 1.519202826255699745e-01
1.467195022886632894e-01 1.251928899368302261e-01
4.751133465788444539e-03 4.728560196578709615e-03
5.288522439096316960e-03 5.260553969507491927e-03
5.759148837060176773e-03 5.725981041732765460e-03
1.539300127359958387e-02 1.515605678539054535e-02
4.588619510861296352e-03 4.567564081845839653e-03
1.011827747173699339e-02 1.001589793274193334e-02
3.920785477920629702e-03 3.905412919156756382e-03
4.719714798272428916e-03 4.697439090495397068e-03
3.589276716509802630e-03 3.576393809162123349e-03
2.130950855505985009e-02 2.085541340020168055e-02
1.411443270550024644e-02 1.391521549490215212e-02
2.089249597094045355e-02 2.045599958304469140e-02
1.143569894932647442e-02 1.130492373886684762e-02
7.042126784898959657e-02 6.546211288353045998e-02
2.907129174334488128e-02 2.822615173971820823e-02
2.605767374151242155e-01 1.926765013332136234e-01
2.067890959694860809e-01 1.640273657576087618e-01
2.485104637235889258e-01 1.867530131434757268e-01
1.830338321824103720e-01 1.495324484590316028e-01
1.795433947741469916e-01 1.473075641671217906e-01
9.675208329876633633e-04 9.665847364253982426e-04
3.227702392505675793e-03 3.217284329771088851e-03
5.878739623778097547e-04 5.875283665821679716e-04
4.360915052435517664e-03 4.341897472340958825e-03
1.007690526453844382e-03 1.006675086256739659e-03
1.411112217493745626e-03 1.409120979803385595e-03
3.197903191220073400e-03 3.187676606399657882e-03
4.513053309082840428e-03 4.492685658912217057e-03
1.042030525212096900e-03 1.040944697596623073e-03
1.906609702508180616e-03 1.902974541950482306e-03
2.756121789369714303e-02 2.680159716191329172e-02
6.036269312904620106e-03 5.999832765686705961e-03
3.642939934638736617e-03 3.629668923271350822e-03
2.502820825387108011e-02 2.440179704547193809e-02
1.769769346377678132e-02 1.738448510983897285e-02
1.471296271296583802e-01 1.254824999503460770e-01
2.033485413230164962e-01 1.619979120648179505e-01
2.142385698386453097e-01 1.683404050321372081e-01
2.125831027679072893e-01 1.673915271854766740e-01
2.032038775942548448e-01 1.619120617249139304e-01
6.973166518484311127e-02 6.486916005539204721e-02
3.051813730267053867e-02 2.958678059824588688e-02
1.000119095771702469e-03 9.991188575659752744e-04
1.002733215149867766e-03 1.001727741249102896e-03
1.015283417397281089e-03 1.014252616979639246e-03
4.661271193440408474e-03 4.639543744301611108e-03
7.528307349917357817e-04 7.522639808761875414e-04
2.831901511915888969e-03 2.823881845742697537e-03
1.506743453525955130e-03 1.504473177691211883e-03
2.133666208779884214e-03 2.129113677289394893e-03
1.852007858244702218e-03 1.848577925137702025e-03
3.405965685317761688e-03 3.394365083068199770e-03
4.792784265623152291e-04 4.790487187521471940e-04
2.105674344850684554e-03 2.101240480404122177e-03
9.226698576494418366e-03 9.141566609872933680e-03
1.023862957653273384e-02 1.013380004092728250e-02
8.350429313723188585e-02 7.653132616488313167e-02
2.608250792410229391e-01 1.927953572799370463e-01
2.585026046552647561e-01 1.916790080417086484e-01
2.533397966863115136e-01 1.891587441012498594e-01
6.346546260248477067e-02 5.943759765913737836e-02
3.902817711359092123e-03 3.887585725270993695e-03
5.164084987086949930e-04 5.161418209711564169e-04
2.885673464467016121e-04 2.884840753332663021e-04
1.907706074361349658e-04 1.907342140114734127e-04
5.486250458649662978e-04 5.483240564240159489e-04
1.206748931089936786e-04 1.206603306791668154e-04
3.526906085907938215e-04 3.525662179254056522e-04
1.212655361134917743e-03 1.211184828110028382e-03
1.533305358554800215e-03 1.530954333232227354e-03
4.725000206856672016e-04 4.722767644161192596e-04
5.133154288470621104e-04 5.130519361175696824e-04
2.968396805324967185e-03 2.959585425731103836e-03
2.182718686444779649e-03 2.177954425580624302e-03
1.021830343110936411e-03 1.020786205860834111e-03
3.402703675550957600e-03 3.391125283247349662e-03
2.708318481775021710e-03 2.700983492776297748e-03
5.709024469890281589e-02 5.383094865912221166e-02
2.008164003944175602e-01 1.604891737270465191e-01
2.122652862893589787e-01 1.672087345258554403e-01
1.761280035235734953e-01 1.451069298983735656e-01
1.580712096516350973e-01 1.330847023309039145e-01
5.528252093688958493e-03 5.497690522477582421e-03
4.358268681067533311e-03 4.339274175171159431e-03
3.291497649341273025e-03 3.280663692565653766e-03
3.455833148477502163e-03 3.443890365727386108e-03
3.431006752060522264e-03 3.419234944727837355e-03
8.047542734828643657e-03 7.982779790759749958e-03
3.388188921213447415e-03 3.376709097047613743e-03
5.440417800060156489e-03 5.410819654220945518e-03
2.591967869400389063e-03 2.585249571964385110e-03
3.031660422697476237e-03 3.022469457778926161e-03
2.676823990522508682e-03 2.669658603846271697e-03
1.027787796407225902e-02 1.017224318862789724e-02
4.227965998816873155e-03 4.210090302329721687e-03
2.202499432302841564e-02 2.153989394809898220e-02
1.267533864552193405e-02 1.251467443574327300e-02
2.008879593093640947e-01 1.605319871138833621e-01
1.962820199807507326e-01 1.577553886130269034e-01
2.348368469845075746e-01 1.796885022828825507e-01
2.025072847344221438e-01 1.614980843639138297e-01
2.617478522098569682e-01 1.932359140733838632e-01
1.797332300040698286e-02 1.765028266073002255e-02
6.654146210209958834e-02 6.211369592341443174e-02
1.192158930412355036e-03 1.190737687496993017e-03
7.437988461489819861e-04 7.432456094254494662e-04
1.258863980493291415e-03 1.257279241971908041e-03
4.310437143505136022e-03 4.291857275137027361e-03
4.156880419196762213e-04 4.155152453714811987e-04
9.158490122317430090e-04 9.150102328185371909e-04
2.965681836237024898e-03 2.956886567483238502e-03
6.645067267925230774e-03 6.600910348929979292e-03
1.141213523106817925e-03 1.139911154801496020e-03
1.818583516121303600e-03 1.815276270116195469e-03
3.113928440790881408e-02 3.016962937447218232e-02
8.537992537761992379e-03 8.465095221187112634e-03
2.482553721708470953e-03 2.476390648727302534e-03
6.479351744646077819e-03 6.437369745615229358e-03
2.048642633316173356e-01 1.628948969412110925e-01
2.055308538626350046e-01 1.632879219731311893e-01
2.143513304986938428e-01 1.684048376121335677e-01
2.160201530314301566e-01 1.693554465157076638e-01
1.240454172121908671e-01 1.086581516808443615e-01
4.494685973408622803e-02 4.292663953413060340e-02
1.454253050209517936e-02 1.433104530869081135e-02
7.083669448958557734e-03 7.033491076096448809e-03
2.805328822639796722e-03 2.797458952836662932e-03
3.098150494280793848e-03 3.088551957795581705e-03
3.298496492158399691e-03 3.287616413049618529e-03
6.932865595809922094e-03 6.884800970440357361e-03
3.690402609302197417e-03 3.676783537883452930e-03
4.347839679912427618e-03 4.328935970030206234e-03
2.568594561159524663e-03 2.561996883139906235e-03
1.976780202937875302e-03 1.972872542967148320e-03
7.518665336525258295e-04 7.513012303680991714e-04
3.854482094566499383e-03 3.839625062349165483e-03
1.111943244443390662e-02 1.099579066654757763e-02
6.428565096053939776e-03 6.387238646859736725e-03
1.412674470700768237e-01 1.213109554683798608e-01
1.832784917443434636e-01 1.496874862082620827e-01
1.934541777151428943e-01 1.560296588397007966e-01
1.890425153241274414e-01 1.533054427240544970e-01
9.742071302196481097e-02 8.792991769625678466e-02
8.530440855977598769e-02 7.802756644004280040e-02
7.871188808331572306e-02 7.251632675767530345e-02
7.519439145829068250e-02 6.954019495150802477e-02
3.272921173953117352e-02 3.165801043844011092e-02
1.291165263647085434e-03 1.289498155909036582e-03
6.303962154461552466e-04 6.299988160577064305e-04
1.945711645332128805e-03 1.941925851525347791e-03
4.339818737385852309e-04 4.337935334718515720e-04
4.813719138233926308e-04 4.811401949039746510e-04
7.849544199441109860e-04 7.843382665027212423e-04
1.801847387178179575e-03 1.798600733171498798e-03
7.087076592544779832e-04 7.082053927081919742e-04
9.451038713496231862e-04 9.442106500219831942e-04
5.081722401454259047e-03 5.055898498888817053e-03
1.839624117106234639e-03 1.836239900213995722e-03
1.379335610714750669e-03 1.377433043987764776e-03
1.818023297217114531e-01 1.487502426294695645e-01
2.036790453720410399e-01 1.621938918483750713e-01
2.054390387264390938e-01 1.632338400935957612e-01
2.035486182606032757e-01 1.621165782648024689e-01
1.771130197721472455e-02 1.739761175948663363e-02
1.768046461987114737e-02 1.736786579069663286e-02
2.121098643992023330e-02 2.076108049416575466e-02
1.072188592681300005e-02 1.060692708898540969e-02
1.118604994534905424e-02 1.106092223196921027e-02
2.312234666020221430e-03 2.306888236869475851e-03
2.219570377283012694e-03 2.214643884623300474e-03
2.086734924944857496e-03 2.082380462297872721e-03
5.091921454119179014e-03 5.065993790024259959e-03
2.663517374767649434e-03 2.656423049961960121e-03
3.276769208594511144e-03 3.266031992148117971e-03
2.034876392213123657e-03 2.030735670281537397e-03
2.450050444672113859e-03 2.444047697490675866e-03
1.151799586365878170e-03 1.150472944078725608e-03
1.512732111143376933e-02 1.489848526742534006e-02
4.031442134244482382e-03 4.015189608562720787e-03
1.752210043399490547e-01 1.445186039780486098e-01
1.797369616669368952e-01 1.474315862776749420e-01
1.811843865134675213e-01 1.483566045972059266e-01
1.855802445735136308e-01 1.511402173975484875e-01
1.924202383692462104e-01 1.553946902351686643e-01
7.021764521387411327e-03 6.972459344393596402e-03
5.971967771440152284e-02 5.615323780808953447e-02
3.747124222919741288e-02 3.606714823499822253e-02
7.987550374807773912e-02 7.349540764906856150e-02
2.185442070495287673e-02 2.137680500060380392e-02
3.068534979728299722e-02 2.974375910510138055e-02
1.528379653972071484e-02 1.505020210305313584e-02
9.482645993945838445e-03 9.392725418899341636e-03
1.485322531406907268e-03 1.483116348384602235e-03
9.096835940869260270e-04 9.088560698455751654e-04
1.428397955533217741e-03 1.426357634813846297e-03
3.506686673830785618e-03 3.494389822402363312e-03
9.280821221045656034e-04 9.272207856791955067e-04
1.601806849154372575e-03 1.599241063972374650e-03
1.986924648317540433e-03 1.982976778759448864e-03
4.244689591328271866e-02 4.064515694060966133e-02
1.981558445200728713e-01 1.588901058026095936e-01
2.009992894242849382e-01 1.605985750752174646e-01
2.012155853485574075e-01 1.607278735613948129e-01
2.047830700142457827e-01 1.628469642497862857e-01
2.023824697965895536e-01 1.614238057156220651e-01
5.810158643972975802e-03 5.776400700504841744e-03
2.008693583393628829e-02 1.968345084273961584e-02
2.092691317336925830e-02 2.048897747840352362e-02
2.272229182724119084e-02 2.220598928135887953e-02
1.720841335336706704e-02 1.691228386322672639e-02
1.639074417878208295e-03 1.636387852930865474e-03
1.249024609324160843e-03 1.247464546849463493e-03
1.754076124927390077e-03 1.750999341875349689e-03
4.237760190097669515e-03 4.219801578668892772e-03
2.821667600967111503e-03 2.813705792916764044e-03
2.142913185544262876e-03 2.138321108623483357e-03
5.319801177855191165e-04 5.316971149398000028e-04
5.083211108309349793e-04 5.080627204792185917e-04
1.933837115878260320e-04 1.933463143279185402e-04
5.088956375883448013e-03 5.063058898887803222e-03
2.449529045278912159e-02 2.389527119842262126e-02
1.762310788021259900e-01 1.451736856663648489e-01
1.858722729580506161e-01 1.513237711034585431e-01
1.793717088190040221e-01 1.471974988943544616e-01
4.357973958803637408e-03 4.338982021778026339e-03
4.016458117103037864e-03 4.000326181296595153e-03
8.779218001645472044e-03 8.702143332925056304e-03
9.144879892267258198e-03 9.061251064023263455e-03
6.237743446261716229e-02 5.848649013247906453e-02
8.038873301050253328e-02 7.392638461546867379e-02
7.074429341086894973e-02 6.573953836066583067e-02
5.867345595575823580e-02 5.523088152196593131e-02
3.239347707805089599e-02 3.134413972084468952e-02
1.407620442482289055e-02 1.387806489381348748e-02
1.334891198717634304e-03 1.333109264205220492e-03
7.846579928978355840e-04 7.840423047320171663e-04
9.785963530578340331e-04 9.776387022356158689e-04
3.081351496756009126e-03 3.071856769709448501e-03
1.339498977277914574e-03 1.337704719767786061e-03
1.951157912119148678e-03 1.947350894921123570e-03
1.870799451654012614e-03 1.867299561065703661e-03
1.376063192994988749e-01 1.186708201883432401e-01
1.986829467523840986e-01 1.592080334221734061e-01
1.985939969784825954e-01 1.591544213425930554e-01
2.028351400254875536e-01 1.616930459963284161e-01
5.237334982438496614e-03 5.209905304720222931e-03
4.762085046810408083e-03 4.739407592817352667e-03
4.043465193555919115e-03 4.027115582784420930e-03
5.168560597333829963e-03 5.141846578685518171e-03
1.219882401960812809e-02 1.205001271214676054e-02
1.191223409911015656e-02 1.177033277787815392e-02
1.753855198790158637e-02 1.723095118206926027e-02
2.125340539823213776e-03 2.120823467412997609e-03
2.036813629841747932e-03 2.032665020079038598e-03
2.281839778151560031e-03 2.276632985378405395e-03
6.605415370878942906e-03 6.561783858657099268e-03
4.317977903142583909e-03 4.299332969970556459e-03
3.954882022947856131e-03 3.939240931132420402e-03
1.142087253023638029e-03 1.140782889730118915e-03
1.125867859332223232e-03 1.124600280895545878e-03
8.847731480242073060e-04 8.839903245007426540e-04
1.469505858992268821e-01 1.253561112031008340e-01
1.606690304608616171e-01 1.348544931116283374e-01
1.755052464988771099e-01 1.447031549502454939e-01
1.792841940761638608e-01 1.471413718306242568e-01
1.663197063723847735e-01 1.386574616445884756e-01
3.092253730218042819e-03 3.082691697085995514e-03
2.161924315923630536e-03 2.157250399175848505e-03
5.180633494159247836e-03 5.153794530758443009e-03
7.623293845447950100e-03 7.565179236393905320e-03
2.882091867157076173e-02 2.799027331849746406e-02
5.741992195016835943e-02 5.412287451340493105e-02
4.172404499209435985e-02 3.998314906159204651e-02
4.614357674660979347e-02 4.401434707163952298e-02
2.731617698253452006e-02 2.657000345759337120e-02
1.728547398388258216e-02 1.698668637303510018e-02
1.839623510151780278e-03 1.836239295492677129e-03
9.105103267830437757e-04 9.096812977278652228e-04
1.134510425242561248e-03 1.133223311337577290e-03
2.855580929973797113e-03 2.847426587526167164e-03
1.524714478406277848e-03 1.522389724165616222e-03
2.172916406059921361e-03 2.168194840352197141e-03
5.462839111142824000e-02 5.164412999600506704e-02
2.002498737615890645e-01 1.601498618200566937e-01
2.007704660892166149e-01 1.604616860355353447e-01
2.013761403213136791e-01 1.608237904306042687e-01
1.994520601853544406e-01 1.596709358731721873e-01
4.458579268780038865e-03 4.438700339684043331e-03
4.223691349331032754e-03 4.205851780716618991e-03
1.821744151013001290e-03 1.818425399261251263e-03
4.452199883554197254e-03 4.432377799751077360e-03
6.105250945151975348e-03 6.067976856048696438e-03
1.241525862221862578e-02 1.226111997556205216e-02
1.514006042713044765e-02 1.491083899739328693e-02
2.526068565247029107e-03 2.519687542850699777e-03
2.949683363939396667e-03 2.940982731991895888e-03
4.423335694601914642e-03 4.403769795934775640e-03
1.261277937406433437e-02 1.245369717052551180e-02
1.304257381093446889e-02 1.287246507932079606e-02
1.194726292473650454e-02 1.180452583334372189e-02
6.308296732035505693e-03 6.268502124376095809e-03
1.926463634841500336e-02 1.889351013477832963e-02
3.928650283791672304e-02 3.774307353268308712e-02
1.692105218999902794e-01 1.405783211783231956e-01
1.740703486111464249e-01 1.437698623455403724e-01
1.727232358032118609e-01 1.428899196168799401e-01
4.718047740487861519e-02 4.495447995672635644e-02
1.966975455892630564e-02 1.928285531451790283e-02
3.444515804407567456e-03 3.432651115280753798e-03
5.135760348460147520e-03 5.109384314103331687e-03
6.575513639719391887e-03 6.532276260093256015e-03
7.140729846293990789e-03 7.089739823556237379e-03
2.240371124924643229e-02 2.190178497150681997e-02
3.448220221654672846e-02 3.329317994684390797e-02
3.732929583636127729e-02 3.593581950872269670e-02
4.645627318995032562e-02 4.429808787125102953e-02
3.761144870490385622e-02 3.619682763122224201e-02
3.399080987663783554e-02 3.283543472056809492e-02
5.944635594209561960e-03 5.909296901861618885e-03
2.767945434859088796e-03 2.760283912928731404e-03
2.861373776908445517e-03 2.853186317017266348e-03
8.353120865541588391e-03 8.283346237347241278e-03
7.483179890670206384e-03 7.427181909394075382e-03
1.884554678124539251e-01 1.529400044640430723e-01
2.080257811761230535e-01 1.647510555421868306e-01
2.049372577726557287e-01 1.629379781492797941e-01
2.041550478776340549e-01 1.624757643037149923e-01
1.582091401562031874e-01 1.331790081272380410e-01
1.764776564429605121e-01 1.453332932193609206e-01
5.905557500232005638e-03 5.870681890843458886e-03
2.799397743462189725e-03 2.791561115736088377e-03
1.622763112613573788e-03 1.620129752493914502e-03
9.040509256820537451e-03 8.958778449197879121e-03
1.016679347282010114e-02 1.006342978330112409e-02
1.350704798124649150e-02 1.332460763607879600e-02
9.630485486855921290e-03 9.537739236143379096e-03
2.928779093191003369e-03 2.920201346214290616e-03
5.411762848478946474e-03 5.382475671350769528e-03
5.976416920074213018e-03 5.940699360871663955e-03
1.552983993040640484e-02 1.528866400214235963e-02
1.161441271764298254e-02 1.147951813486723475e-02
1.903601989072847833e-02 1.867364983744826748e-02
1.894364179224239039e-02 1.858478022788959821e-02
1.047071420821806681e-01 9.374355647916270129e-02
1.451766772152815466e-01 1.241004096080114971e-01
1.672339130272915420e-01 1.392667313608718371e-01
1.772166705230329709e-01 1.458109222117637549e-01
1.689077607583953367e-01 1.403779291139800323e-01
8.898436994986168996e-03 8.819254814032430334e-03
7.068287621581725681e-03 7.018326931680320645e-03
3.095000976828313211e-03 3.085421945781745105e-03
3.028372921473353012e-03 3.019201878921839825e-03
4.632967959306007015e-03 4.611503567194050711e-03
3.223994392781461427e-03 3.213600252936775307e-03
1.816770381044177998e-02 1.783763834869784085e-02
1.889994808915932897e-02 1.854274005138641102e-02
1.528600369371077052e-02 1.505234178478663185e-02
2.171895269582811358e-02 2.124723978962449536e-02
1.908814753372714557e-02 1.872379015745781125e-02
2.259710582206355539e-02 2.208647663053001781e-02
8.132901520317255967e-03 8.066757433178077530e-03
7.967290764109076495e-03 7.903813041989218510e-03
3.762160441590333380e-03 3.748006590402066119e-03
3.283596770101015333e-02 3.175776692614837304e-02
4.715290093858737208e-02 4.492950487166313955e-02
1.970883132304172281e-01 1.582445100184061704e-01
2.083989738432868999e-01 1.649688415443519296e-01
2.033767884752725463e-01 1.620146703847568093e-01
3.155076619264182702e-02 3.055531534529907708e-02
6.001485966980838263e-03 5.965468133168970455e-03
5.477637282858651910e-03 5.447632772656088411e-03
4.791942214300168312e-03 4.768979504114975905e-03
4.482177193231118122e-03 4.462087280839597235e-03
5.406080874580876210e-03 5.376855164158367284e-03
1.117841640239890418e-02 1.105345940913348389e-02
1.175104115813411718e-02 1.161295418983395583e-02
1.692566762224911175e-02 1.663918939779026121e-02
6.048559390997377064e-03 6.011974320290954139e-03
5.788629271762246384e-03 5.755121042916343417e-03
7.561628407686384577e-03 7.504450183510455279e-03
9.150767444212537169e-03 9.067030899394477525e-03
2.872393073250399664e-02 2.789886653577830847e-02
2.440041226538731955e-02 2.380503214666645703e-02
4.036419975790830894e-02 3.873493113581198688e-02
4.959383715744776489e-02 4.713428847344831862e-02
1.327172925565187345e-01 1.151034128129861528e-01
1.465983095147127824e-01 1.251072451621412507e-01
1.614384786272329564e-01 1.353760962457574157e-01
3.624486186310844210e-02 3.493117185163262944e-02
2.491573130130944960e-02 2.429493763503039888e-02
2.920580522740452364e-03 2.912050732150641558e-03
5.851084052129166754e-03 5.816848867544086379e-03
3.581103930150547274e-03 3.568279624792007783e-03
5.909950481178039873e-03 5.875022966488062902e-03
6.379859693200406676e-03 6.339157083495483742e-03
8.726776196196142990e-03 8.650619573417646715e-03
1.535335463655659351e-02 1.511762913796071972e-02
4.160006873569991465e-02 3.986950301688495929e-02
8.555876400647170407e-03 8.482673379664018576e-03
1.550148576263186452e-02 1.526118970178278605e-02
1.933889403282832570e-02 1.896490121041536150e-02
3.075502408939456006e-02 2.980915258265532178e-02
1.463159364341310061e-02 1.441751011086713462e-02
2.600306457213285433e-02 2.532690520499034439e-02
2.556567117187504359e-02 2.491206762940659930e-02
1.149839635736199517e-01 1.017626516945203952e-01
1.840226955860818914e-01 1.501583430953141174e-01
2.002526646135458499e-01 1.601515349287205847e-01
2.095401118137036889e-01 1.656330533548042439e-01
1.803456421538090770e-01 1.478210915099393286e-01
6.453135460158139491e-03 6.411492502890988807e-03
7.575938374073720727e-03 7.518543531825958200e-03
5.418039151576752033e-02 5.124487669096566833e-02
7.517220155389245546e-03 7.460711556524655431e-03
5.442213228750884119e-03 5.412595543923692624e-03
7.256850964606672769e-03 7.204189078684159614e-03
1.461190663429923903e-02 1.439839881880976107e-02
1.210384702109834620e-02 1.195734390838819501e-02
1.858658067896161448e-02 1.824111969762606464e-02
1.044379295939775951e-02 1.033472014801899326e-02
6.132343430970470417e-03 6.094737795015103474e-03
7.033952699876026490e-03 6.984476209291933489e-03
9.535815038170407376e-03 9.444883269728209657e-03
2.522526458626718829e-02 2.458895061282000138e-02
2.721193681349098545e-02 2.647144730834955981e-02
5.460883539854488600e-02 5.162671049495951708e-02
7.758530694927391613e-02 7.156582709486086769e-02
1.302756152817916568e-01 1.133038793447422726e-01
1.364399528939697903e-01 1.178240921482610892e-01
1.385024642206994505e-01 1.193195316254933164e-01
5.565663814146074549e-03 5.534687200453979744e-03
2.649265295350827602e-03 2.642246688745677249e-03
1.078642264358475314e-03 1.077478795224014879e-03
3.250438046511304815e-03 3.239872699017096788e-03
2.169507521372542134e-03 2.164800758487250149e-03
3.518227647355849121e-03 3.505849721577229943e-03
3.644848217083212528e-03 3.631563298557637792e-03
1.625482230176939933e-03 1.622840037696318899e-03
7.125101915875854328e-03 7.074334838564236977e-03
1.097771051675201261e-02 1.085720038856240535e-02
4.209212248795740456e-03 4.191494781040328368e-03
6.019241284443121662e-03 5.983010018802777455e-03
9.172440004521950976e-03 9.088306348885397123e-03
1.229716390726346212e-02 1.214594366710135959e-02
9.947260949984243483e-03 9.848312949577161385e-03
1.045535142729583228e-02 1.034603705382757498e-02
2.733625978499248932e-02 2.658898868595989048e-02
1.277762460779595100e-01 1.114494770161842396e-01
1.565359582200900046e-01 1.320324520042082395e-01
1.803558766631021826e-01 1.478276344161860711e-01
3.416939504263556693e-02 3.300184748505587823e-02
4.683393564719803143e-03 4.661459389437743947e-03
3.708801262422765227e-03 3.695046055618616491e-03
3.112639538687208933e-03 3.102951013789410212e-03
4.377823438548772254e-03 4.358658100489664830e-03
4.339962305114743527e-03 4.321127032304926223e-03
6.074565969481822598e-03 6.037665617764235819e-03
6.806024075919462485e-03 6.759702112197466840e-03
8.806374777213427790e-03 8.728822540496686266e-03
4.138689816323301573e-03 4.121561062927563482e-03
7.588450861944738730e-03 7.530866275460589010e-03
6.620316295876819794e-03 6.576487708019367745e-03
