0.000000000000000000e+00 0.000000000000000000e+00
5.052355583834938074e-02 4.797092614379857428e-02
4.469419246836369153e-01 2.471848406437231471e-01
1.944686084506130896e-01 1.566505687778952383e-01
8.439103193657461477e-02 7.726918566525466103e-02
2.060570910109095488e-01 1.635975662550313015e-01
3.918342185027037239e-01 2.383001637130791606e-01
5.527081638051379864e-01 2.472218494682907330e-01
4.980888141301814676e-01 2.499963473685710147e-01
1.939573877613787189e-01 1.563379194941608985e-01
2.854093127827693130e-02 2.772634652004560621e-02
1.187671103870815981e-02 1.173565477361118714e-02
1.124161922093389748e-02 1.111524521822542660e-02
1.089322412992427616e-02 1.077456179797951080e-02
1.211698023855837802e-01 1.064876813754223606e-01
9.875015891396858245e-03 9.777499952541518144e-03
8.021719881660024573e-03 7.957371891800204405e-03
2.819540689887162742e-03 2.811590880185233388e-03
1.904800210459784218e-02 1.868517572042107874e-02
5.887194031806011058e-02 5.540603496124688054e-02
1.058435693909467040e-01 9.464070820953054963e-02
3.531509212036746947e-01 2.284353480566706507e-01
3.836617584351199595e-01 2.364654135495916076e-01
5.231853787518385701e-01 2.494624382121338191e-01
6.751388634788269005e-01 2.193263784993448318e-01
5.981873703534991149e-01 2.403592403030648250e-01
5.910281055554328367e-01 2.417138839989889654e-01
6.041360100486905527e-01 2.391556914111390153e-01
2.489035030503657375e-01 1.869505492196223140e-01
5.117014376573526119e-02 4.855176015272924528e-02
8.921607079870190124e-03 8.842012006982600050e-03
9.727405304520127596e-03 9.632782890561721045e-03
9.664746282643145447e-02 8.730673075564500396e-02
3.372066660516048753e-02 3.258358324886410223e-02
1.657098862807829948e-02 1.629639096396640063e-02
1.612514112234361696e-02 1.586512094612812021e-02
1.049104346824845241e-01 9.390423537721667713e-02
1.971551715328251630e-01 1.582850098706874431e-01
3.385652098921736186e-02 3.271025697572404328e-02
2.226113031504154370e-03 2.221157452275121947e-03
4.899043054468245452e-06 4.899019053845396052e-06
0.000000000000000000e+00 0.000000000000000000e+00
0.000000000000000000e+00 0.000000000000000000e+00
4.404235887266368110e-02 4.210262949759518286e-02
4.234777114509994389e-01 2.441443393552235053e-01
1.778270594235926705e-01 1.462045963603507137e-01
7.580050447402046643e-02 7.005478799550446389e-02
2.115025652957168989e-01 1.667692301690479051e-01
3.727602598062286221e-01 2.338100485154215591e-01
5.181288030655560872e-01 2.496713464994103071e-01
4.705318376771606692e-01 2.491316274093147987e-01
1.602020141558243016e-01 1.345373288162413639e-01
3.762895338718768440e-02 3.621301525417253836e-02
1.907032478885565055e-02 1.870664750130320714e-02
2.226439464866636353e-02 2.176869137959479977e-02
2.161113097984694240e-02 2.114408999761884303e-02
1.849764481310190237e-02 1.815548194947022576e-02
3.256632982501241058e-02 3.150576398674091727e-02
8.281896954546764944e-02 7.595998782889455681e-02
2.278754443768711904e-03 2.273561721953716325e-03
2.697971575548724528e-03 2.690692524926255845e-03
3.454582526466250941e-02 3.335241122144591563e-02
1.493585686105836363e-01 1.270505865931812195e-01
4.267368302392168800e-01 2.446325079566026850e-01
3.516379431473702910e-01 2.279887000864570523e-01
4.577543799071828734e-01 2.482153075829733602e-01
6.431009366195815646e-01 2.295221219385985001e-01
6.219491572070563468e-01 2.351284030564886329e-01
5.985865095653374324e-01 2.402807001317236457e-01
4.044402535027274426e-01 2.408683348493770027e-01
3.278016556260957559e-01 2.203477301948862932e-01
6.876715818690139204e-02 6.403823614179907087e-02
1.252504315924555557e-02 1.236816645310459192e-02
1.224195184163453555e-02 1.209208645674163599e-02
1.600663877112398770e-01 1.344451392363149034e-01
6.497891170271086203e-02 6.075665273664216520e-02
4.871896728022542117e-02 4.634542950737374767e-02
7.146504579097393006e-02 6.635779302106792343e-02
1.423491309645767422e-01 1.220858558782065284e-01
2.100605520135604976e-01 1.659351165013187579e-01
5.187514171156391157e-02 4.918411138396907439e-02
2.273937119149492970e-03 2.268766329127647197e-03
1.156202420109582274e-05 1.156189052069219588e-05
0.000000000000000000e+00 0.000000000000000000e+00
