9.819847354628983283e-01 1.769071478075989745e-02
8.424978183550542177e-01 1.326952444220282912e-01
3.441833929338514175e-01 2.257211849623934619e-01
5.249871105372775348e-01 2.493756443069978790e-01
6.210749099442073318e-01 2.353408661820020620e-01
5.792253165902263579e-01 2.437233492111783861e-01
4.668537466803604485e-01 2.489013258908702730e-01
3.620677393590511217e-01 2.309746914744773560e-01
3.883035937445616925e-01 2.375239128296200708e-01
3.505862501892965666e-01 2.276755313675045134e-01
1.635362314887726654e-01 1.367921324792232274e-01
5.944116832827651964e-02 5.590791583604601267e-02
4.514981264220992857e-02 4.311130706058326906e-02
4.260247968746689456e-02 4.078750841194586640e-02
8.592098868849304405e-02 7.853857239128489431e-02
2.648479761400347049e-02 2.578335310934874725e-02
5.899668338960393360e-02 5.551607473863076625e-02
3.241731132444616859e-02 3.136642925094010326e-02
9.983633138550991604e-02 8.986903832099256417e-02
1.866077896339175535e-01 1.517853224818611346e-01
2.488434592829370517e-01 1.869203920550382980e-01
1.570409677213099042e-01 1.323791021784644084e-01
1.784470351062319160e-01 1.466036907680271506e-01
1.892586177857421004e-01 1.534397933795724756e-01
2.631246621052289458e-01 1.938900742972380353e-01
2.796837495086181846e-01 2.014607497694186899e-01
2.023217175570279913e-01 1.613876401618021816e-01
2.059568903537137563e-01 1.635386496695420688e-01
3.234389284038157730e-01 2.188261879968070867e-01
1.803749861084579242e-01 1.478398504948315317e-01
5.857494830559449583e-02 5.514392373659143115e-02
5.162128880246406870e-02 4.895653134483666374e-02
1.178784147929515108e-01 1.039830941188523844e-01
4.956582812858651571e-02 4.710905681051393706e-02
2.196419624795092201e-02 2.148177033113242082e-02
3.257720804313134905e-02 3.151593355924588863e-02
1.482012834260018341e-01 1.262376630168877134e-01
2.434853813021866098e-01 1.842002503943153957e-01
8.044318988615173360e-02 7.397208308709227187e-02
1.033139900310649228e-01 9.264020949492593471e-02
2.413549185210841497e-01 1.831027218267649859e-01
8.414212615986405019e-01 1.334315221283927100e-01
9.635823717588221093e-01 3.509138459446525804e-02
8.317900582272543808e-01 1.399153572615551289e-01
3.295258030717288511e-01 2.209385481816610319e-01
5.150387303855766818e-01 2.497738365883899192e-01
6.054712918768625496e-01 2.388758065898256566e-01
5.457255714450178763e-01 2.479091721160265882e-01
4.160468417309520217e-01 2.429518672166521842e-01
3.522076931053709226e-01 2.281574340227637832e-01
3.113799069432916511e-01 2.144224604952786883e-01
2.168709326805908777e-01 1.698379312388414997e-01
1.659171708577326376e-01 1.383886632722985954e-01
1.448118214113433555e-01 1.238413577908725471e-01
1.471238352699972551e-01 1.254784123654439643e-01
4.939033693540273440e-02 4.695093155281012537e-02
5.576277285002616962e-02 5.265328601410255299e-02
1.219104264138281407e-01 1.070482743454267416e-01
6.764643682922677481e-02 6.307039641353620607e-02
1.354480864240482224e-02 1.336134680124545851e-02
2.614292233438586521e-02 2.545946994620413434e-02
1.047380995828403882e-01 9.376803007861539418e-02
2.932532553896290417e-01 2.072557835930140535e-01
2.871301926728159759e-01 2.046864451284875486e-01
2.479745130434616585e-01 1.864831539243197167e-01
1.877752991536046079e-01 1.525157361813788970e-01
2.377481623337379113e-01 1.812239736406685009e-01
2.973839373527006336e-01 2.089467311573056651e-01
2.063450108024728058e-01 1.637667473194001910e-01
2.571205095098767490e-01 1.910095530992581281e-01
3.588386512209929546e-01 2.300734736108915324e-01
1.515144711910266784e-01 1.285578362107302197e-01
5.310034246238565236e-02 5.028069609276301921e-02
3.408821811552640441e-02 3.292621150123470342e-02
1.004064462796905588e-01 9.032499182517417236e-02
1.231856293118691187e-01 1.080109300429078906e-01
3.767112280566226046e-02 3.625200931222297140e-02
3.920069095603285342e-02 3.766399678460245759e-02
1.589227928948727109e-01 1.336663387933661185e-01
2.176312788642402185e-01 1.702679053241555329e-01
8.633588921780652181e-02 7.888200345077715780e-02
1.182688238680301429e-01 1.042813091689030053e-01
1.843846666966000858e-01 1.503869613837837682e-01
8.598798425179309257e-01 1.204864989492692162e-01
