2.127752617426442727e-02 2.082479305416791784e-02
9.202459685921442201e-02 8.355607043211348006e-02
2.328505005371785674e-01 1.786311449367639637e-01
3.775417837380497521e-01 2.350039852699414289e-01
3.998435750569155900e-01 2.399686905426202943e-01
2.336707567411582809e-01 1.790687341851727177e-01
1.449673292092990007e-01 1.239518026712217169e-01
6.971883490189224875e-02 6.485811896181493952e-02
7.200610356505764142e-02 6.682122461443583405e-02
2.583967791006530068e-01 1.916278836510613426e-01
5.905549613384433183e-01 2.417997989769930522e-01
6.028712616784760447e-01 2.394175035206785318e-01
5.307356568585679391e-01 2.490553193974723856e-01
3.860940076310731550e-01 2.370254249024499882e-01
4.408301560174390232e-01 2.464989295630793942e-01
2.928501128720692459e-01 2.070889242628855542e-01
5.558548344155113119e-01 2.468802374724158311e-01
6.123067756630821146e-01 2.373871881401621309e-01
6.167442009562869032e-01 2.363707915430781070e-01
4.861335049321338642e-01 2.498077203145328551e-01
2.708206237202387401e-01 1.974768134880195980e-01
1.254591682880741577e-01 1.097191653805388439e-01
7.232133336527400702e-02 6.709095810554291384e-02
4.247062851939491235e-02 4.066687423256247491e-02
7.208854757344775044e-02 6.689178888219851626e-02
7.907490312075415861e-02 7.282206281719749708e-02
1.095748996741396364e-01 9.756824103554187499e-02
2.281278799966707793e-01 1.760855503648953713e-01
2.591407536594776961e-01 1.919868234522755790e-01
5.431913900342131285e-01 2.481345038269124892e-01
6.881258403250050115e-01 2.146086682020107439e-01
6.133660935807482284e-01 2.371481288262410336e-01
4.300415287138399378e-01 2.451058122953035101e-01
4.644112683122244567e-01 2.487334421768555293e-01
6.109607749317574887e-01 2.376877064265438544e-01
4.885336676770239972e-01 2.498685232230590803e-01
1.407308133805668382e-01 1.209256515458109055e-01
1.946002041588049403e-01 1.567309647001563777e-01
7.011228486330517429e-01 2.095495997577265790e-01
7.998642599599753433e-01 1.600814255986563461e-01
8.209492631666446272e-01 1.469915704727878802e-01
3.146480651528735795e-01 2.156446602484266006e-01
