0.000000000000000000e+00 0.000000000000000000e+00
3.540264919590910969e-02 3.414930162582050649e-02
4.638288328713455894e-02 4.423151142510661077e-02
4.990370001754314971e-02 4.741332074210221487e-02
5.156624938803972685e-02 4.890717131209022100e-02
5.602129098939325619e-02 5.288290594527498417e-02
5.293136355543102967e-02 5.012963430759381778e-02
4.279382967580585423e-02 4.096251781748397325e-02
1.769865255624112135e-02 1.738541025393458214e-02
2.063686931523762546e-03 2.059428127772420548e-03
2.023601967714764964e-03 2.019507002791025903e-03
6.965908339172701682e-04 6.961055951273726521e-04
1.074530782312906052e-03 1.073376165910767998e-03
3.861313767332190394e-02 3.712216327234299507e-02
3.878235263477025629e-02 3.727828175888258516e-02
3.953774916809112139e-02 3.797451555881223295e-02
3.699995152674088322e-02 3.563095511375970886e-02
2.095904080674670239e-02 2.051975941520782845e-02
1.170846787889203988e-01 1.033758567818157392e-01
1.526984691091873014e-01 1.293816466408978794e-01
1.838398932456689616e-01 1.500427868970899969e-01
1.953130630840738402e-01 1.571658704727904310e-01
1.721383346760907151e-01 1.425067284110329013e-01
1.244070010380405322e-01 1.089298991307615094e-01
5.964721141990027287e-02 5.608942158972999442e-02
4.372269801373641213e-02 4.181102369213602482e-02
3.441826776914459762e-02 3.323365061291606165e-02
7.508393915887665547e-03 7.452017936691526442e-03
3.357133675911720249e-03 3.345863329393779749e-03
1.477907146451777664e-03 1.475722936918244434e-03
1.921717640714759763e-03 1.918024642024125431e-03
1.454005573143353708e-03 1.451891440936621709e-03
1.606132836377429252e-03 1.603553173689339353e-03
2.093045142496256956e-03 2.088664304527729915e-03
1.582513136039678673e-03 1.580008788213940448e-03
8.219609917622445376e-04 8.212853718902658100e-04
7.686902493718927518e-04 7.680993646724133123e-04
3.525461937453097487e-04 3.524219049265854401e-04
2.045596074156538104e-05 2.045554229523552161e-05
1.937121900054211931e-11 1.937121900016687658e-11
0.000000000000000000e+00 0.000000000000000000e+00
0.000000000000000000e+00 0.000000000000000000e+00
