9.066832078739091028e-01 8.460876843338682729e-02
9.066832078739091028e-01 8.460876843338682729e-02
9.066832078739091028e-01 8.460876843338682729e-02
4.614528978127700465e-01 2.485141209129672624e-01
2.526382021006335354e-01 1.888121409399929895e-01
1.052263345782610271e-01 9.415375308948489841e-02
1.375770041636971593e-02 1.356842609562313590e-02
6.379315608243132929e-03 6.338619940613558594e-03
2.581998350457574698e-03 2.575331634975809060e-03
2.015961117103244951e-02 1.975320124846523251e-02
1.335973923509001411e-02 1.318125660266040999e-02
3.597626821119109114e-02 3.468197633678753167e-02
1.102619595606128822e-01 9.810425983446664777e-02
1.780696968326440088e-01 1.463608799025742646e-01
1.551564503083679714e-01 1.310829262360749259e-01
1.644890553136953704e-01 1.374324059957034438e-01
8.091576074900215521e-02 7.436840041141239144e-02
4.045882766952169779e-02 3.882191093312964414e-02
1.713509648113457906e-02 1.684148494971678817e-02
9.683274497535277262e-03 9.589508692540660295e-03
5.636881120332320333e-03 5.605106691567561354e-03
1.025346701561628306e-02 1.014833342977595164e-02
8.756663613877897767e-03 8.679984456231285353e-03
9.937222209161974962e-03 9.838473823927712872e-03
6.738446703424911567e-03 6.693040039450013495e-03
1.110984231274258008e-02 1.098641371652857475e-02
2.189701065288055318e-02 2.141753157734819016e-02
2.748807536606168861e-02 2.673248107873140225e-02
1.622026538445352217e-02 1.595716837531142157e-02
5.947715415962233527e-03 5.912340097292958715e-03
8.421274718271858084e-03 8.350356850391253694e-03
3.083602308241611880e-03 3.074093705046218854e-03
3.133779486183903631e-03 3.123958912315876520e-03
8.083114856398208176e-03 8.017778110616482698e-03
1.390362340159056152e-02 1.371031265789730488e-02
8.029223467951337664e-03 7.964755038453036340e-03
6.019689574078514703e-03 5.983452911510245102e-03
4.648048439302096546e-03 4.626444085007997559e-03
4.156199952869509169e-03 4.138925954821276627e-03
4.519055371217075429e-03 4.498633509768949421e-03
1.283900421285711323e-02 1.267416418367935116e-02
1.383612639882442728e-02 1.364468800510018100e-02
9.066832078739091028e-01 8.460876843338682729e-02
9.066832078739091028e-01 8.460876843338682729e-02
9.066832078739091028e-01 8.460876843338682729e-02
9.066832078739091028e-01 8.460876843338682729e-02
2.531336641806293808e-01 1.890570122391177499e-01
1.003441844825946894e-01 9.027522912311769510e-02
5.663178760956209812e-02 5.342462824170754465e-02
1.215855187961939650e-02 1.201072149581000094e-02
4.121865473349948378e-03 4.104875698369554043e-03
2.387664774696128880e-02 2.330655343932881707e-02
4.268202532812535172e-02 4.086027004201461810e-02
1.413758275205343196e-01 1.213887029134184531e-01
1.894194706032794606e-01 1.535397347596528239e-01
2.213976920332692000e-01 1.723807539956108970e-01
2.297208433606330868e-01 1.769491774863125588e-01
1.523157886159721142e-01 1.291156891542666052e-01
7.590024967694709856e-02 7.013940177592419001e-02
4.302749354807987314e-02 4.117612834704981878e-02
1.599819946691340838e-02 1.574225708073025837e-02
9.765177607724094891e-03 9.669818914013698224e-03
6.226384913952388335e-03 6.187617044855694103e-03
2.013853075800129538e-02 1.973297033691033195e-02
9.122683858866442730e-03 9.039460498077619977e-03
1.045607337126920784e-02 1.034674390092384273e-02
6.668134788747241172e-03 6.623670767186339535e-03
1.395149141332995522e-02 1.375684730067373504e-02
3.570156895807369973e-02 3.442696693200560792e-02
4.199711509512833035e-02 4.023335741881487598e-02
3.978721217182051850e-02 3.820418991941505749e-02
1.725858717078274443e-02 1.696072833965123899e-02
1.475795573734739984e-02 1.454015847980189534e-02
5.565808369055625683e-03 5.534830146254576290e-03
2.992511340801584652e-03 2.983556216676758622e-03
8.397894758600745954e-03 8.327370122224212259e-03
1.075982172029594716e-02 1.064404795684339468e-02
9.667047983976818221e-03 9.573596167252307679e-03
7.878754716873269046e-03 7.816679940984616604e-03
5.247644905338323500e-03 5.220107128285800258e-03
5.949478359248231221e-03 5.914082066501067866e-03
1.108201714615611976e-02 1.095920604212842139e-02
1.812346556373535533e-02 1.779500555969545234e-02
1.700978768016535303e-02 1.672045480324104924e-02
9.066832078739091028e-01 8.460876843338682729e-02
9.066832078739091028e-01 8.460876843338682729e-02
9.066832078739091028e-01 8.460876843338682729e-02
9.066832078739091028e-01 8.460876843338682729e-02
9.066832078739091028e-01 8.460876843338682729e-02
1.450476626390891643e-01 1.240088382020261421e-01
6.101974208482004863e-02 5.729633316072209326e-02
6.165785984611567294e-02 5.785616816531242990e-02
2.250528872984138354e-02 2.199880070902785617e-02
6.393776666910637452e-02 5.984972866247328244e-02
1.441342882673725956e-01 1.233595952130305262e-01
2.360915084068596903e-01 1.803523080650333843e-01
2.441277183229552949e-01 1.845293754693830834e-01
2.539818489059231799e-01 1.894750693322519997e-01
2.004485827912353413e-01 1.602689484482206217e-01
1.355505122128290718e-01 1.171765708516687432e-01
5.949702035776456566e-02 5.595712492631231549e-02
3.271925997517150658e-02 3.164871000184864974e-02
1.420435646800924205e-02 1.400259272533896544e-02
1.128113069144645077e-02 1.115386678176895525e-02
9.932967250992037062e-03 9.834303412582756990e-03
1.211384900154438213e-02 1.196710366391216460e-02
1.009255663856152389e-02 9.990696939058952425e-03
8.229478503421325600e-03 8.161754186983052536e-03
6.962002775833791429e-03 6.913533293183073657e-03
9.555871429217852736e-03 9.464556750446110472e-03
2.903219538529245441e-02 2.818932701640265714e-02
4.108721230000181995e-02 3.939905328541640217e-02
4.387524133999790715e-02 4.195020453735484600e-02
2.268548224601476052e-02 2.217085114128050996e-02
4.122404264870774271e-02 3.952462095640527084e-02
8.815096055941940012e-03 8.737390137466456014e-03
7.221997335642084404e-03 7.169840090126063104e-03
1.125924514107299983e-02 1.113247453992622336e-02
9.425484981961829156e-03 9.336645214816641225e-03
1.032119354731153051e-02 1.021466651107046618e-02
8.246803100775506462e-03 8.178793339392545492e-03
5.963259564319499384e-03 5.927699099688051032e-03
1.834394108995638858e-02 1.800744091524459842e-02
1.841086882806342029e-02 1.807190873705926196e-02
2.436014261563627589e-02 2.376672606738213650e-02
2.345638397987882470e-02 2.290618203046730986e-02
4.614528978127700465e-01 2.485141209129672624e-01
9.066832078739091028e-01 8.460876843338682729e-02
9.066832078739091028e-01 8.460876843338682729e-02
9.066832078739091028e-01 8.460876843338682729e-02
9.066832078739091028e-01 8.460876843338682729e-02
9.066832078739091028e-01 8.460876843338682729e-02
1.564118757945837934e-01 1.319472009050034755e-01
9.724141641563840976e-02 8.778552334911882138e-02
1.162352810026559546e-01 1.027246404528895651e-01
2.509282916807511477e-01 1.879632841149310174e-01
2.446822655687446169e-01 1.848128544848909594e-01
2.999346083581768685e-01 2.099738390672039323e-01
3.252634708270396580e-01 2.194671453725871857e-01
2.335854502855981563e-01 1.790232877004725165e-01
1.298967405277348663e-01 1.130235773280051925e-01
1.011754855567880695e-01 9.093900667913623614e-02
8.167291178146790509e-02 7.500244726260446582e-02
5.690621752176011627e-02 5.366789992912623930e-02
2.933380601622110478e-02 2.847333384082381680e-02
2.636692680260074167e-02 2.567171197358703721e-02
1.539330000818711977e-02 1.515634632304506575e-02
1.730851059070421388e-02 1.700892605183569259e-02
1.135614436688654576e-02 1.122718235200497600e-02
1.306636073319667260e-02 1.289563095038664953e-02
1.008552558317249610e-02 9.983807756883669379e-03
1.452950634594376428e-02 1.431839979128694471e-02
3.187027359674641375e-02 3.085455925761494342e-02
4.922721151460727335e-02 4.680389316110339371e-02
4.734830208655823464e-02 4.510644037607826340e-02
4.865279239947697953e-02 4.628569819121037404e-02
6.212151479802691806e-02 5.826243219722544026e-02
5.420921561528704857e-02 5.127057655766236594e-02
1.982368861582628830e-02 1.943070998548904887e-02
3.013882158207949885e-02 2.923047301572307896e-02
2.170722444082500216e-02 2.123602084790065028e-02
3.066334452904619090e-02 2.972310383133920306e-02
2.062527262047256574e-02 2.019987074980375205e-02
2.171049686975453155e-02 2.123915119542291174e-02
3.013536877388512877e-02 2.922722832274707652e-02
3.244027131075508802e-02 3.138790010803969160e-02
3.810736047841855462e-02 3.665518955578642157e-02
3.515433323429373313e-02 3.391850608914596249e-02
2.526382021006335354e-01 1.888121409399929895e-01
2.531336641806293808e-01 1.890570122391177499e-01
9.066832078739091028e-01 8.460876843338682729e-02
9.066832078739091028e-01 8.460876843338682729e-02
9.066832078739091028e-01 8.460876843338682729e-02
9.066832078739091028e-01 8.460876843338682729e-02
9.066832078739091028e-01 8.460876843338682729e-02
3.035249692218625062e-01 2.113975622807299226e-01
2.658782699722115339e-01 1.951870155287953323e-01
3.786355320107693267e-01 2.352706659096910069e-01
3.221623531206265767e-01 2.183737713524072643e-01
3.106440696923536415e-01 2.141443316573257705e-01
2.480848703670376632e-01 1.865387674620077874e-01
1.416589992447019331e-01 1.215917271776914693e-01
9.748883778096818775e-02 8.798476428908424962e-02
1.911083763858667170e-02 1.874561352333824898e-02
1.551314463826836479e-02 1.527248698170052994e-02
1.493998710434278794e-02 1.471678388966485979e-02
2.858661326418302992e-02 2.776941880626706410e-02
2.149036433502524504e-02 2.102852857577312135e-02
1.884742867011244757e-02 1.849220310263747016e-02
2.186559725643118235e-02 2.138749291305073325e-02
1.967999987306482887e-02 1.929269747806099805e-02
1.162090610900894799e-02 1.148586065021454591e-02
9.363937416644315531e-03 9.276254092701484780e-03
9.005749389171870470e-03 8.924645867111301312e-03
9.893127388895230079e-03 9.795253419362321204e-03
1.193232185774802979e-02 1.178994155283113847e-02
2.432236287763709509e-02 2.373078554168563462e-02
1.210047584754322773e-02 1.195405433180625129e-02
4.904833455188655628e-02 4.664259542957276822e-02
2.201079817191977164e-02 2.152632293575478320e-02
3.066014722999681197e-02 2.972010260183173200e-02
4.037639757296036802e-02 3.874614409199060583e-02
1.839419380160402587e-02 1.805584743599305750e-02
1.641797713369876760e-02 1.614842716053611210e-02
1.704522227354982739e-02 1.675468267119510982e-02
2.103912864479002415e-02 2.059648371065799996e-02
2.473272414210523490e-02 2.412101649861575839e-02
2.373247796060354298e-02 2.316924745045300868e-02
2.238642199933252308e-02 2.188527010940032394e-02
1.220598633905558249e-02 1.205700023654637104e-02
1.052263345782610271e-01 9.415375308948489841e-02
1.003441844825946894e-01 9.027522912311769510e-02
1.450476626390891643e-01 1.240088382020261421e-01
9.066832078739091028e-01 8.460876843338682729e-02
9.066832078739091028e-01 8.460876843338682729e-02
9.066832078739091028e-01 8.460876843338682729e-02
9.066832078739091028e-01 8.460876843338682729e-02
9.066832078739091028e-01 8.460876843338682729e-02
4.839168642786683683e-01 2.497413327453692211e-01
4.622974243198273991e-01 2.485785157870808448e-01
4.045438180231307745e-01 2.408881173223988148e-01
2.740553792993343230e-01 1.989490283764323020e-01
1.408184114897343964e-01 1.209885864752422435e-01
9.501445097918745364e-02 8.598670508431104087e-02
7.342533489319928719e-02 6.803405508902081456e-02
2.946452666950323540e-02 2.859636833764536701e-02
2.927733589930386904e-02 2.842017350194320224e-02
2.266456087822238744e-02 2.215087855841973985e-02
3.623589641354629798e-02 3.492285622465304135e-02
2.233301162074980903e-02 2.183424821269726313e-02
2.074191094937586841e-02 2.031168407954403107e-02
1.576451476529473414e-02 1.551599483950953824e-02
7.158881537168519486e-03 7.107631952305307199e-03
8.108742928729772287e-03 8.042991216845547797e-03
5.288606938148608660e-03 5.260637574802375267e-03
7.523174677137628615e-03 7.466576519914903606e-03
9.561516384657015380e-03 9.470093789082950630e-03
1.790330621891338125e-02 1.758277784534519744e-02
7.486918889033201616e-03 7.430864934582239421e-03
1.693187583746338237e-02 1.664518741808810459e-02
4.632046483490861316e-02 4.417487937238660789e-02
5.483137028662607437e-02 5.182489111911697116e-02
5.096525617480437281e-02 4.836779883784093903e-02
6.127274822877341182e-02 5.751839855326675716e-02
5.005212125457465799e-02 4.754690641249201266e-02
3.612582037464546342e-02 3.482074547690431482e-02
3.029457043906011449e-02 2.937680944097293897e-02
2.939231500782737982e-02 2.852840682630802469e-02
2.823220952083163246e-02 2.743515186640349546e-02
1.908979231090478235e-02 1.872537214043130255e-02
3.712687945069351875e-02 3.574847427294718799e-02
4.169450870228263301e-02 3.995607664635791173e-02
1.375770041636971593e-02 1.356842609562313590e-02
5.663178760956209812e-02 5.342462824170754465e-02
6.101974208482004863e-02 5.729633316072209326e-02
1.564118757945837934e-01 1.319472009050034755e-01
9.066832078739091028e-01 8.460876843338682729e-02
9.066832078739091028e-01 8.460876843338682729e-02
9.066832078739091028e-01 8.460876843338682729e-02
9.066832078739091028e-01 8.460876843338682729e-02
9.066832078739091028e-01 8.460876843338682729e-02
4.676766431844978644e-01 2.489552006041777232e-01
2.916207298900157507e-01 2.065780797884302356e-01
1.712028168170257048e-01 1.418924123309416307e-01
9.191764047294977147e-02 8.346878784283531805e-02
1.194092647049401802e-02 1.179834074552027316e-02
6.553123371075178505e-03 6.510179945158647147e-03
1.374594425089304371e-02 1.355699326754438404e-02
1.421781339842818556e-02 1.401566718059566070e-02
1.347895320559109635e-02 1.329727102607258099e-02
3.891368901227156007e-02 3.739941381972777812e-02
2.319143957490076013e-02 2.265359670534448575e-02
2.085530970233920658e-02 2.042036575955872429e-02
1.510606883934970460e-02 1.487787552357053289e-02
6.577881736081599151e-03 6.534613207947723157e-03
4.724583301265673947e-03 4.702261613895075514e-03
4.109170674581719140e-03 4.092285390948876764e-03
9.703642603512141473e-03 9.609481923735445352e-03
1.098944573501792372e-02 1.086867781745502054e-02
1.919553570558010097e-02 1.882706711455589890e-02
7.026466343147115198e-03 6.977095113875736096e-03
2.286411066591023406e-03 2.281183391025593411e-03
1.952944433901704704e-02 1.914804514282628101e-02
1.641698761445542498e-02 1.614747013212224080e-02
4.128815262112107976e-02 3.958344107425609132e-02
4.313132627811372410e-02 4.127101497160461790e-02
4.094622411214714208e-02 3.926963084310496066e-02
4.367130118609547501e-02 4.176411863880881425e-02
1.910080924087137130e-02 1.873596832721521541e-02
2.172654434919676220e-02 2.125450161983914732e-02
1.604237599423042129e-02 1.578501816669015956e-02
7.580258225287508575e-03 7.522797910525469596e-03
1.003619829441512561e-02 9.935473018210305013e-03
1.479222472054856491e-02 1.457341480836535710e-02
6.379315608243132929e-03 6.338619940613558594e-03
1.215855187961939650e-02 1.201072149581000094e-02
6.165785984611567294e-02 5.785616816531242990e-02
9.724141641563840976e-02 8.778552334911882138e-02
3.035249692218625062e-01 2.113975622807299226e-01
9.066832078739091028e-01 8.460876843338682729e-02
9.066832078739091028e-01 8.460876843338682729e-02
9.066832078739091028e-01 8.460876843338682729e-02
9.066832078739091028e-01 8.460876843338682729e-02
9.066832078739091028e-01 8.460876843338682729e-02
2.860482464496922339e-01 2.042246471527483509e-01
1.324574650526668951e-01 1.149124850044884183e-01
8.434276307275831441e-02 7.722906139001087245e-02
9.102722069642800798e-03 9.019862520565639225e-03
6.403717882541415558e-03 6.362710279822234548e-03
1.399403112858179851e-02 1.379819822135408200e-02
1.806614423662377539e-02 1.773975866904528229e-02
1.434148764388370849e-02 1.413580937604403884e-02
5.638263019332182685e-02 5.320362920580493787e-02
5.115501362723438861e-02 4.853817820803184996e-02
3.648501831166581222e-02 3.515386175046322087e-02
3.659408488708347507e-02 3.525495783836040536e-02
1.832647723454582100e-02 1.799061746671749493e-02
1.104143644652705661e-02 1.091952312772436103e-02
8.567130364261285255e-03 8.493734641583037745e-03
1.663429534921829350e-02 1.635759556745326748e-02
1.711795535316551486e-02 1.682493095769254862e-02
2.469336314188793485e-02 2.408360095863078601e-02
1.334885803877441067e-02 1.317066602783505819e-02
7.875754333743836821e-03 7.813726827418352588e-03
4.364437347573517367e-03 4.345389034212623035e-03
2.064305330061271329e-02 2.021691765104077429e-02
3.541351903331362017e-02 3.415940170299075485e-02
3.899481985297913178e-02 3.747422387761283752e-02
4.115761415455414934e-02 3.946366495165899019e-02
4.973804841550445027e-02 4.726417495532138358e-02
3.474417576246883327e-02 3.353701801305550984e-02
3.406695631872136421e-02 3.290639880589969757e-02
1.803074426750399945e-02 1.770563652866386992e-02
1.411197617653613817e-02 1.391282830492901468e-02
3.103457420773996639e-02 3.007142941148424620e-02
3.413240566080531779e-02 3.296738454461154572e-02
2.581998350457574698e-03 2.575331634975809060e-03
4.121865473349948378e-03 4.104875698369554043e-03
2.250528872984138354e-02 2.199880070902785617e-02
1.162352810026559546e-01 1.027246404528895651e-01
2.658782699722115339e-01 1.951870155287953323e-01
4.839168642786683683e-01 2.497413327453692211e-01
9.066832078739091028e-01 8.460876843338682729e-02
9.066832078739091028e-01 8.460876843338682729e-02
9.066832078739091028e-01 8.460876843338682729e-02
9.066832078739091028e-01 8.460876843338682729e-02
9.066832078739091028e-01 8.460876843338682729e-02
1.071214605247278601e-01 9.564645321977703618e-02
2.365266888791344585e-02 2.309322014239217555e-02
9.663833456910207731e-03 9.570443779827310024e-03
3.353070735601148232e-03 3.341827652243203363e-03
1.126824051813216966e-02 1.114126727375769343e-02
6.127808811158252933e-02 5.752308402897166051e-02
8.529169919535019295e-02 7.801702524372008951e-02
8.553209869839140111e-02 7.821635879064003927e-02
6.914117124384612512e-02 6.436066968287526557e-02
4.081103001930823371e-02 3.914548984807135479e-02
1.861976380981738427e-02 1.827306820548399782e-02
8.086387053145750389e-03 8.020997397572466464e-03
5.609697491690470751e-03 5.578228785742191977e-03
4.680434410473876053e-03 4.658527944203127991e-03
1.319129588231411111e-02 1.301728559525935393e-02
1.279699136971776743e-02 1.263322838160113593e-02
2.356683867351833106e-02 2.301144278845469043e-02
1.052194122496848128e-02 1.041122997782678930e-02
6.491032170417596579e-03 6.448898671780200695e-03
5.008014823208868128e-03 4.982934610739388377e-03
2.352970981950123705e-02 2.297606257531130403e-02
2.862062619233712857e-02 2.780148594869563325e-02
2.467981093987536498e-02 2.407071787184737396e-02
2.288146498860554531e-02 2.235790354858076256e-02
3.470976837080953087e-02 3.350500035045428371e-02
3.071264290992695156e-02 2.976937647541426368e-02
3.957036878860004797e-02 3.800455470253423507e-02
1.847836971011370191e-02 1.813691956297005387e-02
2.790482677373443479e-02 2.712614741646230884e-02
6.867287627830870322e-02 6.395691234197281583e-02
1.134235892210999075e-01 1.005586786293030943e-01
2.015961117103244951e-02 1.975320124846523251e-02
2.387664774696128880e-02 2.330655343932881707e-02
6.393776666910637452e-02 5.984972866247328244e-02
2.509282916807511477e-01 1.879632841149310174e-01
3.786355320107693267e-01 2.352706659096910069e-01
4.622974243198273991e-01 2.485785157870808448e-01
4.676766431844978644e-01 2.489552006041777232e-01
9.066832078739091028e-01 8.460876843338682729e-02
9.066832078739091028e-01 8.460876843338682729e-02
9.066832078739091028e-01 8.460876843338682729e-02
9.066832078739091028e-01 8.460876843338682729e-02
9.066832078739091028e-01 8.460876843338682729e-02
8.978107151366755689e-02 8.172043071152526594e-02
3.579979285939785538e-02 3.451816769062206192e-02
2.153020824816502879e-02 2.106665838095567525e-02
6.163859190487309958e-02 5.783927589285760978e-02
8.513182634234603419e-02 7.788439848596266646e-02
9.811969839180455233e-02 8.849222317930585668e-02
9.978735616983754053e-02 8.982983971847152693e-02
7.307098787570007192e-02 6.773161860656937150e-02
1.578711258057504188e-02 1.553787965694329067e-02
1.422262348472487156e-02 1.402034046593662354e-02
9.921169848727260862e-03 9.822740237559966434e-03
1.001364420444249628e-02 9.913371134189332204e-03
4.327396436765038046e-03 4.308670076844111491e-03
1.678450952351403722e-02 1.650278976356910413e-02
1.779989445210684515e-02 1.748305820960070062e-02
2.914631332000137617e-02 2.829680573985368652e-02
2.012401128934995093e-02 1.971903545897606830e-02
1.303126030560655679e-02 1.286144656045407932e-02
1.708230615727672139e-02 1.679050097362578750e-02
3.506630194715931043e-02 3.383665641490996023e-02
3.215072953949384832e-02 3.111706012957216744e-02
2.715973873753746090e-02 2.642208732924616887e-02
3.227234680327478039e-02 3.123084243508393934e-02
1.075872874194523099e-01 9.601226300517647083e-02
9.735218767815258245e-02 8.787473923243033225e-02
8.170350837573880920e-02 7.502804509483439188e-02
8.393579145535308428e-02 7.689057436811655433e-02
1.784060164385372904e-01 1.465773097370696443e-01
2.048832916494732204e-01 1.629061284523501130e-01
1.715170741056583903e-01 1.420989673958924782e-01
1.335973923509001411e-02 1.318125660266040999e-02
4.268202532812535172e-02 4.086027004201461810e-02
1.441342882673725956e-01 1.233595952130305262e-01
2.446822655687446169e-01 1.848128544848909594e-01
3.221623531206265767e-01 2.183737713524072643e-01
4.045438180231307745e-01 2.408881173223988148e-01
2.916207298900157507e-01 2.065780797884302356e-01
2.860482464496922339e-01 2.042246471527483509e-01
9.066832078739091028e-01 8.460876843338682729e-02
9.066832078739091028e-01 8.460876843338682729e-02
9.066832078739091028e-01 8.460876843338682729e-02
9.066832078739091028e-01 8.460876843338682729e-02
9.066832078739091028e-01 8.460876843338682729e-02
6.951984379917172663e-02 6.468683511731049274e-02
7.776789320259507032e-02 7.172004798942484272e-02
1.488356304809706487e-01 1.266835855803025990e-01
1.237853634916779577e-01 1.084625472769111254e-01
9.146020669973793649e-02 8.309523729017914695e-02
9.442561704388996446e-02 8.550941988977059371e-02
3.624248862880160432e-02 3.492897064679278962e-02
3.963001631285318141e-03 3.947296249355748167e-03
7.560529418068751353e-03 7.503367812987268154e-03
8.356919485065469541e-03 8.287081381785603093e-03
1.404206280818632614e-02 1.384488328027727588e-02
1.247203762632721757e-02 1.231648590377469599e-02
1.448194055945561075e-02 1.427221395708800494e-02
1.215576683534453500e-02 1.200800416798927274e-02
2.318870120840956298e-02 2.265098534467666763e-02
1.000365696756108647e-02 9.903583814836452309e-03
6.436202961303036547e-03 6.394778252743950168e-03
6.361739121586905410e-03 6.321267396935776120e-03
2.591411944932547548e-02 2.524257786249156643e-02
8.787641394164606018e-03 8.710418752892171504e-03
6.272095520553812829e-03 6.232756338334861750e-03
6.110941862662271074e-02 5.737505758173888637e-02
7.745674458918311300e-02 7.145719730682915938e-02
6.812860622915455078e-02 6.348709924242734726e-02
4.935723636078684362e-02 4.692109957961226180e-02
1.589836098736551184e-01 1.337078216651965412e-01
1.860786404690231433e-01 1.514533800302231559e-01
1.782130181045376571e-01 1.464531382826093908e-01
1.729157042747169748e-01 1.430158634898955894e-01
3.597626821119109114e-02 3.468197633678753167e-02
1.413758275205343196e-01 1.213887029134184531e-01
2.360915084068596903e-01 1.803523080650333843e-01
2.999346083581768685e-01 2.099738390672039323e-01
3.106440696923536415e-01 2.141443316573257705e-01
2.740553792993343230e-01 1.989490283764323020e-01
1.712028168170257048e-01 1.418924123309416307e-01
1.324574650526668951e-01 1.149124850044884183e-01
1.071214605247278601e-01 9.564645321977703618e-02
9.066832078739091028e-01 8.460876843338682729e-02
9.066832078739091028e-01 8.460876843338682729e-02
9.066832078739091028e-01 8.460876843338682729e-02
9.066832078739091028e-01 8.460876843338682729e-02
9.066832078739091028e-01 8.460876843338682729e-02
1.625871279265059532e-01 1.361525537591159463e-01
1.421032287126601235e-01 1.219099011020975259e-01
1.475672964017319955e-01 1.257911894344153625e-01
5.238063307521815398e-02 4.963690235385751631e-02
2.581232403213047297e-02 2.514604796019077187e-02
4.367813747764920200e-03 4.348735950829756350e-03
1.302296936538512419e-03 1.300600959227594770e-03
1.024423632778857958e-03 1.023374188999462203e-03
4.387764338309984029e-04 4.385839090721129277e-04
2.312446659008597812e-03 2.307099249457837589e-03
2.887816196228787748e-04 2.886982247990467747e-04
2.391206681056300652e-03 2.385488811664772564e-03
2.918295572952376085e-03 2.909779123901262438e-03
1.157278477839020561e-02 1.143885543086326645e-02
9.709003951823646714e-03 9.614739194087120258e-03
5.254054074164062234e-03 5.226448989949822495e-03
9.076304670611113831e-03 8.993925364137357256e-03
2.298865501043080226e-02 2.246017675124219876e-02
8.789599333432896247e-03 8.712342276990612394e-03
1.065413891324086537e-01 9.519032153414533348e-02
8.996173232012416587e-02 8.186861903808649588e-02
9.559927184787828103e-02 8.646005107003375267e-02
1.057703067612374981e-01 9.458294896887121939e-02
1.574296845842985959e-01 1.326455789959868625e-01
1.981876140377801243e-01 1.589092836797920127e-01
2.080356133599260138e-01 1.647567969338853966e-01
2.015549834510538540e-01 1.609305720970992670e-01
1.400470190225010791e-01 1.204338514854123021e-01
1.102619595606128822e-01 9.810425983446664777e-02
1.894194706032794606e-01 1.535397347596528239e-01
2.441277183229552949e-01 1.845293754693830834e-01
3.252634708270396580e-01 2.194671453725871857e-01
2.480848703670376632e-01 1.865387674620077874e-01
1.408184114897343964e-01 1.209885864752422435e-01
9.191764047294977147e-02 8.346878784283531805e-02
8.434276307275831441e-02 7.722906139001087245e-02
2.365266888791344585e-02 2.309322014239217555e-02
8.978107151366755689e-02 8.172043071152526594e-02
9.066832078739091028e-01 8.460876843338682729e-02
9.066832078739091028e-01 8.460876843338682729e-02
9.066832078739091028e-01 8.460876843338682729e-02
9.066832078739091028e-01 8.460876843338682729e-02
9.066832078739091028e-01 8.460876843338682729e-02
2.809076604076896633e-01 2.019985467319677652e-01
1.896407901206158819e-01 1.536771608430443914e-01
1.113991905553921163e-01 9.898941089899554457e-02
5.372378977172314468e-02 5.083754418428684113e-02
7.438089561683429093e-03 7.382764385355805418e-03
6.359636985631603352e-03 6.319192003042590003e-03
1.218106494097020119e-02 1.203268659787406700e-02
5.415216673716677538e-03 5.385892102093378653e-03
6.860993580680098750e-03 6.813920347765965550e-03
1.497882385687232228e-03 1.495638734045880158e-03
7.447468822483398719e-03 7.392004030621536319e-03
1.609168341030011579e-02 1.583274113532278857e-02
3.714640795510940757e-02 3.576655233114198890e-02
4.134547985807800197e-02 3.963603115338326655e-02
2.580115808733327368e-02 2.513545832868571001e-02
8.388088899947488200e-03 8.317728864554065418e-03
1.524456042322550227e-02 1.501216380072812814e-02
6.681311173362002032e-02 6.234911983409082564e-02
1.052126252810078461e-01 9.414292876248607500e-02
9.772740794223323813e-02 8.817676167912556762e-02
2.456486610389744252e-01 1.853053963687334715e-01
1.290314182132899778e-01 1.123823113271570362e-01
1.735408716554336372e-01 1.434244375205059319e-01
1.711985520115136550e-01 1.418896078006747219e-01
1.688815357193856892e-01 1.403605626124475592e-01
6.767707082667730190e-02 6.309688491099821328e-02
4.132719203694392579e-02 3.961925523528548460e-02
1.780696968326440088e-01 1.463608799025742646e-01
2.213976920332692000e-01 1.723807539956108970e-01
2.539818489059231799e-01 1.894750693322519997e-01
2.335854502855981563e-01 1.790232877004725165e-01
1.416589992447019331e-01 1.215917271776914693e-01
9.501445097918745364e-02 8.598670508431104087e-02
1.194092647049401802e-02 1.179834074552027316e-02
9.102722069642800798e-03 9.019862520565639225e-03
9.663833456910207731e-03 9.570443779827310024e-03
3.579979285939785538e-02 3.451816769062206192e-02
6.951984379917172663e-02 6.468683511731049274e-02
9.066832078739091028e-01 8.460876843338682729e-02
9.066832078739091028e-01 8.460876843338682729e-02
9.066832078739091028e-01 8.460876843338682729e-02
9.066832078739091028e-01 8.460876843338682729e-02
9.066832078739091028e-01 8.460876843338682729e-02
2.819105421345552420e-01 2.024369883679563997e-01
7.513334468238662411e-02 6.948832519922430728e-02
6.281374211178883393e-02 5.886817591370251818e-02
2.284575174971396894e-02 2.232382337670441030e-02
5.348474806863513266e-03 5.319868624103859904e-03
2.989695406987750471e-03 2.980757128361186808e-03
1.800475847698898872e-03 1.797234134420751858e-03
2.374981048994038828e-03 2.369340514010958090e-03
1.756967944577769204e-03 1.753881008219495283e-03
5.867871836385160980e-03 5.833439916496918447e-03
1.015235879469602795e-02 1.004928840559978637e-02
1.351769284288808354e-02 1.333496482309341584e-02
1.237526914684238498e-02 1.222212186038559509e-02
9.744804585121721180e-03 9.649843368719511483e-03
7.639187470651454849e-03 7.580830285439696392e-03
1.346650677328637136e-01 1.165303872653669359e-01
1.192711422717170761e-01 1.050455368929169020e-01
1.457078278648015202e-01 1.244770567637228931e-01
2.620839189082747600e-01 1.933959383579555991e-01
3.074412302351433035e-01 2.129211201866449132e-01
2.256490459135546967e-01 1.747315539918571914e-01
1.741353770405201229e-01 1.438122475034760150e-01
2.058176675784513798e-01 1.634567552910174693e-01
1.475581376622668028e-01 1.257847336719103148e-01
6.382636451563747371e-02 5.975255970835444824e-02
7.504233335768217827e-02 6.941098156191667645e-02
1.551564503083679714e-01 1.310829262360749259e-01
2.297208433606330868e-01 1.769491774863125588e-01
2.004485827912353413e-01 1.602689484482206217e-01
1.298967405277348663e-01 1.130235773280051925e-01
9.748883778096818775e-02 8.798476428908424962e-02
7.342533489319928719e-02 6.803405508902081456e-02
6.553123371075178505e-03 6.510179945158647147e-03
6.403717882541415558e-03 6.362710279822234548e-03
3.353070735601148232e-03 3.341827652243203363e-03
2.153020824816502879e-02 2.106665838095567525e-02
7.776789320259507032e-02 7.172004798942484272e-02
1.625871279265059532e-01 1.361525537591159463e-01
9.066832078739091028e-01 8.460876843338682729e-02
9.066832078739091028e-01 8.460876843338682729e-02
9.066832078739091028e-01 8.460876843338682729e-02
9.066832078739091028e-01 8.460876843338682729e-02
9.066832078739091028e-01 8.460876843338682729e-02
4.513482834474353278e-01 2.476330104764889184e-01
1.964039904686835369e-01 1.578294629966608131e-01
3.978116828207646505e-02 3.819862693218957495e-02
2.357250915991816048e-02 2.301684597182373365e-02
8.977659849933632141e-02 8.171676086122528493e-02
2.538858242339078058e-02 2.474400230592147323e-02
6.449399081610509774e-03 6.407804333096631458e-03
2.027592338640755998e-03 2.023481207949041384e-03
9.248097810343391609e-03 9.162570497233712627e-03
2.300197266385497694e-02 2.247288191742624619e-02
2.971326714377795636e-02 2.883038889942044283e-02
4.442544403779966761e-02 4.245182395984399559e-02
3.982543820423440489e-02 3.823937267607511320e-02
7.357836252009801459e-02 6.816458708895904717e-02
1.314241015509750587e-01 1.141518070824940612e-01
1.320485972377863082e-01 1.146117652053192104e-01
2.901335613918175071e-01 2.059560779459179702e-01
2.324860331401314983e-01 1.784362775348971863e-01
2.536245092000669055e-01 1.892991175330920872e-01
2.439381011733861848e-01 1.844323039693089861e-01
1.502760031449087985e-01 1.276931260237001708e-01
4.674794931860869890e-02 4.456257855311349103e-02
5.042651026719634916e-02 4.788367732946868793e-02
8.824834020798755230e-02 8.046057065852284251e-02
1.080231626556985430e-01 9.635415898555904635e-02
1.644890553136953704e-01 1.374324059957034438e-01
1.523157886159721142e-01 1.291156891542666052e-01
1.355505122128290718e-01 1.171765708516687432e-01
1.011754855567880695e-01 9.093900667913623614e-02
1.911083763858667170e-02 1.874561352333824898e-02
2.946452666950323540e-02 2.859636833764536701e-02
1.374594425089304371e-02 1.355699326754438404e-02
1.399403112858179851e-02 1.379819822135408200e-02
1.126824051813216966e-02 1.114126727375769343e-02
6.163859190487309958e-02 5.783927589285760978e-02
1.488356304809706487e-01 1.266835855803025990e-01
1.421032287126601235e-01 1.219099011020975259e-01
2.809076604076896633e-01 2.019985467319677652e-01
9.066832078739091028e-01 8.460876843338682729e-02
9.066832078739091028e-01 8.460876843338682729e-02
9.066832078739091028e-01 8.460876843338682729e-02
9.066832078739091028e-01 8.460876843338682729e-02
9.066832078739091028e-01 8.460876843338682729e-02
8.285492730216566237e-02 7.598998832391851144e-02
3.617513553491775308e-02 3.486649510394808360e-02
1.714487688765315918e-02 1.685093008416037666e-02
1.669197156967502926e-02 1.641334965479218991e-02
5.459268551279732561e-03 5.429464938164740503e-03
4.540297694730857474e-03 4.519683391574078751e-03
2.752691900815553913e-03 2.745114588114738220e-03
6.231174069245119101e-03 6.192346538963886156e-03
1.036014136124615952e-02 1.025280883222115524e-02
1.026814877085040038e-02 1.016271389167008356e-02
9.969863173849883090e-03 9.870465002144595407e-03
1.026439876854367689e-01 9.210819947746867742e-02
1.252809376462945823e-01 1.095856243087598297e-01
1.463166740864284832e-01 1.249081049707143481e-01
1.516569086601179950e-01 1.286570907157746357e-01
2.057020104373432079e-01 1.633886933393783603e-01
2.269010743170057354e-01 1.754169767907943767e-01
2.331022384555786198e-01 1.787655848825771832e-01
1.932838140835085872e-01 1.559251812968402706e-01
1.178503819873705644e-01 1.039616694528014140e-01
8.066641614472939981e-02 7.415934545109473253e-02
7.364099294900332271e-02 6.821799710648816795e-02
9.460479941879766652e-02 8.565473134572672287e-02
1.017226300672938594e-01 9.137513659948634515e-02
8.091576074900215521e-02 7.436840041141239144e-02
7.590024967694709856e-02 7.013940177592419001e-02
5.949702035776456566e-02 5.595712492631231549e-02
8.167291178146790509e-02 7.500244726260446582e-02
1.551314463826836479e-02 1.527248698170052994e-02
2.927733589930386904e-02 2.842017350194320224e-02
1.421781339842818556e-02 1.401566718059566070e-02
1.806614423662377539e-02 1.773975866904528229e-02
6.127808811158252933e-02 5.752308402897166051e-02
8.513182634234603419e-02 7.788439848596266646e-02
1.237853634916779577e-01 1.084625472769111254e-01
1.475672964017319955e-01 1.257911894344153625e-01
1.896407901206158819e-01 1.536771608430443914e-01
2.819105421345552420e-01 2.024369883679563997e-01
9.066832078739091028e-01 8.460876843338682729e-02
9.066832078739091028e-01 8.460876843338682729e-02
9.066832078739091028e-01 8.460876843338682729e-02
9.066832078739091028e-01 8.460876843338682729e-02
9.066832078739091028e-01 8.460876843338682729e-02
3.465963815061454817e-02 3.345834763388301492e-02
8.363393111523029222e-02 7.663929668144320306e-02
1.269346215096998631e-01 1.108222233718891003e-01
2.429962552320512684e-02 2.370915372263712392e-02
8.873948397949834102e-03 8.795201437780357859e-03
5.787625869301437492e-03 5.754129256098429977e-03
1.974136265690105627e-02 1.935164125734976925e-02
2.419924478596909706e-02 2.361364133775784371e-02
1.690226886406284018e-02 1.661658217130977319e-02
2.574693587712242882e-02 2.508403117006177338e-02
1.380403027832934892e-01 1.189851775907901366e-01
1.499559163893449953e-01 1.274691395291767670e-01
2.561466775873239565e-01 1.905355571482994503e-01
2.592257430499465554e-01 1.920277571901496394e-01
2.550693628399090529e-01 1.900089829803518759e-01
2.885804332262864036e-01 2.053017667852152783e-01
3.050321442704614916e-01 2.119875352322258544e-01
1.397175669931666753e-01 1.201965684666766593e-01
9.651157725390135944e-02 8.719709270986558680e-02
1.155197975793523790e-01 1.021749739465778323e-01
1.126401030939986475e-01 9.995231026897200000e-02
1.066337104250835305e-01 9.526296222606296660e-02
1.033300419350264704e-01 9.265294436873214301e-02
4.045882766952169779e-02 3.882191093312964414e-02
4.302749354807987314e-02 4.117612834704981878e-02
3.271925997517150658e-02 3.164871000184864974e-02
5.690621752176011627e-02 5.366789992912623930e-02
1.493998710434278794e-02 1.471678388966485979e-02
2.266456087822238744e-02 2.215087855841973985e-02
1.347895320559109635e-02 1.329727102607258099e-02
1.434148764388370849e-02 1.413580937604403884e-02
8.529169919535019295e-02 7.801702524372008951e-02
9.811969839180455233e-02 8.849222317930585668e-02
9.146020669973793649e-02 8.309523729017914695e-02
5.238063307521815398e-02 4.963690235385751631e-02
1.113991905553921163e-01 9.898941089899554457e-02
7.513334468238662411e-02 6.948832519922430728e-02
4.513482834474353278e-01 2.476330104764889184e-01
9.066832078739091028e-01 8.460876843338682729e-02
9.066832078739091028e-01 8.460876843338682729e-02
9.066832078739091028e-01 8.460876843338682729e-02
9.066832078739091028e-01 8.460876843338682729e-02
9.066832078739091028e-01 8.460876843338682729e-02
1.483809644373659253e-01 1.263640538300030702e-01
1.323014747318256024e-01 1.147977945156097163e-01
1.637583964034186323e-01 1.369415840107994498e-01
5.590869867261829412e-02 5.278291608535266161e-02
1.590407310786294895e-02 1.565113356644269940e-02
2.931521298678903611e-02 2.845583127432823115e-02
3.868460267550866832e-02 3.718810419134669504e-02
1.195461217645005098e-01 1.052548465355677282e-01
1.255231390332789965e-01 1.097670806005111022e-01
1.867933192013634947e-01 1.519015751031010386e-01
2.072699844853228834e-01 1.643091380167768789e-01
3.445142323038848375e-01 2.258241760439497203e-01
2.275662967518913560e-01 1.757798773345214949e-01
2.582534359272236069e-01 1.915585987590070205e-01
1.918657058036338237e-01 1.550532567401072537e-01
1.015152752971850286e-01 9.120992417852176459e-02
6.123842067599472028e-02 5.748827650910462439e-02
8.165852374923171508e-02 7.499040924832788002e-02
9.831956024771956737e-02 8.865282432041460270e-02
9.353357899694607347e-02 8.478504859696811558e-02
8.906639286695827717e-02 8.113357052862692209e-02
6.429111757063656063e-02 6.015776977215514520e-02
1.713509648113457906e-02 1.684148494971678817e-02
1.599819946691340838e-02 1.574225708073025837e-02
1.420435646800924205e-02 1.400259272533896544e-02
2.933380601622110478e-02 2.847333384082381680e-02
2.858661326418302992e-02 2.776941880626706410e-02
3.623589641354629798e-02 3.492285622465304135e-02
3.891368901227156007e-02 3.739941381972777812e-02
5.638263019332182685e-02 5.320362920580493787e-02
8.553209869839140111e-02 7.821635879064003927e-02
9.978735616983754053e-02 8.982983971847152693e-02
9.442561704388996446e-02 8.550941988977059371e-02
2.581232403213047297e-02 2.514604796019077187e-02
5.372378977172314468e-02 5.083754418428684113e-02
6.281374211178883393e-02 5.886817591370251818e-02
1.964039904686835369e-01 1.578294629966608131e-01
8.285492730216566237e-02 7.598998832391851144e-02
9.066832078739091028e-01 8.460876843338682729e-02
9.066832078739091028e-01 8.460876843338682729e-02
9.066832078739091028e-01 8.460876843338682729e-02
9.066832078739091028e-01 8.460876843338682729e-02
9.066832078739091028e-01 8.460876843338682729e-02
3.465703617972248907e-01 2.264593461209655212e-01
2.509497237940714331e-01 1.879739599217506996e-01
2.934972504360517931e-01 2.073566144225292840e-01
1.335397660944402376e-01 1.157068969658824331e-01
8.343155024925406893e-02 7.647072667226026410e-02
8.849779369365250170e-02 8.066593420500822731e-02
1.872753949506537618e-01 1.522033213967304011e-01
1.776466217033812467e-01 1.460882995007569962e-01
2.835138571612446645e-01 2.031337499587980155e-01
3.558938178288511001e-01 2.292334082600556433e-01
3.194837346659650246e-01 2.174138779498522855e-01
2.645061039668800684e-01 1.945426249311421052e-01
2.937694303184847366e-01 2.074689521288376748e-01
2.110464252214908076e-01 1.665058316227204793e-01
1.042933962862506586e-01 9.341628377732973110e-02
9.985737819906016777e-02 8.988588221827002733e-02
9.147179332313111477e-02 8.310470434938149742e-02
9.657823014474065104e-02 8.725087560685015897e-02
8.878268452629865803e-02 8.090031945460238183e-02
5.099046998597729641e-02 4.839044195658644132e-02
4.868851699206532685e-02 4.631794530517869407e-02
9.683274497535277262e-03 9.589508692540660295e-03
9.765177607724094891e-03 9.669818914013698224e-03
1.128113069144645077e-02 1.115386678176895525e-02
2.636692680260074167e-02 2.567171197358703721e-02
2.149036433502524504e-02 2.102852857577312135e-02
2.233301162074980903e-02 2.183424821269726313e-02
2.319143957490076013e-02 2.265359670534448575e-02
5.115501362723438861e-02 4.853817820803184996e-02
6.914117124384612512e-02 6.436066968287526557e-02
7.307098787570007192e-02 6.773161860656937150e-02
3.624248862880160432e-02 3.492897064679278962e-02
4.367813747764920200e-03 4.348735950829756350e-03
7.438089561683429093e-03 7.382764385355805418e-03
2.284575174971396894e-02 2.232382337670441030e-02
3.978116828207646505e-02 3.819862693218957495e-02
3.617513553491775308e-02 3.486649510394808360e-02
3.465963815061454817e-02 3.345834763388301492e-02
9.066832078739091028e-01 8.460876843338682729e-02
9.066832078739091028e-01 8.460876843338682729e-02
9.066832078739091028e-01 8.460876843338682729e-02
9.066832078739091028e-01 8.460876843338682729e-02
9.066832078739091028e-01 8.460876843338682729e-02
4.637856166279185621e-01 2.486885184369799218e-01
3.813564686268479109e-01 2.359237124633078719e-01
2.835857886788804016e-01 2.031648891382578093e-01
2.690212310194612377e-01 1.966488082802348991e-01
2.085610588605446292e-01 1.650633435875130672e-01
2.353837486067166807e-01 1.799782394985666722e-01
2.306559564871131507e-01 1.774537862241281072e-01
3.507136377690240336e-01 2.277135820518418341e-01
2.833527309440859177e-01 2.030639608106143690e-01
3.338274600350906729e-01 2.223866869616106245e-01
2.130568015026336748e-01 1.676636008361010177e-01
1.688538149134367339e-01 1.403422041026155809e-01
7.424594235922425678e-02 6.873348240241500262e-02
7.848170992912524568e-02 7.232233113572589245e-02
4.719873416026246216e-02 4.497101365393133682e-02
7.614343229921152756e-02 7.034561001690692317e-02
6.285903134558386285e-02 5.890777352387877031e-02
5.345714730486356842e-02 5.059948070688968791e-02
3.283238870581397378e-02 3.175442295768431122e-02
2.122099887713820715e-02 2.077066808379470636e-02
5.636881120332320333e-03 5.605106691567561354e-03
6.226384913952388335e-03 6.187617044855694103e-03
9.932967250992037062e-03 9.834303412582756990e-03
1.539330000818711977e-02 1.515634632304506575e-02
1.884742867011244757e-02 1.849220310263747016e-02
2.074191094937586841e-02 2.031168407954403107e-02
2.085530970233920658e-02 2.042036575955872429e-02
3.648501831166581222e-02 3.515386175046322087e-02
4.081103001930823371e-02 3.914548984807135479e-02
1.578711258057504188e-02 1.553787965694329067e-02
3.963001631285318141e-03 3.947296249355748167e-03
1.302296936538512419e-03 1.300600959227594770e-03
6.359636985631603352e-03 6.319192003042590003e-03
5.348474806863513266e-03 5.319868624103859904e-03
2.357250915991816048e-02 2.301684597182373365e-02
1.714487688765315918e-02 1.685093008416037666e-02
8.363393111523029222e-02 7.663929668144320306e-02
1.483809644373659253e-01 1.263640538300030702e-01
9.066832078739091028e-01 8.460876843338682729e-02
9.066832078739091028e-01 8.460876843338682729e-02
9.066832078739091028e-01 8.460876843338682729e-02
9.066832078739091028e-01 8.460876843338682729e-02
9.066832078739091028e-01 8.460876843338682729e-02
4.998136752428168905e-01 2.499999652830848518e-01
3.038479120997656935e-01 2.115243584123787657e-01
3.269880413698550425e-01 2.200668621709609973e-01
2.454940667187352488e-01 1.852267299246324050e-01
2.691572031442839297e-01 1.967116031398306042e-01
2.703648735751898458e-01 1.972677087118614447e-01
2.884718592204134069e-01 2.052558456583313817e-01
2.906222989009025204e-01 2.061609782824569970e-01
2.729579784947847032e-01 1.984519204708253548e-01
1.796529787192386873e-01 1.473777859565434667e-01
6.884967123388190113e-02 6.410939400486827255e-02
5.603829024371294321e-02 5.289800027027433127e-02
2.496477788686821478e-02 2.434153775192755137e-02
3.933498074275573048e-02 3.778774003272276916e-02
5.313239735119047735e-02 5.030934570290568342e-02
2.861026954848108761e-02 2.779172202484434320e-02
2.978002717576554853e-02 2.889317715717621554e-02
9.197308944042727197e-03 9.112718452230559110e-03
7.843921560776623281e-03 7.782394455325006635e-03
1.025346701561628306e-02 1.014833342977595164e-02
2.013853075800129538e-02 1.973297033691033195e-02
1.211384900154438213e-02 1.196710366391216460e-02
1.730851059070421388e-02 1.700892605183569259e-02
2.186559725643118235e-02 2.138749291305073325e-02
1.576451476529473414e-02 1.551599483950953824e-02
1.510606883934970460e-02 1.487787552357053289e-02
3.659408488708347507e-02 3.525495783836040536e-02
1.861976380981738427e-02 1.827306820548399782e-02
1.422262348472487156e-02 1.402034046593662354e-02
7.560529418068751353e-03 7.503367812987268154e-03
1.024423632778857958e-03 1.023374188999462203e-03
1.218106494097020119e-02 1.203268659787406700e-02
2.989695406987750471e-03 2.980757128361186808e-03
8.977659849933632141e-02 8.171676086122528493e-02
1.669197156967502926e-02 1.641334965479218991e-02
1.269346215096998631e-01 1.108222233718891003e-01
1.323014747318256024e-01 1.147977945156097163e-01
3.465703617972248907e-01 2.264593461209655212e-01
9.066832078739091028e-01 8.460876843338682729e-02
9.066832078739091028e-01 8.460876843338682729e-02
9.066832078739091028e-01 8.460876843338682729e-02
9.066832078739091028e-01 8.460876843338682729e-02
9.066832078739091028e-01 8.460876843338682729e-02
3.996362734592978083e-01 2.399271223948631626e-01
3.250468027181032116e-01 2.193913787608416932e-01
3.118215891073187196e-01 2.145888856739052164e-01
3.011987073675980175e-01 2.104780460476860793e-01
2.187292155359873147e-01 1.708867458069989187e-01
2.156647112283773815e-01 1.691534435591579844e-01
2.079810459655821175e-01 1.647249304846445384e-01
9.528607164173269473e-02 8.620663619281927759e-02
5.489849690962597673e-02 5.188465194668976516e-02
9.547768708365373183e-03 9.456608821056932540e-03
1.334919534222541067e-02 1.317099432594051774e-02
2.304805673591673806e-02 2.251684381661470113e-02
2.012246114517489068e-02 1.971754770263581605e-02
2.859577851683504576e-02 2.777805996785116111e-02
3.476644602839147613e-03 3.464557545144697232e-03
1.875606195992753642e-03 1.872088297390307309e-03
2.757563293471381512e-03 2.749959138153880867e-03
8.923327437156104713e-03 8.843701664605400914e-03
8.756663613877897767e-03 8.679984456231285353e-03
9.122683858866442730e-03 9.039460498077619977e-03
1.009255663856152389e-02 9.990696939058952425e-03
1.135614436688654576e-02 1.122718235200497600e-02
1.967999987306482887e-02 1.929269747806099805e-02
7.158881537168519486e-03 7.107631952305307199e-03
6.577881736081599151e-03 6.534613207947723157e-03
1.832647723454582100e-02 1.799061746671749493e-02
8.086387053145750389e-03 8.020997397572466464e-03
9.921169848727260862e-03 9.822740237559966434e-03
8.356919485065469541e-03 8.287081381785603093e-03
4.387764338309984029e-04 4.385839090721129277e-04
5.415216673716677538e-03 5.385892102093378653e-03
1.800475847698898872e-03 1.797234134420751858e-03
2.538858242339078058e-02 2.474400230592147323e-02
5.459268551279732561e-03 5.429464938164740503e-03
2.429962552320512684e-02 2.370915372263712392e-02
1.637583964034186323e-01 1.369415840107994498e-01
2.509497237940714331e-01 1.879739599217506996e-01
4.637856166279185621e-01 2.486885184369799218e-01
9.066832078739091028e-01 8.460876843338682729e-02
9.066832078739091028e-01 8.460876843338682729e-02
9.066832078739091028e-01 8.460876843338682729e-02
9.066832078739091028e-01 8.460876843338682729e-02
9.066832078739091028e-01 8.460876843338682729e-02
4.844325078472854762e-01 2.497576531880751627e-01
3.719461740739920530e-01 2.336022176657116534e-01
3.168760634036173474e-01 2.164656238454440440e-01
2.647326779096144667e-01 1.946492871564187710e-01
2.656836903075331380e-01 1.950958670121039629e-01
2.376865375953140236e-01 1.811916474412653966e-01
1.354051302985109784e-01 1.170705809873542474e-01
5.989921178063659785e-02 5.631129620869504415e-02
1.772183760611428099e-02 1.740777407797679602e-02
1.140349623818137821e-02 1.127345651172716179e-02
7.536646928520391794e-03 7.479845881595215823e-03
3.881558605581476688e-03 3.866492108372913093e-03
4.262107066777748483e-03 4.243941510129072003e-03
6.132036397208969055e-04 6.128276210171298977e-04
1.006373266757314448e-03 1.005360479605270710e-03
1.977523334310907644e-03 1.973612735773163339e-03
4.728110273297557974e-03 4.705755246541096400e-03
9.937222209161974962e-03 9.838473823927712872e-03
1.045607337126920784e-02 1.034674390092384273e-02
8.229478503421325600e-03 8.161754186983052536e-03
1.306636073319667260e-02 1.289563095038664953e-02
1.162090610900894799e-02 1.148586065021454591e-02
8.108742928729772287e-03 8.042991216845547797e-03
4.724583301265673947e-03 4.702261613895075514e-03
1.104143644652705661e-02 1.091952312772436103e-02
5.609697491690470751e-03 5.578228785742191977e-03
1.001364420444249628e-02 9.913371134189332204e-03
1.404206280818632614e-02 1.384488328027727588e-02
2.312446659008597812e-03 2.307099249457837589e-03
6.860993580680098750e-03 6.813920347765965550e-03
2.374981048994038828e-03 2.369340514010958090e-03
6.449399081610509774e-03 6.407804333096631458e-03
4.540297694730857474e-03 4.519683391574078751e-03
8.873948397949834102e-03 8.795201437780357859e-03
5.590869867261829412e-02 5.278291608535266161e-02
2.934972504360517931e-01 2.073566144225292840e-01
3.813564686268479109e-01 2.359237124633078719e-01
4.998136752428168905e-01 2.499999652830848518e-01
9.066832078739091028e-01 8.460876843338682729e-02
9.066832078739091028e-01 8.460876843338682729e-02
9.066832078739091028e-01 8.460876843338682729e-02
9.066832078739091028e-01 8.460876843338682729e-02
9.066832078739091028e-01 8.460876843338682729e-02
4.082982862567616222e-01 2.415907956965531733e-01
2.493228841780921190e-01 1.871609836032097907e-01
2.237743782144923921e-01 1.736994058692097054e-01
2.406867679023247109e-01 1.827566476590571920e-01
2.195722428749207478e-01 1.713602730337975555e-01
1.906067224814272931e-01 1.542757998263154517e-01
6.970775402842044333e-02 6.484858305673367462e-02
1.051055013993627690e-01 9.405833497495132145e-02
2.921391094474225236e-02 2.836045835205492152e-02
3.292516869167608218e-02 3.184110195830075485e-02
4.993720323824362393e-03 4.968783081151785866e-03
4.670454524534024821e-03 4.648641379068284805e-03
4.223698482140447914e-03 4.205858853272412615e-03
1.802586701184667045e-02 1.770093513031788940e-02
1.110203507978321791e-02 1.097877989687047993e-02
1.959075622923578744e-02 1.920695849960244589e-02
6.738446703424911567e-03 6.693040039450013495e-03
6.668134788747241172e-03 6.623670767186339535e-03
6.962002775833791429e-03 6.913533293183073657e-03
1.008552558317249610e-02 9.983807756883669379e-03
9.363937416644315531e-03 9.276254092701484780e-03
5.288606938148608660e-03 5.260637574802375267e-03
4.109170674581719140e-03 4.092285390948876764e-03
8.567130364261285255e-03 8.493734641583037745e-03
4.680434410473876053e-03 4.658527944203127991e-03
4.327396436765038046e-03 4.308670076844111491e-03
1.247203762632721757e-02 1.231648590377469599e-02
2.887816196228787748e-04 2.886982247990467747e-04
1.497882385687232228e-03 1.495638734045880158e-03
1.756967944577769204e-03 1.753881008219495283e-03
2.027592338640755998e-03 2.023481207949041384e-03
2.752691900815553913e-03 2.745114588114738220e-03
5.787625869301437492e-03 5.754129256098429977e-03
1.590407310786294895e-02 1.565113356644269940e-02
1.335397660944402376e-01 1.157068969658824331e-01
2.835857886788804016e-01 2.031648891382578093e-01
3.038479120997656935e-01 2.115243584123787657e-01
3.996362734592978083e-01 2.399271223948631626e-01
9.066832078739091028e-01 8.460876843338682729e-02
9.066832078739091028e-01 8.460876843338682729e-02
9.066832078739091028e-01 8.460876843338682729e-02
9.066832078739091028e-01 8.460876843338682729e-02
9.066832078739091028e-01 8.460876843338682729e-02
3.284501560353886851e-01 2.205706510357174910e-01
2.119962251182541391e-01 1.670538256538646460e-01
2.091441811476776325e-01 1.654028926397450305e-01
1.803168659535717699e-01 1.478026938062534101e-01
1.069600762915908221e-01 9.551961837128788990e-02
3.909507233281065558e-02 3.756664765210295659e-02
5.371398490762248346e-02 5.082879273296618539e-02
1.133094092034583715e-02 1.120255069820546949e-02
1.326196483811366983e-02 1.308608512674630693e-02
2.855444810459434324e-03 2.847291245393854600e-03
2.469834950953558265e-03 2.463734866268606303e-03
1.413684273039430596e-03 1.411685769815591678e-03
4.977263309162043188e-03 4.952490159113312300e-03
5.857108763959782347e-03 5.822803040886928051e-03
1.370839261396661173e-02 1.352047258590795796e-02
1.110984231274258008e-02 1.098641371652857475e-02
1.395149141332995522e-02 1.375684730067373504e-02
9.555871429217852736e-03 9.464556750446110472e-03
1.452950634594376428e-02 1.431839979128694471e-02
9.005749389171870470e-03 8.924645867111301312e-03
7.523174677137628615e-03 7.466576519914903606e-03
9.703642603512141473e-03 9.609481923735445352e-03
1.663429534921829350e-02 1.635759556745326748e-02
1.319129588231411111e-02 1.301728559525935393e-02
1.678450952351403722e-02 1.650278976356910413e-02
1.448194055945561075e-02 1.427221395708800494e-02
2.391206681056300652e-03 2.385488811664772564e-03
7.447468822483398719e-03 7.392004030621536319e-03
5.867871836385160980e-03 5.833439916496918447e-03
9.248097810343391609e-03 9.162570497233712627e-03
6.231174069245119101e-03 6.192346538963886156e-03
1.974136265690105627e-02 1.935164125734976925e-02
2.931521298678903611e-02 2.845583127432823115e-02
8.343155024925406893e-02 7.647072667226026410e-02
2.690212310194612377e-01 1.966488082802348991e-01
3.269880413698550425e-01 2.200668621709609973e-01
3.250468027181032116e-01 2.193913787608416932e-01
4.844325078472854762e-01 2.497576531880751627e-01
9.066832078739091028e-01 8.460876843338682729e-02
9.066832078739091028e-01 8.460876843338682729e-02
9.066832078739091028e-01 8.460876843338682729e-02
9.066832078739091028e-01 8.460876843338682729e-02
9.066832078739091028e-01 8.460876843338682729e-02
4.623056215290575199e-01 2.485791338316893362e-01
2.939206794600629502e-01 2.075313136457978824e-01
1.945597728009031691e-01 1.567062676085640982e-01
1.067611420846790171e-01 9.536320062545400322e-02
2.657495494713433062e-02 2.586872671669211005e-02
3.864651710340172297e-02 3.715296381917820162e-02
1.998561953085229229e-02 1.958619454282030728e-02
2.233085400469622325e-02 2.183218696411716453e-02
1.099260845398034557e-02 1.087177101335782582e-02
5.441508251464790245e-03 5.411898239414031191e-03
2.171048029284335448e-03 2.166334579738876057e-03
1.832189058085501032e-02 1.798619890639818752e-02
1.032364307874188494e-02 1.021706547232462993e-02
2.559654998787472616e-02 2.494136661659295678e-02
2.189701065288055318e-02 2.141753157734819016e-02
3.570156895807369973e-02 3.442696693200560792e-02
2.903219538529245441e-02 2.818932701640265714e-02
3.187027359674641375e-02 3.085455925761494342e-02
9.893127388895230079e-03 9.795253419362321204e-03
9.561516384657015380e-03 9.470093789082950630e-03
1.098944573501792372e-02 1.086867781745502054e-02
1.711795535316551486e-02 1.682493095769254862e-02
1.279699136971776743e-02 1.263322838160113593e-02
1.779989445210684515e-02 1.748305820960070062e-02
1.215576683534453500e-02 1.200800416798927274e-02
2.918295572952376085e-03 2.909779123901262438e-03
1.609168341030011579e-02 1.583274113532278857e-02
1.015235879469602795e-02 1.004928840559978637e-02
2.300197266385497694e-02 2.247288191742624619e-02
1.036014136124615952e-02 1.025280883222115524e-02
2.419924478596909706e-02 2.361364133775784371e-02
3.868460267550866832e-02 3.718810419134669504e-02
8.849779369365250170e-02 8.066593420500822731e-02
2.085610588605446292e-01 1.650633435875130672e-01
2.454940667187352488e-01 1.852267299246324050e-01
3.118215891073187196e-01 2.145888856739052164e-01
3.719461740739920530e-01 2.336022176657116534e-01
4.082982862567616222e-01 2.415907956965531733e-01
9.066832078739091028e-01 8.460876843338682729e-02
9.066832078739091028e-01 8.460876843338682729e-02
9.066832078739091028e-01 8.460876843338682729e-02
9.066832078739091028e-01 8.460876843338682729e-02
9.066832078739091028e-01 8.460876843338682729e-02
3.255267489279350945e-01 2.195590846603441837e-01
1.988134260530854958e-01 1.592866476741197912e-01
1.006982655500320567e-01 9.055812486524728033e-02
4.408629908368159878e-02 4.214269731678577102e-02
5.791215685510307798e-02 5.455833894349301771e-02
3.437517758952252783e-02 3.319352475521131912e-02
5.087031932986054578e-02 4.828252994113856056e-02
2.356799271938556095e-02 2.301254243856454967e-02
1.129586774708031538e-02 1.116827111892078686e-02
4.222474268815080978e-02 4.044181379307026231e-02
2.751593651339152499e-02 2.675880975118253083e-02
4.888966675856691591e-02 4.649946724280318994e-02
3.381076942860426066e-02 3.266760129925001810e-02
2.748807536606168861e-02 2.673248107873140225e-02
4.199711509512833035e-02 4.023335741881487598e-02
4.108721230000181995e-02 3.939905328541640217e-02
4.922721151460727335e-02 4.680389316110339371e-02
1.193232185774802979e-02 1.178994155283113847e-02
1.790330621891338125e-02 1.758277784534519744e-02
1.919553570558010097e-02 1.882706711455589890e-02
2.469336314188793485e-02 2.408360095863078601e-02
2.356683867351833106e-02 2.301144278845469043e-02
2.914631332000137617e-02 2.829680573985368652e-02
2.318870120840956298e-02 2.265098534467666763e-02
1.157278477839020561e-02 1.143885543086326645e-02
3.714640795510940757e-02 3.576655233114198890e-02
1.351769284288808354e-02 1.333496482309341584e-02
2.971326714377795636e-02 2.883038889942044283e-02
1.026814877085040038e-02 1.016271389167008356e-02
1.690226886406284018e-02 1.661658217130977319e-02
1.195461217645005098e-01 1.052548465355677282e-01
1.872753949506537618e-01 1.522033213967304011e-01
2.353837486067166807e-01 1.799782394985666722e-01
2.691572031442839297e-01 1.967116031398306042e-01
3.011987073675980175e-01 2.104780460476860793e-01
3.168760634036173474e-01 2.164656238454440440e-01
2.493228841780921190e-01 1.871609836032097907e-01
3.284501560353886851e-01 2.205706510357174910e-01
9.066832078739091028e-01 8.460876843338682729e-02
9.066832078739091028e-01 8.460876843338682729e-02
9.066832078739091028e-01 8.460876843338682729e-02
9.066832078739091028e-01 8.460876843338682729e-02
9.066832078739091028e-01 8.460876843338682729e-02
2.716182848747699663e-01 1.978417921964582549e-01
9.480773746506680755e-02 8.581923038182177887e-02
5.016215248526811887e-02 4.764591094331283028e-02
5.234882854982317313e-02 4.960842869928439036e-02
3.193689573862099756e-02 3.091693042920145088e-02
7.274070396716748876e-02 6.744949395352839439e-02
4.937655015315119134e-02 4.693850644812453538e-02
3.173310074491018234e-02 3.072611106202356376e-02
2.201461093421653789e-02 2.152996783963161131e-02
1.591799341299930323e-02 1.566461089870301374e-02
7.714363420141456817e-02 7.119249390361290231e-02
7.656529528360304926e-02 7.070305084173772459e-02
1.622026538445352217e-02 1.595716837531142157e-02
3.978721217182051850e-02 3.820418991941505749e-02
4.387524133999790715e-02 4.195020453735484600e-02
4.734830208655823464e-02 4.510644037607826340e-02
2.432236287763709509e-02 2.373078554168563462e-02
7.486918889033201616e-03 7.430864934582239421e-03
7.026466343147115198e-03 6.977095113875736096e-03
1.334885803877441067e-02 1.317066602783505819e-02
1.052194122496848128e-02 1.041122997782678930e-02
2.012401128934995093e-02 1.971903545897606830e-02
1.000365696756108647e-02 9.903583814836452309e-03
9.709003951823646714e-03 9.614739194087120258e-03
4.134547985807800197e-02 3.963603115338326655e-02
1.237526914684238498e-02 1.222212186038559509e-02
4.442544403779966761e-02 4.245182395984399559e-02
9.969863173849883090e-03 9.870465002144595407e-03
2.574693587712242882e-02 2.508403117006177338e-02
1.255231390332789965e-01 1.097670806005111022e-01
1.776466217033812467e-01 1.460882995007569962e-01
2.306559564871131507e-01 1.774537862241281072e-01
2.703648735751898458e-01 1.972677087118614447e-01
2.187292155359873147e-01 1.708867458069989187e-01
2.647326779096144667e-01 1.946492871564187710e-01
2.237743782144923921e-01 1.736994058692097054e-01
2.119962251182541391e-01 1.670538256538646460e-01
4.623056215290575199e-01 2.485791338316893362e-01
9.066832078739091028e-01 8.460876843338682729e-02
9.066832078739091028e-01 8.460876843338682729e-02
9.066832078739091028e-01 8.460876843338682729e-02
9.066832078739091028e-01 8.460876843338682729e-02
9.066832078739091028e-01 8.460876843338682729e-02
9.051890098083369141e-02 8.232522954605571430e-02
3.614792981210185330e-02 3.484125698240121000e-02
4.320391241709349572e-02 4.133733436894961033e-02
1.816852316860200628e-02 1.783842793447397782e-02
5.127206897964440430e-02 4.864324392219099291e-02
7.792802589611516617e-02 7.185524867604957400e-02
5.473407054834890373e-02 5.173825206955726813e-02
1.051111291294797197e-02 1.040062941827923047e-02
6.845176022379675061e-03 6.798319587602313745e-03
7.548137795796013017e-02 6.978393953952770346e-02
1.018995849651919555e-01 9.151605954911358476e-02
5.947715415962233527e-03 5.912340097292958715e-03
1.725858717078274443e-02 1.696072833965123899e-02
2.268548224601476052e-02 2.217085114128050996e-02
4.865279239947697953e-02 4.628569819121037404e-02
1.210047584754322773e-02 1.195405433180625129e-02
1.693187583746338237e-02 1.664518741808810459e-02
2.286411066591023406e-03 2.281183391025593411e-03
7.875754333743836821e-03 7.813726827418352588e-03
6.491032170417596579e-03 6.448898671780200695e-03
1.303126030560655679e-02 1.286144656045407932e-02
6.436202961303036547e-03 6.394778252743950168e-03
5.254054074164062234e-03 5.226448989949822495e-03
2.580115808733327368e-02 2.513545832868571001e-02
9.744804585121721180e-03 9.649843368719511483e-03
3.982543820423440489e-02 3.823937267607511320e-02
1.026439876854367689e-01 9.210819947746867742e-02
1.380403027832934892e-01 1.189851775907901366e-01
1.867933192013634947e-01 1.519015751031010386e-01
2.835138571612446645e-01 2.031337499587980155e-01
3.507136377690240336e-01 2.277135820518418341e-01
2.884718592204134069e-01 2.052558456583313817e-01
2.156647112283773815e-01 1.691534435591579844e-01
2.656836903075331380e-01 1.950958670121039629e-01
2.406867679023247109e-01 1.827566476590571920e-01
2.091441811476776325e-01 1.654028926397450305e-01
2.939206794600629502e-01 2.075313136457978824e-01
3.255267489279350945e-01 2.195590846603441837e-01
9.066832078739091028e-01 8.460876843338682729e-02
9.066832078739091028e-01 8.460876843338682729e-02
9.066832078739091028e-01 8.460876843338682729e-02
9.066832078739091028e-01 8.460876843338682729e-02
9.066832078739091028e-01 8.460876843338682729e-02
4.232637124043185650e-02 4.053484953804899898e-02
4.463658713809005862e-02 4.264416222675375401e-02
1.048680739615696494e-01 9.387076102516041243e-02
1.045364938908801833e-01 9.360861533588214767e-02
8.192239763841893674e-02 7.521111840359170908e-02
7.817383434965975708e-02 7.206268597273171594e-02
1.133532761036571274e-01 1.005043109002251994e-01
6.656810724070238994e-02 6.213679433909273520e-02
9.815999918263021429e-02 8.852461374309625319e-02
1.121435816278517489e-01 9.956739872752909393e-02
8.421274718271858084e-03 8.350356850391253694e-03
1.475795573734739984e-02 1.454015847980189534e-02
4.122404264870774271e-02 3.952462095640527084e-02
6.212151479802691806e-02 5.826243219722544026e-02
4.904833455188655628e-02 4.664259542957276822e-02
4.632046483490861316e-02 4.417487937238660789e-02
1.952944433901704704e-02 1.914804514282628101e-02
4.364437347573517367e-03 4.345389034212623035e-03
5.008014823208868128e-03 4.982934610739388377e-03
1.708230615727672139e-02 1.679050097362578750e-02
6.361739121586905410e-03 6.321267396935776120e-03
9.076304670611113831e-03 8.993925364137357256e-03
8.388088899947488200e-03 8.317728864554065418e-03
7.639187470651454849e-03 7.580830285439696392e-03
7.357836252009801459e-02 6.816458708895904717e-02
1.252809376462945823e-01 1.095856243087598297e-01
1.499559163893449953e-01 1.274691395291767670e-01
2.072699844853228834e-01 1.643091380167768789e-01
3.558938178288511001e-01 2.292334082600556433e-01
2.833527309440859177e-01 2.030639608106143690e-01
2.906222989009025204e-01 2.061609782824569970e-01
2.079810459655821175e-01 1.647249304846445384e-01
2.376865375953140236e-01 1.811916474412653966e-01
2.195722428749207478e-01 1.713602730337975555e-01
1.803168659535717699e-01 1.478026938062534101e-01
1.945597728009031691e-01 1.567062676085640982e-01
1.988134260530854958e-01 1.592866476741197912e-01
2.716182848747699663e-01 1.978417921964582549e-01
9.066832078739091028e-01 8.460876843338682729e-02
9.066832078739091028e-01 8.460876843338682729e-02
9.066832078739091028e-01 8.460876843338682729e-02
9.066832078739091028e-01 8.460876843338682729e-02
9.066832078739091028e-01 8.460876843338682729e-02
2.164742479685550502e-01 1.696131479350035942e-01
1.939762511944611578e-01 1.563494651670044588e-01
1.483590501358946767e-01 1.263486423786697732e-01
9.062400397223291382e-02 8.241129387627363356e-02
1.898369778479580550e-02 1.862331700321134473e-02
9.989753894813835355e-02 8.991802066024354168e-02
1.308995589730436171e-01 1.137648644337062864e-01
1.471843678517350817e-01 1.255211297118202229e-01
1.304949006804599076e-01 1.134659815768568059e-01
3.083602308241611880e-03 3.074093705046218854e-03
5.565808369055625683e-03 5.534830146254576290e-03
8.815096055941940012e-03 8.737390137466456014e-03
5.420921561528704857e-02 5.127057655766236594e-02
2.201079817191977164e-02 2.152632293575478320e-02
5.483137028662607437e-02 5.182489111911697116e-02
1.641698761445542498e-02 1.614747013212224080e-02
2.064305330061271329e-02 2.021691765104077429e-02
2.352970981950123705e-02 2.297606257531130403e-02
3.506630194715931043e-02 3.383665641490996023e-02
2.591411944932547548e-02 2.524257786249156643e-02
2.298865501043080226e-02 2.246017675124219876e-02
1.524456042322550227e-02 1.501216380072812814e-02
1.346650677328637136e-01 1.165303872653669359e-01
1.314241015509750587e-01 1.141518070824940612e-01
1.463166740864284832e-01 1.249081049707143481e-01
2.561466775873239565e-01 1.905355571482994503e-01
3.445142323038848375e-01 2.258241760439497203e-01
3.194837346659650246e-01 2.174138779498522855e-01
3.338274600350906729e-01 2.223866869616106245e-01
2.729579784947847032e-01 1.984519204708253548e-01
9.528607164173269473e-02 8.620663619281927759e-02
1.354051302985109784e-01 1.170705809873542474e-01
1.906067224814272931e-01 1.542757998263154517e-01
1.069600762915908221e-01 9.551961837128788990e-02
1.067611420846790171e-01 9.536320062545400322e-02
1.006982655500320567e-01 9.055812486524728033e-02
9.480773746506680755e-02 8.581923038182177887e-02
9.051890098083369141e-02 8.232522954605571430e-02
9.066832078739091028e-01 8.460876843338682729e-02
9.066832078739091028e-01 8.460876843338682729e-02
9.066832078739091028e-01 8.460876843338682729e-02
9.066832078739091028e-01 8.460876843338682729e-02
9.066832078739091028e-01 8.460876843338682729e-02
1.760212692365230036e-01 1.450377820128864736e-01
1.439990361649841899e-01 1.232633137485397712e-01
1.395190936795575043e-01 1.200535161783923555e-01
9.613234207449446178e-02 8.689091488176683975e-02
1.390146926930762861e-01 1.196896079085258413e-01
1.386162424912378843e-01 1.194017798088482241e-01
2.022118130503451627e-01 1.613221957132374151e-01
1.350613054359236787e-01 1.168197492098678181e-01
3.133779486183903631e-03 3.123958912315876520e-03
2.992511340801584652e-03 2.983556216676758622e-03
7.221997335642084404e-03 7.169840090126063104e-03
1.982368861582628830e-02 1.943070998548904887e-02
3.066014722999681197e-02 2.972010260183173200e-02
5.096525617480437281e-02 4.836779883784093903e-02
4.128815262112107976e-02 3.958344107425609132e-02
3.541351903331362017e-02 3.415940170299075485e-02
2.862062619233712857e-02 2.780148594869563325e-02
3.215072953949384832e-02 3.111706012957216744e-02
8.787641394164606018e-03 8.710418752892171504e-03
8.789599333432896247e-03 8.712342276990612394e-03
6.681311173362002032e-02 6.234911983409082564e-02
1.192711422717170761e-01 1.050455368929169020e-01
1.320485972377863082e-01 1.146117652053192104e-01
1.516569086601179950e-01 1.286570907157746357e-01
2.592257430499465554e-01 1.920277571901496394e-01
2.275662967518913560e-01 1.757798773345214949e-01
2.645061039668800684e-01 1.945426249311421052e-01
2.130568015026336748e-01 1.676636008361010177e-01
1.796529787192386873e-01 1.473777859565434667e-01
5.489849690962597673e-02 5.188465194668976516e-02
5.989921178063659785e-02 5.631129620869504415e-02
6.970775402842044333e-02 6.484858305673367462e-02
3.909507233281065558e-02 3.756664765210295659e-02
2.657495494713433062e-02 2.586872671669211005e-02
4.408629908368159878e-02 4.214269731678577102e-02
5.016215248526811887e-02 4.764591094331283028e-02
3.614792981210185330e-02 3.484125698240121000e-02
4.232637124043185650e-02 4.053484953804899898e-02
9.066832078739091028e-01 8.460876843338682729e-02
9.066832078739091028e-01 8.460876843338682729e-02
9.066832078739091028e-01 8.460876843338682729e-02
9.066832078739091028e-01 8.460876843338682729e-02
9.066832078739091028e-01 8.460876843338682729e-02
1.093021302882653395e-01 9.735517460271241041e-02
7.027562941192237733e-02 6.533696532268053192e-02
7.006585347158536536e-02 6.515662964888369046e-02
1.233615702908114897e-01 1.081434932661966691e-01
1.136468695283426728e-01 1.007312585747505290e-01
2.802591506637381880e-01 2.017139591329782933e-01
2.200410828346840708e-01 1.716230046996237713e-01
8.083114856398208176e-03 8.017778110616482698e-03
8.397894758600745954e-03 8.327370122224212259e-03
1.125924514107299983e-02 1.113247453992622336e-02
3.013882158207949885e-02 2.923047301572307896e-02
4.037639757296036802e-02 3.874614409199060583e-02
6.127274822877341182e-02 5.751839855326675716e-02
4.313132627811372410e-02 4.127101497160461790e-02
3.899481985297913178e-02 3.747422387761283752e-02
2.467981093987536498e-02 2.407071787184737396e-02
2.715973873753746090e-02 2.642208732924616887e-02
6.272095520553812829e-03 6.232756338334861750e-03
1.065413891324086537e-01 9.519032153414533348e-02
1.052126252810078461e-01 9.414292876248607500e-02
1.457078278648015202e-01 1.244770567637228931e-01
2.901335613918175071e-01 2.059560779459179702e-01
2.057020104373432079e-01 1.633886933393783603e-01
2.550693628399090529e-01 1.900089829803518759e-01
2.582534359272236069e-01 1.915585987590070205e-01
2.937694303184847366e-01 2.074689521288376748e-01
1.688538149134367339e-01 1.403422041026155809e-01
6.884967123388190113e-02 6.410939400486827255e-02
9.547768708365373183e-03 9.456608821056932540e-03
1.772183760611428099e-02 1.740777407797679602e-02
1.051055013993627690e-01 9.405833497495132145e-02
5.371398490762248346e-02 5.082879273296618539e-02
3.864651710340172297e-02 3.715296381917820162e-02
5.791215685510307798e-02 5.455833894349301771e-02
5.234882854982317313e-02 4.960842869928439036e-02
4.320391241709349572e-02 4.133733436894961033e-02
4.463658713809005862e-02 4.264416222675375401e-02
2.164742479685550502e-01 1.696131479350035942e-01
9.066832078739091028e-01 8.460876843338682729e-02
9.066832078739091028e-01 8.460876843338682729e-02
9.066832078739091028e-01 8.460876843338682729e-02
9.066832078739091028e-01 8.460876843338682729e-02
9.066832078739091028e-01 8.460876843338682729e-02
1.345069551842305866e-01 1.164148341912979723e-01
1.136154146309266838e-01 1.007069521891692937e-01
2.072133409370894574e-01 1.642759722747789697e-01
3.318303492933761256e-01 2.217189685812121225e-01
2.902315639719377227e-01 2.059972032463407432e-01
2.375743829869945978e-01 1.811327955353433938e-01
1.390362340159056152e-02 1.371031265789730488e-02
1.075982172029594716e-02 1.064404795684339468e-02
9.425484981961829156e-03 9.336645214816641225e-03
2.170722444082500216e-02 2.123602084790065028e-02
1.839419380160402587e-02 1.805584743599305750e-02
5.005212125457465799e-02 4.754690641249201266e-02
4.094622411214714208e-02 3.926963084310496066e-02
4.115761415455414934e-02 3.946366495165899019e-02
2.288146498860554531e-02 2.235790354858076256e-02
3.227234680327478039e-02 3.123084243508393934e-02
6.110941862662271074e-02 5.737505758173888637e-02
8.996173232012416587e-02 8.186861903808649588e-02
9.772740794223323813e-02 8.817676167912556762e-02
2.620839189082747600e-01 1.933959383579555991e-01
2.324860331401314983e-01 1.784362775348971863e-01
2.269010743170057354e-01 1.754169767907943767e-01
2.885804332262864036e-01 2.053017667852152783e-01
1.918657058036338237e-01 1.550532567401072537e-01
2.110464252214908076e-01 1.665058316227204793e-01
7.424594235922425678e-02 6.873348240241500262e-02
5.603829024371294321e-02 5.289800027027433127e-02
1.334919534222541067e-02 1.317099432594051774e-02
1.140349623818137821e-02 1.127345651172716179e-02
2.921391094474225236e-02 2.836045835205492152e-02
1.133094092034583715e-02 1.120255069820546949e-02
1.998561953085229229e-02 1.958619454282030728e-02
3.437517758952252783e-02 3.319352475521131912e-02
3.193689573862099756e-02 3.091693042920145088e-02
1.816852316860200628e-02 1.783842793447397782e-02
1.048680739615696494e-01 9.387076102516041243e-02
1.939762511944611578e-01 1.563494651670044588e-01
1.760212692365230036e-01 1.450377820128864736e-01
9.066832078739091028e-01 8.460876843338682729e-02
9.066832078739091028e-01 8.460876843338682729e-02
9.066832078739091028e-01 8.460876843338682729e-02
9.066832078739091028e-01 8.460876843338682729e-02
9.066832078739091028e-01 8.460876843338682729e-02
2.404202979728417844e-01 1.826183782954917678e-01
3.902974288605245978e-01 2.379653458853883408e-01
3.570555368379864092e-01 2.295668804513237293e-01
2.741031612845970522e-01 1.989706182583872440e-01
1.570392599858839722e-01 1.323779308089699236e-01
8.029223467951337664e-03 7.964755038453036340e-03
9.667047983976818221e-03 9.573596167252307679e-03
1.032119354731153051e-02 1.021466651107046618e-02
3.066334452904619090e-02 2.972310383133920306e-02
1.641797713369876760e-02 1.614842716053611210e-02
3.612582037464546342e-02 3.482074547690431482e-02
4.367130118609547501e-02 4.176411863880881425e-02
4.973804841550445027e-02 4.726417495532138358e-02
3.470976837080953087e-02 3.350500035045428371e-02
1.075872874194523099e-01 9.601226300517647083e-02
7.745674458918311300e-02 7.145719730682915938e-02
9.559927184787828103e-02 8.646005107003375267e-02
2.456486610389744252e-01 1.853053963687334715e-01
3.074412302351433035e-01 2.129211201866449132e-01
2.536245092000669055e-01 1.892991175330920872e-01
2.331022384555786198e-01 1.787655848825771832e-01
3.050321442704614916e-01 2.119875352322258544e-01
1.015152752971850286e-01 9.120992417852176459e-02
1.042933962862506586e-01 9.341628377732973110e-02
7.848170992912524568e-02 7.232233113572589245e-02
2.496477788686821478e-02 2.434153775192755137e-02
2.304805673591673806e-02 2.251684381661470113e-02
7.536646928520391794e-03 7.479845881595215823e-03
3.292516869167608218e-02 3.184110195830075485e-02
1.326196483811366983e-02 1.308608512674630693e-02
2.233085400469622325e-02 2.183218696411716453e-02
5.087031932986054578e-02 4.828252994113856056e-02
7.274070396716748876e-02 6.744949395352839439e-02
5.127206897964440430e-02 4.864324392219099291e-02
1.045364938908801833e-01 9.360861533588214767e-02
1.483590501358946767e-01 1.263486423786697732e-01
1.439990361649841899e-01 1.232633137485397712e-01
1.093021302882653395e-01 9.735517460271241041e-02
9.066832078739091028e-01 8.460876843338682729e-02
9.066832078739091028e-01 8.460876843338682729e-02
9.066832078739091028e-01 8.460876843338682729e-02
9.066832078739091028e-01 8.460876843338682729e-02
9.066832078739091028e-01 8.460876843338682729e-02
4.978908983898150398e-01 2.499955516903979158e-01
3.346909171007004247e-01 2.226729071109924962e-01
2.527831990662570139e-01 1.888838533360860938e-01
7.626916682579091417e-03 7.568746824496088051e-03
6.019689574078514703e-03 5.983452911510245102e-03
7.878754716873269046e-03 7.816679940984616604e-03
8.246803100775506462e-03 8.178793339392545492e-03
2.062527262047256574e-02 2.019987074980375205e-02
1.704522227354982739e-02 1.675468267119510982e-02
3.029457043906011449e-02 2.937680944097293897e-02
1.910080924087137130e-02 1.873596832721521541e-02
3.474417576246883327e-02 3.353701801305550984e-02
3.071264290992695156e-02 2.976937647541426368e-02
9.735218767815258245e-02 8.787473923243033225e-02
6.812860622915455078e-02 6.348709924242734726e-02
1.057703067612374981e-01 9.458294896887121939e-02
1.290314182132899778e-01 1.123823113271570362e-01
2.256490459135546967e-01 1.747315539918571914e-01
2.439381011733861848e-01 1.844323039693089861e-01
1.932838140835085872e-01 1.559251812968402706e-01
1.397175669931666753e-01 1.201965684666766593e-01
6.123842067599472028e-02 5.748827650910462439e-02
9.985737819906016777e-02 8.988588221827002733e-02
4.719873416026246216e-02 4.497101365393133682e-02
3.933498074275573048e-02 3.778774003272276916e-02
2.012246114517489068e-02 1.971754770263581605e-02
3.881558605581476688e-03 3.866492108372913093e-03
4.993720323824362393e-03 4.968783081151785866e-03
2.855444810459434324e-03 2.847291245393854600e-03
1.099260845398034557e-02 1.087177101335782582e-02
2.356799271938556095e-02 2.301254243856454967e-02
4.937655015315119134e-02 4.693850644812453538e-02
7.792802589611516617e-02 7.185524867604957400e-02
8.192239763841893674e-02 7.521111840359170908e-02
9.062400397223291382e-02 8.241129387627363356e-02
1.395190936795575043e-01 1.200535161783923555e-01
7.027562941192237733e-02 6.533696532268053192e-02
1.345069551842305866e-01 1.164148341912979723e-01
9.066832078739091028e-01 8.460876843338682729e-02
9.066832078739091028e-01 8.460876843338682729e-02
9.066832078739091028e-01 8.460876843338682729e-02
9.066832078739091028e-01 8.460876843338682729e-02
9.066832078739091028e-01 8.460876843338682729e-02
3.091001616428377119e-01 2.135572517152093119e-01
1.458305458541123423e-01 1.245639977500039852e-01
4.860607593019111543e-03 4.836982086845796266e-03
4.648048439302096546e-03 4.626444085007997559e-03
5.247644905338323500e-03 5.220107128285800258e-03
5.963259564319499384e-03 5.927699099688051032e-03
2.171049686975453155e-02 2.123915119542291174e-02
2.103912864479002415e-02 2.059648371065799996e-02
2.939231500782737982e-02 2.852840682630802469e-02
2.172654434919676220e-02 2.125450161983914732e-02
3.406695631872136421e-02 3.290639880589969757e-02
3.957036878860004797e-02 3.800455470253423507e-02
8.170350837573880920e-02 7.502804509483439188e-02
4.935723636078684362e-02 4.692109957961226180e-02
1.574296845842985959e-01 1.326455789959868625e-01
1.735408716554336372e-01 1.434244375205059319e-01
1.741353770405201229e-01 1.438122475034760150e-01
1.502760031449087985e-01 1.276931260237001708e-01
1.178503819873705644e-01 1.039616694528014140e-01
9.651157725390135944e-02 8.719709270986558680e-02
8.165852374923171508e-02 7.499040924832788002e-02
9.147179332313111477e-02 8.310470434938149742e-02
7.614343229921152756e-02 7.034561001690692317e-02
5.313239735119047735e-02 5.030934570290568342e-02
2.859577851683504576e-02 2.777805996785116111e-02
4.262107066777748483e-03 4.243941510129072003e-03
4.670454524534024821e-03 4.648641379068284805e-03
2.469834950953558265e-03 2.463734866268606303e-03
5.441508251464790245e-03 5.411898239414031191e-03
1.129586774708031538e-02 1.116827111892078686e-02
3.173310074491018234e-02 3.072611106202356376e-02
5.473407054834890373e-02 5.173825206955726813e-02
7.817383434965975708e-02 7.206268597273171594e-02
1.898369778479580550e-02 1.862331700321134473e-02
9.613234207449446178e-02 8.689091488176683975e-02
7.006585347158536536e-02 6.515662964888369046e-02
1.136154146309266838e-01 1.007069521891692937e-01
2.404202979728417844e-01 1.826183782954917678e-01
9.066832078739091028e-01 8.460876843338682729e-02
9.066832078739091028e-01 8.460876843338682729e-02
9.066832078739091028e-01 8.460876843338682729e-02
9.066832078739091028e-01 8.460876843338682729e-02
9.066832078739091028e-01 8.460876843338682729e-02
1.211012764749027845e-02 1.196347245585177056e-02
7.159921934508529234e-03 7.108657452400272622e-03
4.156199952869509169e-03 4.138925954821276627e-03
5.949478359248231221e-03 5.914082066501067866e-03
1.834394108995638858e-02 1.800744091524459842e-02
3.013536877388512877e-02 2.922722832274707652e-02
2.473272414210523490e-02 2.412101649861575839e-02
2.823220952083163246e-02 2.743515186640349546e-02
1.604237599423042129e-02 1.578501816669015956e-02
1.803074426750399945e-02 1.770563652866386992e-02
1.847836971011370191e-02 1.813691956297005387e-02
8.393579145535308428e-02 7.689057436811655433e-02
1.589836098736551184e-01 1.337078216651965412e-01
1.981876140377801243e-01 1.589092836797920127e-01
1.711985520115136550e-01 1.418896078006747219e-01
2.058176675784513798e-01 1.634567552910174693e-01
4.674794931860869890e-02 4.456257855311349103e-02
8.066641614472939981e-02 7.415934545109473253e-02
1.155197975793523790e-01 1.021749739465778323e-01
9.831956024771956737e-02 8.865282432041460270e-02
9.657823014474065104e-02 8.725087560685015897e-02
6.285903134558386285e-02 5.890777352387877031e-02
2.861026954848108761e-02 2.779172202484434320e-02
3.476644602839147613e-03 3.464557545144697232e-03
6.132036397208969055e-04 6.128276210171298977e-04
4.223698482140447914e-03 4.205858853272412615e-03
1.413684273039430596e-03 1.411685769815591678e-03
2.171048029284335448e-03 2.166334579738876057e-03
4.222474268815080978e-02 4.044181379307026231e-02
2.201461093421653789e-02 2.152996783963161131e-02
1.051111291294797197e-02 1.040062941827923047e-02
1.133532761036571274e-01 1.005043109002251994e-01
9.989753894813835355e-02 8.991802066024354168e-02
1.390146926930762861e-01 1.196896079085258413e-01
1.233615702908114897e-01 1.081434932661966691e-01
2.072133409370894574e-01 1.642759722747789697e-01
3.902974288605245978e-01 2.379653458853883408e-01
4.978908983898150398e-01 2.499955516903979158e-01
9.066832078739091028e-01 8.460876843338682729e-02
9.066832078739091028e-01 8.460876843338682729e-02
9.066832078739091028e-01 8.460876843338682729e-02
9.066832078739091028e-01 8.460876843338682729e-02
9.066832078739091028e-01 8.460876843338682729e-02
1.663913282930867040e-03 1.661144675517753312e-03
4.519055371217075429e-03 4.498633509768949421e-03
1.108201714615611976e-02 1.095920604212842139e-02
1.841086882806342029e-02 1.807190873705926196e-02
3.244027131075508802e-02 3.138790010803969160e-02
2.373247796060354298e-02 2.316924745045300868e-02
1.908979231090478235e-02 1.872537214043130255e-02
7.580258225287508575e-03 7.522797910525469596e-03
1.411197617653613817e-02 1.391282830492901468e-02
2.790482677373443479e-02 2.712614741646230884e-02
1.784060164385372904e-01 1.465773097370696443e-01
1.860786404690231433e-01 1.514533800302231559e-01
2.080356133599260138e-01 1.647567969338853966e-01
1.688815357193856892e-01 1.403605626124475592e-01
1.475581376622668028e-01 1.257847336719103148e-01
5.042651026719634916e-02 4.788367732946868793e-02
7.364099294900332271e-02 6.821799710648816795e-02
1.126401030939986475e-01 9.995231026897200000e-02
9.353357899694607347e-02 8.478504859696811558e-02
8.878268452629865803e-02 8.090031945460238183e-02
5.345714730486356842e-02 5.059948070688968791e-02
2.978002717576554853e-02 2.889317715717621554e-02
1.875606195992753642e-03 1.872088297390307309e-03
1.006373266757314448e-03 1.005360479605270710e-03
1.802586701184667045e-02 1.770093513031788940e-02
4.977263309162043188e-03 4.952490159113312300e-03
1.832189058085501032e-02 1.798619890639818752e-02
2.751593651339152499e-02 2.675880975118253083e-02
1.591799341299930323e-02 1.566461089870301374e-02
6.845176022379675061e-03 6.798319587602313745e-03
6.656810724070238994e-02 6.213679433909273520e-02
1.308995589730436171e-01 1.137648644337062864e-01
1.386162424912378843e-01 1.194017798088482241e-01
1.136468695283426728e-01 1.007312585747505290e-01
3.318303492933761256e-01 2.217189685812121225e-01
3.570555368379864092e-01 2.295668804513237293e-01
3.346909171007004247e-01 2.226729071109924962e-01
3.091001616428377119e-01 2.135572517152093119e-01
9.066832078739091028e-01 8.460876843338682729e-02
9.066832078739091028e-01 8.460876843338682729e-02
9.066832078739091028e-01 8.460876843338682729e-02
9.066832078739091028e-01 8.460876843338682729e-02
9.066832078739091028e-01 8.460876843338682729e-02
1.283900421285711323e-02 1.267416418367935116e-02
1.812346556373535533e-02 1.779500555969545234e-02
2.436014261563627589e-02 2.376672606738213650e-02
3.810736047841855462e-02 3.665518955578642157e-02
2.238642199933252308e-02 2.188527010940032394e-02
3.712687945069351875e-02 3.574847427294718799e-02
1.003619829441512561e-02 9.935473018210305013e-03
3.103457420773996639e-02 3.007142941148424620e-02
6.867287627830870322e-02 6.395691234197281583e-02
2.048832916494732204e-01 1.629061284523501130e-01
1.782130181045376571e-01 1.464531382826093908e-01
2.015549834510538540e-01 1.609305720970992670e-01
6.767707082667730190e-02 6.309688491099821328e-02
6.382636451563747371e-02 5.975255970835444824e-02
8.824834020798755230e-02 8.046057065852284251e-02
9.460479941879766652e-02 8.565473134572672287e-02
1.066337104250835305e-01 9.526296222606296660e-02
8.906639286695827717e-02 8.113357052862692209e-02
5.099046998597729641e-02 4.839044195658644132e-02
3.283238870581397378e-02 3.175442295768431122e-02
9.197308944042727197e-03 9.112718452230559110e-03
2.757563293471381512e-03 2.749959138153880867e-03
1.977523334310907644e-03 1.973612735773163339e-03
1.110203507978321791e-02 1.097877989687047993e-02
5.857108763959782347e-03 5.822803040886928051e-03
1.032364307874188494e-02 1.021706547232462993e-02
4.888966675856691591e-02 4.649946724280318994e-02
7.714363420141456817e-02 7.119249390361290231e-02
7.548137795796013017e-02 6.978393953952770346e-02
9.815999918263021429e-02 8.852461374309625319e-02
1.471843678517350817e-01 1.255211297118202229e-01
2.022118130503451627e-01 1.613221957132374151e-01
2.802591506637381880e-01 2.017139591329782933e-01
2.902315639719377227e-01 2.059972032463407432e-01
2.741031612845970522e-01 1.989706182583872440e-01
2.527831990662570139e-01 1.888838533360860938e-01
1.458305458541123423e-01 1.245639977500039852e-01
1.211012764749027845e-02 1.196347245585177056e-02
9.066832078739091028e-01 8.460876843338682729e-02
9.066832078739091028e-01 8.460876843338682729e-02
9.066832078739091028e-01 8.460876843338682729e-02
9.066832078739091028e-01 8.460876843338682729e-02
1.383612639882442728e-02 1.364468800510018100e-02
1.700978768016535303e-02 1.672045480324104924e-02
2.345638397987882470e-02 2.290618203046730986e-02
3.515433323429373313e-02 3.391850608914596249e-02
1.220598633905558249e-02 1.205700023654637104e-02
4.169450870228263301e-02 3.995607664635791173e-02
1.479222472054856491e-02 1.457341480836535710e-02
3.413240566080531779e-02 3.296738454461154572e-02
1.134235892210999075e-01 1.005586786293030943e-01
1.715170741056583903e-01 1.420989673958924782e-01
1.729157042747169748e-01 1.430158634898955894e-01
1.400470190225010791e-01 1.204338514854123021e-01
4.132719203694392579e-02 3.961925523528548460e-02
7.504233335768217827e-02 6.941098156191667645e-02
1.080231626556985430e-01 9.635415898555904635e-02
1.017226300672938594e-01 9.137513659948634515e-02
1.033300419350264704e-01 9.265294436873214301e-02
6.429111757063656063e-02 6.015776977215514520e-02
4.868851699206532685e-02 4.631794530517869407e-02
2.122099887713820715e-02 2.077066808379470636e-02
7.843921560776623281e-03 7.782394455325006635e-03
8.923327437156104713e-03 8.843701664605400914e-03
4.728110273297557974e-03 4.705755246541096400e-03
1.959075622923578744e-02 1.920695849960244589e-02
1.370839261396661173e-02 1.352047258590795796e-02
2.559654998787472616e-02 2.494136661659295678e-02
3.381076942860426066e-02 3.266760129925001810e-02
7.656529528360304926e-02 7.070305084173772459e-02
1.018995849651919555e-01 9.151605954911358476e-02
1.121435816278517489e-01 9.956739872752909393e-02
1.304949006804599076e-01 1.134659815768568059e-01
1.350613054359236787e-01 1.168197492098678181e-01
2.200410828346840708e-01 1.716230046996237713e-01
2.375743829869945978e-01 1.811327955353433938e-01
1.570392599858839722e-01 1.323779308089699236e-01
7.626916682579091417e-03 7.568746824496088051e-03
4.860607593019111543e-03 4.836982086845796266e-03
7.159921934508529234e-03 7.108657452400272622e-03
1.663913282930867040e-03 1.661144675517753312e-03
9.066832078739091028e-01 8.460876843338682729e-02
9.066832078739091028e-01 8.460876843338682729e-02
9.066832078739091028e-01 8.460876843338682729e-02
