0.000000000000000000e+00 0.000000000000000000e+00
3.417316065570535216e-02 3.300535574650470538e-02
3.402027993690954766e-01 2.244648546705264591e-01
1.291915131292654118e-01 1.125010660646362515e-01
4.863430238385031690e-02 4.626900701548652961e-02
1.401496255883818154e-01 1.205077080358182007e-01
3.799691161815951790e-01 2.355925869297726127e-01
5.256921679185108109e-01 2.493399125076470324e-01
5.182389755960625788e-01 2.496673397692062424e-01
2.255532660300342551e-01 1.746789902132188654e-01
5.954069530595006154e-02 5.599560090843407750e-02
4.274931852719847380e-02 4.092181429265859954e-02
9.235451424617725780e-02 8.382515794452989610e-02
1.888670541415883031e-01 1.531962900014666729e-01
1.844630863025207845e-01 1.504364560942695606e-01
1.667369881507228535e-01 1.389357649331485756e-01
1.675128728363094177e-01 1.394523102704358364e-01
3.670119623372697371e-02 3.535421842874043874e-02
1.135371856464700326e-02 1.122481163940179313e-02
7.620254752331226400e-02 7.039571927426960252e-02
1.730204354303724879e-01 1.430843643538567966e-01
3.742247535539633407e-01 2.341805873814387373e-01
3.841766734128380656e-01 2.365849570182836370e-01
4.901124524240639269e-01 2.499022364029336030e-01
4.997399719295556042e-01 2.499999323854025790e-01
4.115180406331383489e-01 2.421709428666010411e-01
4.814288280101489681e-01 2.496551115709233770e-01
4.739350316585455025e-01 2.493206174253589646e-01
3.317435717899228087e-01 2.216897743659871356e-01
1.406990610574286593e-01 1.209028352749866170e-01
7.782680359855072283e-02 7.176979224018333048e-02
1.137004295312052660e-01 1.007726418556246922e-01
2.321586160930003695e-01 1.782609930667832243e-01
1.893110847206373182e-01 1.534723979225330048e-01
1.723999050040528613e-01 1.426781777586464128e-01
1.832417122307220259e-01 1.496641871294752679e-01
4.757915450699278237e-01 2.494139507098986630e-01
4.547020184208545590e-01 2.479480928648553906e-01
1.124884639788029661e-01 9.983480945049251487e-02
2.839587241216997085e-03 2.831523985516514602e-03
6.628687988672563431e-06 6.628644049168111860e-06
0.000000000000000000e+00 0.000000000000000000e+00
