8.854056816996915824e-01 1.014624605135959756e-01
7.450828011632499859e-01 1.899344205739749158e-01
2.872470246809982752e-01 2.047361714929122334e-01
3.500462109895343676e-01 2.275138611614047623e-01
4.066390810456198546e-01 2.412837388119936644e-01
4.768415345553559392e-01 2.494636854782492363e-01
3.288153989280899747e-01 2.206958323558510238e-01
2.684783753781545546e-01 1.963977373324612974e-01
2.987394761569280299e-01 2.094942015424122728e-01
4.206694758122362376e-01 2.437066679320946394e-01
2.545639492621960542e-01 1.897611449982301302e-01
2.603660368346738530e-01 1.925755636976791141e-01
2.825185059871842541e-01 2.027017997619535716e-01
2.931090084283108910e-01 2.071961176064832655e-01
2.426076129195807451e-01 1.837491590730436219e-01
4.075583576834964639e-01 2.414545427658276178e-01
1.463155490956617177e-01 1.249073091884967263e-01
2.367161951706160949e-01 1.806816381145628925e-01
1.615006095642557149e-01 1.354181626746295553e-01
1.916486863096439064e-01 1.549194673454316051e-01
2.790022554781415032e-01 2.011599969162513601e-01
2.116862229483166546e-01 1.668751659621922345e-01
2.780468664202790374e-01 2.007368064941425501e-01
2.496931258928048181e-01 1.873464687746847490e-01
2.752074769513801478e-01 1.994683215814357091e-01
3.723675661067279985e-01 2.337099618184795558e-01
2.812612124208158648e-01 2.021533428083885642e-01
1.971119023031872863e-01 1.582588002736060317e-01
3.124417487490698253e-01 2.148219023876929423e-01
2.213148496361882489e-01 1.723345869666996211e-01
1.388088463098499925e-01 1.195409504959784319e-01
1.781626791891453010e-01 1.464207389332909948e-01
2.428769302311697964e-01 1.838877269926532665e-01
2.508678096990386575e-01 1.879331517558455733e-01
1.217400148023746048e-01 1.069193835982922142e-01
2.340858669748266119e-01 1.792896738574703830e-01
2.893921591744614830e-01 2.056443373828046317e-01
2.570284391009359792e-01 1.909648205942724442e-01
9.305143930150407139e-02 8.439286894542256945e-02
1.039793606534876041e-01 9.316765321157956248e-02
8.572731601940659918e-02 7.837814330751538550e-02
5.920351427211751894e-01 2.415295325042929320e-01
