2.273677638754671160e-01 1.756716638257369567e-01
1.666621159902998417e-01 1.388858550839356942e-01
1.633529796259786115e-01 1.366687836732932149e-01
3.021065045945716190e-02 2.929796705827366135e-02
2.023820720396615411e-02 1.982862217313548572e-02
1.244189275371835324e-01 1.089388580076806057e-01
3.687437271873674947e-04 3.686077552510274788e-04
3.547049151479972698e-04 3.545790995711671154e-04
2.631167423206745267e-04 2.630475119005851029e-04
2.652504526481710848e-04 2.651800948455410403e-04
2.271319877723269767e-04 2.270803988324575666e-04
1.139953113590015785e-04 1.139823164279897479e-04
2.745792073893492933e-05 2.745716680152362438e-05
2.667900795460396892e-05 2.667829618513852636e-05
3.219388258170561971e-04 3.218351812094877068e-04
9.993514733186539042e-04 9.983527699514297468e-04
6.704241540066989934e-03 6.659294685439430539e-03
8.915177853858740481e-04 8.907229814242147246e-04
1.229552327647184199e-04 1.229401147754541812e-04
1.140822897124907966e-04 1.140692749436647541e-04
3.443738096803645755e-05 3.443619503482851796e-05
1.066239697117681378e-05 1.066228328446764297e-05
2.040595998102250264e-05 2.040554357781975480e-05
3.135835273955561644e-05 3.135736939326907703e-05
1.212393224239385501e-03 1.210923326909203951e-03
2.278926439291011248e-03 2.273732933575311772e-03
4.217198971545539458e-03 4.199414204379935123e-03
7.781102386688307920e-03 7.720556832336181695e-03
5.236316452126414840e-03 5.208897442139604969e-03
2.245722487945798693e-03 2.240679218452933021e-03
6.384948217605519423e-04 6.380871461231368835e-04
3.371841112005852237e-02 3.258147987159723535e-02
3.056995672883504322e-02 2.963543447443219708e-02
2.623916524179535983e-02 2.555067144920911831e-02
1.859351814854704604e-02 1.824779923140669793e-02
4.696267644298491792e-03 4.674212714511606637e-03
3.007837183012606989e-03 2.998790098493093765e-03
4.098600719154880598e-05 4.098432733876329929e-05
4.535219979292745584e-04 4.533163157266688163e-04
4.426281807378805043e-05 4.426085887672421692e-05
4.157862926895206437e-05 4.157690048654018197e-05
2.043133316563049519e-04 2.042715877188124561e-04
7.066270933967289179e-05 7.065771612118166634e-05
1.519066730176450242e-04 1.518835973803377246e-04
3.164903265106598185e-05 3.164803098979823085e-05
7.621783799668326758e-05 7.621202883785438106e-05
6.106148134303041985e-05 6.105775283852662104e-05
2.827262799160369915e-03 2.819269384224853871e-03
1.153244177361262815e-06 1.153242847389130244e-06
1.459241251922044353e-07 1.459241038983541243e-07
2.156595037626002371e-07 2.156594572535786646e-07
1.635978244162920274e-07 1.635977976520438833e-07
2.410685676006599002e-06 2.410679864601170485e-06
6.046222820620715913e-06 6.046186263810319636e-06
2.405834037422971601e-04 2.405255233681409316e-04
2.274839152489755838e-05 2.274787403558058970e-05
2.869150690963407366e-04 2.868327488394661787e-04
2.149972354626206433e-03 2.145349973500549658e-03
2.249906232098885985e-03 2.244844154045648379e-03
2.265244746318548219e-03 2.260113412557824501e-03
2.242086108983217755e-03 2.237059158863122319e-03
3.821774180589075165e-04 3.820313584800333253e-04
2.315146294029979956e-01 1.779156057753905062e-01
2.093909179154938294e-01 1.655463614100007586e-01
3.327518465688575344e-01 2.220280551738730290e-01
2.458996757564641256e-01 1.854330252193299444e-01
3.383600324314041397e-02 3.269112812767060311e-02
1.512844574344114068e-01 1.283974703731871614e-01
1.204577298757710489e-03 1.203126292289028159e-03
7.875937044759483141e-02 7.255633201429335932e-02
3.967167000925805073e-04 3.965593159524481736e-04
3.349605175816282505e-04 3.348483190332896984e-04
8.523325917599896672e-04 8.516061209130134117e-04
2.874946021757641447e-03 2.866680707129621274e-03
4.167405531508415082e-04 4.165668804622010271e-04
1.640449445970969830e-04 1.640180338532491299e-04
9.131405535322549734e-04 9.123067278617498109e-04
3.953849514541646760e-04 3.952286221943282496e-04
5.967451194299032077e-03 5.931840720542691341e-03
1.034670351778632603e-03 1.033599809041782849e-03
1.809770929523164210e-03 1.806495658705817081e-03
1.094265950067971479e-04 1.094146208271023661e-04
4.930007294324640493e-02 4.686957575103698620e-02
1.973551144473301023e-05 1.973512195432102460e-05
8.998502926807175895e-01 9.011974344314443996e-02
1.015024971410139788e-02 1.004722214484278162e-02
8.229846377520661296e-03 8.162116006123071310e-03
5.790313163262823457e-03 5.756785436734168301e-03
9.214588937892755766e-03 9.129680288598420596e-03
1.066424502877675283e-02 1.055051890674296375e-02
5.924117088372427876e-03 5.889021925095681842e-03
1.778933178303639335e-03 1.775768575050769857e-03
4.149109756042535760e-04 4.147388244865767210e-04
4.022793131421127655e-03 4.006610266842918280e-03
4.571305214009122389e-03 4.550408382649495133e-03
3.334097872344723209e-03 3.322981663722349675e-03
1.155322550989676053e-02 1.141974849021423072e-02
3.286348375621518398e-03 3.275548289975568385e-03
1.409138047701662677e-01 1.210571043953617421e-01
1.015032030246471907e-03 1.014001740224045739e-03
4.548455484058606252e-02 4.341571011153978060e-02
2.151371409665798692e-03 2.146743010723471158e-03
7.651827572002001037e-04 7.645972525482836075e-04
3.426581185811797855e-04 3.425407039949501819e-04
2.448448943535086461e-05 2.448388994512795593e-05
1.130374344759573906e-04 1.130246570143644840e-04
4.103937270899154962e-05 4.103768847887919992e-05
8.090608274650215603e-05 8.089953695227677607e-05
5.277439055206009123e-03 5.249587692224595356e-03
2.287790147474638833e-04 2.287266749098750625e-04
2.501818607964054964e-06 2.501812348867707990e-06
2.265454459088548641e-05 2.265403136249486663e-05
3.281457820489582221e-05 3.281350140835305538e-05
7.726920518692324683e-05 7.726323465685302604e-05
8.049234980283689834e-05 8.048587078446012223e-05
4.471830747728112516e-05 4.471630775025749156e-05
2.509832904116083684e-04 2.509202977995425294e-04
1.868690217940169112e-05 1.868655297908862988e-05
4.873281189320495084e-06 4.873257440450945288e-06
2.288956499222961734e-05 2.288904106004408469e-05
1.128787880809543377e-03 1.127513718729680932e-03
2.162052289918573334e-03 2.157377819814231077e-03
2.111585977756812171e-03 2.107127182415353094e-03
2.190714610270521907e-03 2.185915379766869074e-03
4.414631588270739870e-03 4.395142616210582012e-03
4.885266233006977515e-03 4.861400406839619381e-03
4.286413606368603968e-03 4.268040264763742035e-03
7.491635965482913717e-02 6.930389871089742693e-02
3.962361291378774936e-02 3.805358221344606190e-02
1.525676173794160706e-01 1.292907395065841791e-01
1.540604556030735206e-01 1.303258316224469304e-01
1.245895824853692491e-01 1.090670184214906219e-01
1.371972997784046307e-02 1.353149898717560806e-02
3.839183353474380327e-03 3.824444024652785649e-03
3.324261006427666788e-03 3.313210295188811355e-03
1.091254835832346909e-04 1.091135752120674140e-04
1.300476580509097940e-04 1.300307456575452579e-04
8.164144632294045216e-05 8.163478099718274924e-05
5.192213719842385996e-04 5.189517811511134377e-04
6.433105354179741685e-03 6.391720509681765583e-03
6.047991624092182404e-03 6.011413421407093421e-03
9.536917036897820093e-04 9.527821758240953001e-04
4.728710972684734199e-04 4.726474901938415487e-04
5.725367784169890784e-03 5.692587947905880345e-03
7.103423160849233007e-04 7.098377298789023803e-04
4.024398572264618716e-03 4.008202788396173638e-03
3.806001990436055265e-04 3.804553425320934845e-04
5.541166951186525443e-05 5.540859905874716333e-05
2.623509919464303439e-05 2.623441091421328323e-05
6.069555392183438592e-07 6.069551708233172744e-07
1.630235018844620861e-06 1.630232361178404245e-06
1.171230000502246119e-05 1.171216282705105428e-05
1.665143046991209540e-03 1.662370345624266440e-03
1.752533830114868683e-03 1.749462455289171620e-03
2.144630402662254902e-03 2.140030963098231605e-03
7.560990970906246965e-03 7.503822386444120897e-03
1.952413302116294894e-02 1.914294125093488411e-02
1.938238222139906375e-01 1.562561481563499721e-01
3.765359357712422805e-01 2.347566248441171899e-01
4.765293889863459476e-01 2.494491304186457481e-01
1.666627130254415556e-01 1.388862531124408772e-01
1.717473427009764964e-01 1.422501929761298411e-01
2.453071364458569437e-01 1.851315452545906626e-01
2.416572348102891468e-02 2.358174128966736283e-02
2.703955243886927221e-02 2.630841504277491028e-02
4.153395520544114067e-02 3.980888577043355248e-02
1.974517957301680487e-03 1.970619236137973601e-03
4.372166135305872656e-03 4.353050298591156810e-03
7.757513224724044447e-04 7.751495323580868003e-04
6.754714539427900989e-03 6.709088370918742106e-03
7.157955331460625140e-03 7.106719006933439123e-03
7.456388585500291037e-03 7.400790854762312118e-03
5.500653559468357372e-03 5.470396369887065187e-03
4.169372451634307392e-03 4.151988784993860399e-03
5.721594687151488473e-02 5.394228229511087436e-02
2.017377918939990689e-01 1.610396552157326022e-01
9.880445167463020040e-01 1.181254967386857757e-02
9.410563545676433606e-01 5.546929209550122142e-02
1.112635630769142139e-02 1.100256050300571671e-02
9.355468891107592911e-04 9.346716411290345019e-04
1.752972033730911938e-04 1.752664742635807581e-04
3.730920896284565104e-04 3.729528919211132091e-04
4.616509171161096449e-04 4.614377955468354736e-04
2.433704931333043314e-03 2.427782011640248518e-03
1.493717619002988065e-03 1.491486426677668007e-03
8.898616319803504676e-03 8.819430947396431769e-03
8.072338039970406842e-04 8.065821775827251329e-04
1.786821996830090112e-03 1.783629263981734159e-03
2.701055840636180840e-03 2.693760137981946086e-03
1.653734927211482908e-01 1.380251006263565894e-01
4.401970682024995418e-01 2.464236093484235002e-01
3.318017246328983094e-01 2.217093401635326366e-01
3.771600851136402421e-01 2.349103553107118880e-01
8.529933616624332804e-02 7.802335941584154222e-02
9.962691861279754368e-02 8.970139570051655076e-02
7.613414104777684044e-02 7.033773361469405905e-02
1.970967474807361688e-02 1.932120346939876498e-02
6.468670807360275355e-04 6.464486437158875479e-04
7.342044866114227908e-03 7.288139243298193994e-03
6.588374083939086507e-04 6.584033416632094479e-04
3.162036059037512739e-03 3.152037586998859137e-03
6.482065062894433113e-03 6.440047895414836854e-03
7.794933364883628070e-03 7.734172378720652156e-03
4.004224471353599185e-03 3.988190657736612535e-03
6.687483995830137244e-03 6.642761553635653446e-03
9.421052832185604631e-01 5.454291855023640778e-02
9.173491150659526250e-01 7.581971615366622785e-02
9.903415442577035988e-01 9.565169974970477718e-03
5.392665322294122598e-02 5.101856929511387057e-02
2.064307723705233188e-02 2.021694059923742279e-02
2.120519227385705226e-04 2.120069567206333964e-04
2.552333624572590315e-04 2.551682183879478154e-04
3.385685437388016796e-04 3.384539150799922565e-04
1.035274353878756954e-04 1.035167174579977053e-04
7.364034419719368840e-03 7.309805416784557336e-03
3.699172658349021703e-03 3.685488779992744657e-03
8.015098659490474398e-03 7.950856852969107741e-03
2.626535650646035901e-03 2.619636961121921473e-03
2.361062625981001986e-03 2.355488009257197639e-03
4.605244536117548450e-03 4.584036258880107989e-03
1.323352348064224526e-01 1.148226204351514845e-01
1.772447453880800772e-01 1.458290456203947261e-01
1.828022571317446457e-02 1.794605906104985993e-02
1.566094939313372736e-01 1.320829603419076959e-01
1.579095656359046640e-01 1.329741347165845911e-01
1.705024257875520088e-01 1.414313485881123211e-01
1.072507621467501671e-01 9.574803616569138587e-02
1.830763442867033852e-02 1.797246495029650171e-02
8.669325021924622135e-03 8.594167825588854004e-03
1.805621985520610567e-02 1.773019277974656471e-02
9.708992786885689693e-04 9.699566332792109802e-04
5.591531594438825265e-04 5.588405071881664748e-04
4.396251165708312848e-03 4.376924141396320786e-03
1.192939939565469502e-02 1.178708882571364788e-02
1.987444284283030119e-02 1.947944936451737399e-02
2.072635884123318062e-02 2.029677689041761712e-02
6.765789158257425051e-02 6.308030128917488377e-02
1.022486211561437174e-02 1.012031431033104563e-02
8.945414187475480075e-03 8.865393752489993118e-03
3.238341862127363689e-05 3.238236993547203543e-05
2.309209328244347069e-03 2.303876880522696263e-03
3.671901085815692183e-05 3.671766257239851816e-05
3.465943194085863811e-05 3.465823066463617416e-05
6.995637055173749329e-05 6.995147665795672508e-05
7.464318847825392904e-05 7.463761687266773077e-05
7.968154541681841062e-05 7.967519626813840470e-05
9.485692839356044842e-05 9.484793055669618806e-05
1.524629420176470442e-03 1.522304925307602823e-03
8.292910778873042576e-04 8.286033541954407940e-04
6.305073519011995722e-04 6.301098123803980941e-04
1.846028319480580437e-03 1.842620498924256184e-03
1.975300975688512768e-03 1.971399161743956751e-03
2.430905264097764709e-02 2.371812260067582626e-02
1.526394255608179151e-01 1.293406313252814521e-01
3.480817455785364944e-01 2.269208439735354854e-01
8.664340012369742272e-02 7.913632133870229790e-02
3.354000652930667625e-01 2.229068614944733073e-01
6.696689153519268245e-02 6.248232697330641933e-02
2.917384477689045907e-02 2.832273155782435992e-02
1.387878341454528153e-01 1.195257712386670890e-01
1.452710844897362463e-01 1.241673965009121583e-01
7.588185986158084428e-02 7.012380320552824564e-02
1.324844823495111568e-01 1.149323442860932243e-01
3.934355803337679647e-01 2.386440244611991723e-01
1.727941980937749977e-01 1.429363631989042371e-01
1.820060108100823512e-02 1.786933920129823647e-02
1.967484610658153457e-02 1.928774653726386679e-02
8.976675775836994164e-01 9.186049773871240998e-02
1.527607000243112918e-02 1.504271168771195363e-02
7.326326674237267772e-03 7.272651611699627351e-03
9.368695891428836797e-04 9.359918645158229198e-04
4.397520574702856733e-02 4.204138702653507226e-02
7.534056583876268427e-03 7.477294575267219058e-03
6.448997560776553923e-05 6.448581665081164834e-05
4.997488440996092877e-05 4.997238692088914265e-05
7.883668206320840492e-05 7.883046684076967109e-05
8.240981774975562543e-04 8.234190396914014632e-04
8.006890785671857340e-05 8.006249682671319977e-05
1.326151037405618596e-05 1.326133450639878396e-05
1.140396512335656656e-03 1.139096008130309392e-03
8.838123002809038621e-04 8.830311760987760196e-04
2.693447750209095222e-03 2.686193089425988664e-03
3.212863502261992243e-03 3.202541010377825056e-03
3.805982159585677427e-03 3.791496659386593172e-03
1.402309292699289306e-02 1.382644579175381500e-02
1.565873803897461581e-03 1.563421843127729260e-03
1.167719431960848459e-01 1.031362564782951768e-01
1.525518625158019947e-01 1.292797917587618362e-01
1.566835344522514439e-01 1.321338044838015757e-01
9.692300460253439054e-02 8.752893578135148567e-02
1.115977358459756090e-02 1.103523303813807969e-02
3.855767794326103032e-02 3.707098341488479498e-02
7.328952079676562346e-04 7.323580725817943182e-04
1.345208134428223571e-04 1.345027175935730444e-04
6.511636450541919861e-04 6.507396309615516745e-04
7.560223538766662824e-03 7.503066558810541319e-03
1.564418593548155476e-02 1.539944538189763623e-02
1.738589800171166933e-02 1.708362855238574826e-02
1.660773874587350915e-02 1.633192175962232262e-02
7.264651285687169675e-03 7.211876127384533354e-03
3.785292832995296760e-04 3.783859988812144129e-04
2.930857664131296801e-06 2.930849074204649399e-06
4.485335464573951184e-06 4.485315346339721665e-06
9.398748656196674915e-06 9.398660319720372782e-06
3.190096968079932311e-05 3.189995200893274666e-05
2.985895313117146936e-05 2.985806157408937828e-05
3.639663454638512424e-05 3.639530983137882118e-05
2.140255581666872456e-05 2.140209774727324014e-05
5.452060861075213384e-05 5.451763611398884876e-05
2.868589111381628600e-05 2.868506823346729143e-05
1.278828519033491833e-03 1.277193116652398496e-03
1.832489985914856996e-03 1.829131966366378745e-03
3.040982350856516383e-03 3.031734777198295643e-03
6.160788090489846894e-03 6.122832780593925363e-03
7.960818432393107144e-03 7.897443802279576625e-03
1.446202486410462160e-02 1.425287470093464064e-02
3.881938213894526582e-04 3.880431269464876894e-04
1.267631014902910686e-03 1.266024126512966912e-03
1.562923982009995771e-01 1.318650844655797627e-01
1.275337500241673638e-01 1.112688926289405467e-01
1.169604140595378733e-01 1.032806756025593242e-01
1.161495101542891206e-01 1.026588014452078090e-01
1.407417748170846916e-01 1.209335276384217173e-01
3.525361361349332867e-02 3.401079634068384511e-02
8.399888772976184031e-04 8.392832959836346498e-04
7.114857764032264144e-04 7.109795643932023505e-04
9.395604544259562874e-03 9.307327159507451306e-03
8.780295259944052855e-03 8.703201675092257089e-03
9.765187883978922873e-03 9.669828989569514976e-03
7.352639731708984425e-03 7.298578420684678943e-03
7.335081878355920355e-03 7.281278452193735116e-03
7.337019953318812959e-03 7.283188091523414183e-03
5.840613592134510484e-05 5.840272464463184415e-05
2.938516495698135827e-08 2.938516409349343944e-08
5.689460453303673933e-06 5.689428083343424022e-06
2.293341052672263086e-05 2.293288458540424451e-05
2.742075400081984754e-05 2.742000210306987318e-05
2.569111619814110390e-05 2.569045616468959890e-05
7.141674793634077953e-06 7.141623790115219832e-06
4.532171503246296238e-05 4.531966097460948177e-05
1.942040208712114696e-05 1.942002493510392239e-05
1.575956511498020473e-03 1.573472872571887379e-03
3.654361753144526413e-03 3.641007393321680705e-03
7.345990120572555571e-03 7.292026549721005758e-03
2.179880355932792974e-02 2.132361572270976072e-02
4.330191578411062697e-02 4.142685987353642019e-02
1.646736002076090027e-02 1.619618607470754701e-02
9.136224162501215690e-03 9.052753570553745063e-03
1.320885844854526210e-02 1.303438450703155692e-02
4.078133950511401290e-02 3.911822185328264062e-02
3.239686263753009665e-02 3.134730592877510436e-02
9.233787792321748733e-02 8.381159422385446589e-02
1.264270053694288021e-01 1.104432176827472301e-01
1.830969529795348216e-01 1.495724587891448243e-01
1.938249147125095384e-01 1.562568171491979518e-01
1.990458842221995428e-02 1.950839578196198257e-02
1.564252103218955608e-02 1.539783256794706283e-02
1.446567949105293481e-02 1.425642360791506448e-02
8.314170215980460634e-05 8.313478961716658146e-05
1.732270369756214648e-05 1.732240362149875318e-05
7.323941150962492985e-03 7.270301036979730756e-03
7.345105427107757358e-03 7.291154853372429356e-03
7.342061709406589448e-03 7.288155839261854611e-03
7.261637344243049470e-03 7.208905967323744370e-03
4.798294817490750155e-06 4.798271793857594532e-06
4.803041483597623494e-06 4.803018414390130347e-06
7.082334619819488757e-07 7.082329603873122475e-07
1.490579811283973365e-05 1.490557593002235214e-05
1.893085545977607592e-05 1.893049708248763566e-05
4.934214465275829053e-06 4.934190118803439614e-06
2.917321615663238485e-05 2.917236508009146426e-05
7.571482767019970614e-06 7.571425439668679680e-06
4.570086992040272634e-04 4.567998422528791232e-04
9.647547347492865452e-04 9.638239830510654006e-04
8.620000759899016816e-04 8.612570318588951175e-04
2.937532073758770436e-03 2.928902979074408941e-03
2.529872419990296037e-02 2.465869875376020329e-02
1.785711419880663814e-02 1.753823767129741515e-02
6.348440708930336643e-03 6.308138009495532425e-03
1.564774814937723232e-02 1.540289612723089348e-02
1.466875270138268822e-02 1.445358039556836685e-02
6.011225280496425814e-04 6.007611797559138248e-04
4.297890770841324539e-04 4.296043584333516185e-04
2.664634960795770821e-02 2.593632166052819987e-02
1.520834247497631075e-01 1.289540566661462606e-01
2.121233207518192498e-01 1.671270175450400575e-01
3.209320806161627959e-02 3.106323405793008641e-02
1.336898664151042471e-01 1.158168860330158201e-01
3.545273988980703062e-02 3.419584312411271670e-02
1.312276445164863905e-05 1.312259224470178604e-05
2.635968707232365629e-05 2.635899223922110596e-05
2.285106342632329103e-04 2.284584171532615191e-04
6.077835830596170583e-04 6.074141821757802345e-04
7.335963781155713063e-03 7.282147416557284425e-03
7.140979653001845728e-03 7.089986062597259352e-03
4.423603360251406788e-06 4.423583791984717786e-06
9.358554812215302658e-04 9.349796557397979180e-04
1.900963031236485173e-06 1.900959417576039102e-06
3.417777643205083216e-06 3.417765962001064827e-06
1.880890431880567172e-06 1.880886894131750428e-06
2.583194702326769795e-06 2.583188029431899753e-06
2.682781291827364806e-06 2.682774094511905006e-06
1.801277316333842047e-06 1.801274071733871760e-06
1.402092715225285646e-03 1.400126851243197910e-03
2.202238773586464877e-03 2.197388917970577362e-03
2.695229249046630048e-03 2.687964988341713744e-03
3.988802744919682855e-03 3.972892197581803786e-03
2.523431410833063340e-02 2.459754349981273930e-02
2.798713273471864146e-02 2.720385313600788210e-02
2.428365151588280854e-02 2.369395578493797144e-02
5.018707561647704762e-02 4.766833305754306083e-02
2.883877491095096154e-02 2.800709997258646680e-02
5.143481540815192203e-03 5.117026138454485937e-03
7.417759758163253864e-04 7.412257442180271352e-04
4.057212148895167347e-02 3.892602444683741780e-02
1.905069605138366984e-01 1.542140585096161698e-01
2.337516827794764440e-01 1.791118335772394765e-01
2.385244400265987275e-01 1.816305315365962514e-01
2.429298162566150832e-01 1.839149206301423090e-01
1.088464738870689869e-01 9.699891900942059220e-02
1.907539712023937159e-05 1.907503324946407762e-05
2.976202055216166454e-05 2.976113477429431653e-05
3.023448004002604242e-05 3.023356591624275130e-05
2.892919953106542672e-04 2.892083054521034434e-04
7.340258641224000659e-03 7.286379244303937269e-03
7.340939200796677347e-03 7.287049812446884378e-03
7.265454571945719267e-03 7.212667741808712410e-03
1.372950479650006730e-03 1.371065486630435471e-03
2.139669563634622758e-06 2.139664985448781310e-06
8.445238782885700762e-07 8.445231650679890989e-07
2.090984993279739467e-06 2.090980621061497427e-06
3.167347936963604983e-06 3.167337904870651195e-06
1.780428763333131807e-05 1.780397064067318911e-05
1.753258949261377563e-03 1.750185032318212364e-03
9.003282286514120844e-04 8.995176377321054736e-04
6.792679337836098974e-04 6.788065288577431943e-04
8.897592574806911228e-04 8.889675859444185835e-04
2.465593277840888182e-03 2.459514127629154091e-03
1.095093120152490322e-02 1.083100830734437178e-02
2.184136788287596720e-02 2.136432253188084301e-02
1.711869981032096075e-02 1.682564992712507618e-02
1.104042060161068706e-01 9.821511731005989898e-02
2.384288529473842233e-01 1.815805350295788545e-01
4.220543937880826164e-03 4.202730946749243246e-03
4.778049326522985224e-03 4.755219571156298237e-03
1.250774328924509349e-01 1.094330686734853730e-01
1.375061457556289446e-01 1.185982056350606689e-01
2.405403602225168747e-01 1.826806953265386890e-01
2.835677950207722287e-01 2.031571006478295471e-01
4.172572822536619874e-01 2.431536426599498479e-01
4.181330325925655123e-01 2.432977996475100546e-01
8.159506074917901274e-04 8.152848320979238714e-04
3.184094237259051189e-05 3.183992852697933547e-05
2.834121809419922343e-05 2.834041486955616204e-05
2.114122908432259352e-05 2.114078213275539931e-05
7.307723726742321180e-03 7.254320900675928670e-03
7.545955352384165274e-03 7.489013910203990397e-03
7.420621497100494957e-03 7.365555873697264902e-03
7.327162859906786313e-03 7.273475544331189230e-03
1.675690656884013625e-03 1.672882717706445158e-03
2.327250086268230569e-04 2.326708476971826921e-04
4.794589271890144656e-04 4.792290463261532157e-04
1.261413800597286707e-05 1.261397888949523372e-05
7.845337852612442875e-01 1.690405250449080743e-01
9.185085230077550955e-01 7.485061616986732336e-02
2.282787219226911407e-04 2.282266107478084943e-04
7.451860306333052224e-05 7.451305004112801652e-05
1.764287184396425880e-04 1.763975913469523205e-04
2.395545921804274469e-04 2.394972057777927286e-04
2.488502286986021069e-04 2.487883022622787411e-04
1.250323890921523073e-02 1.234690792599431666e-02
1.256291142216237749e-02 1.240508467876128007e-02
1.392636609485344845e-01 1.198692936877461118e-01
2.639648890067011755e-01 1.942874263783810895e-01
6.413016944587061029e-03 6.371890158255500564e-03
1.027435469027263883e-02 1.016879232597111063e-02
1.314995460947688821e-01 1.142074154716386375e-01
7.285141371513810526e-02 6.754408523484389804e-02
1.162932008344651352e-01 1.027690922741398977e-01
2.349105665898211237e-01 1.797275922942703497e-01
4.158666870716212216e-01 2.429215856556954933e-01
2.967669474618714331e-01 2.086963263560342730e-01
7.329550347032080804e-03 7.275828038742402325e-03
2.753858955383940517e-05 2.753783117992479113e-05
3.418705314246598298e-05 3.418588438786341726e-05
6.474668777058849260e-07 6.474664584925272416e-07
4.262620901309766355e-03 4.244450964361483336e-03
2.698381471216900699e-03 2.691100208652694170e-03
8.855955354016719142e-03 8.777527408784381591e-03
7.317305051007883324e-03 7.263762097798377899e-03
1.133437922755625759e-03 1.132153241230885203e-03
4.439825231076320188e-06 4.439805519028238008e-06
2.038001182744333655e-06 2.037997029295512783e-06
1.562329434528193122e-06 1.562326993654931207e-06
2.002175780333348007e-06 2.002171771625492598e-06
1.532155679448753793e-06 1.532153331947727726e-06
8.619097449341213369e-04 8.611668565257088806e-04
6.972059334898095435e-04 6.967198373761161962e-04
3.683973513779213510e-04 3.682616347694190923e-04
8.735093250786885380e-04 8.727463065376890941e-04
2.189382035731867685e-03 2.184588642033482263e-03
7.722837538050474591e-03 7.663195318411353089e-03
3.397559081636250533e-02 3.282125004504160559e-02
3.095301860580886855e-01 2.137212499769337026e-01
4.738181233304935014e-01 2.493145093340627394e-01
3.860598886326976342e-01 2.370176510216067400e-01
2.553359258426011191e-01 1.901394908167028386e-01
1.702163171096168770e-01 1.412427224992552355e-01
3.830920701935572881e-01 2.363325359483718635e-01
3.522111079763678432e-01 2.281584433944272017e-01
4.912789515794676043e-01 2.499239433144467282e-01
5.122470529259300909e-01 2.498500096946294491e-01
6.833526606070957632e-01 2.163818018482991379e-01
4.524632850812557172e-01 2.477402607347340413e-01
4.742251283735502142e-05 4.742026394263120946e-05
1.472377290439155488e-05 1.472355611490301483e-05
2.664620414041170304e-05 2.664549412021660914e-05
1.808095872839599847e-05 1.808063180732746042e-05
4.889220541875593119e-04 4.886830094124883228e-04
1.848550422707866472e-02 1.814379036054932295e-02
8.534255566001260757e-03 8.461422047935436563e-03
1.138105448461802435e-02 1.125152608343618112e-02
6.149339931764077546e-03 6.111525550167689648e-03
2.337538048379152091e-04 2.336991639966389954e-04
3.137313424583033282e-05 3.137214997227792706e-05
8.180576562553240269e-04 8.173884379263661243e-04
9.170091262234107976e-01 7.610338864638743761e-02
2.962581628222154357e-04 2.961703939231766355e-04
2.557556110811341332e-04 2.556902001485346679e-04
1.119908929512425063e-04 1.119783509911384881e-04
1.524922709977066728e-04 1.524690171049926271e-04
1.016047500109561142e-03 1.015015147587082283e-03
1.101012260602049660e-02 1.088889980622089262e-02
1.674048378318103159e-01 1.393804581023156131e-01
5.046026459168789779e-01 2.499788156505638459e-01
4.694042573708341881e-01 2.490639005329698397e-01
3.083369895399976079e-01 2.132652904214090150e-01
1.349768924762982658e-01 1.167581309737400763e-01
1.283145584264454575e-01 1.118499325222717666e-01
1.629031913480171734e-01 1.363657415966484654e-01
1.197406355721929300e-01 1.054028157649602171e-01
9.279840286475053712e-02 8.418685929050200023e-02
4.400107018022921812e-01 2.464012841017464983e-01
5.942286997919041802e-01 2.411209521355272001e-01
9.082180076271593183e-01 8.335805824891251437e-02
3.940600203109353994e-01 2.387767207034805772e-01
4.264234047771382485e-01 2.445864846354111610e-01
2.915880908132893639e-05 2.915795884518189511e-05
2.981343765701975255e-04 2.980454924637046185e-04
5.481330296094883824e-04 5.478325797913395547e-04
8.678414307810361147e-03 8.603099432912353003e-03
5.688677135778142518e-02 5.365066660226892187e-02
4.775561102932548985e-02 4.547501264454125586e-02
1.739627194701742763e-02 1.709364166936284263e-02
3.412918610526830075e-04 3.411753809182621958e-04
2.133543949260568919e-03 2.128991939477142565e-03
1.838393426807653080e-02 1.804596522890357380e-02
6.108310818556561550e-01 2.377164712947048564e-01
2.020631485871123066e-04 2.020223190710953621e-04
1.321991957871492148e-04 1.321817191597824391e-04
3.381520641951240810e-04 3.380377173766046421e-04
1.557078009111109154e-03 1.554653517184651683e-03
1.628978084795334735e-01 1.363621124720987010e-01
4.891633198821911943e-01 2.498825663640242833e-01
4.879620591713719202e-01 2.498550879806064606e-01
5.081616432616208323e-01 2.499333875792700277e-01
6.045895659758006024e-01 2.390610226889936518e-01
3.652172691761210177e-01 2.318336154716577890e-01
1.466073544444276844e-01 1.251136380672336346e-01
1.236233313437511694e-01 1.083406032912242745e-01
1.051759787877715596e-01 9.411399227380579102e-02
8.978767326935137294e-02 8.172584699822757481e-02
3.228502230311704191e-02 3.124269963800427666e-02
1.755081399368717265e-01 1.447050327527711899e-01
5.582976390497478292e-01 2.466013852812253271e-01
9.261758848559665802e-01 6.837411516723390648e-02
9.285596190393743399e-01 6.633665292882628961e-02
9.289693943382056895e-01 6.598525872111293822e-02
9.229536051006987929e-01 7.111024793232212371e-02
5.761144239853507008e-04 5.757825161558266817e-04
5.388867780886937714e-02 5.098468821288124758e-02
4.985511684662227716e-02 4.736958417083191736e-02
5.341360996822023394e-02 5.056059623838307648e-02
5.652017520518283489e-02 5.332564499995826740e-02
5.119299404608402410e-02 4.857227140668163301e-02
7.644906968403161404e-03 7.586462365847622576e-03
9.293388000980060681e-01 6.566819473040441668e-02
8.026938749742348334e-01 1.583764180530823351e-01
9.001618015111283455e-01 8.987053261136834781e-02
1.300015368192154134e-04 1.299846364196400586e-04
3.407198734640592074e-05 3.407082644608418616e-05
1.299334858037415449e-04 1.299166030930084430e-04
1.171099201528720459e-03 1.169727728188899333e-03
1.671109573843538310e-01 1.391848853064385216e-01
4.872909700954612400e-01 2.498384805588855506e-01
4.874195711447414925e-01 2.498417328098177792e-01
4.547073554710290288e-01 2.479485763515722752e-01
3.746812312422100333e-01 2.342952061970315636e-01
1.415154465601801415e-01 1.214888249450529478e-01
1.311294246671414754e-01 1.139344986536059423e-01
1.139044543863952652e-01 1.009302296573328650e-01
1.437012968995182369e-02 1.416362906264578836e-02
1.073263924037872602e-02 1.061744969531460900e-02
1.082640158330557129e-01 9.654291870875557346e-02
3.063959772897403289e-01 2.125174823904052435e-01
1.960476943348494483e-01 1.576129958808388798e-01
8.262980653170387546e-01 1.435295725703574776e-01
7.277893837364012297e-01 1.981119966569905300e-01
9.295015062556496455e-01 6.552845612412816489e-02
4.894042783006220809e-02 4.654526235387267813e-02
1.859711485657530028e-01 1.513858804668876124e-01
5.215948283262601681e-02 4.943887118325900748e-02
4.950376715871361577e-02 4.705314419580948482e-02
5.687962598629393157e-02 5.364433413395324618e-02
7.529123762125495070e-04 7.523454991662955043e-04
5.101606599893018790e-03 5.075580209992947185e-03
1.469601213952789363e-03 1.467441486224737874e-03
7.337354546310697126e-03 7.283517774572431137e-03
5.933285097828332378e-05 5.932933059107811354e-05
1.701085797718430341e-04 1.700796428429310499e-04
6.793492609905259205e-05 6.793031094486850845e-05
3.249186768432043432e-02 3.143614621870504527e-02
2.165803678189865134e-01 1.696733120943790252e-01
4.477138686538669199e-01 2.472661604688549120e-01
4.870838907006841412e-01 2.498331741205681300e-01
4.881618024122710287e-01 2.498598570778738925e-01
5.927635578802489258e-01 2.413949223293976876e-01
4.634374793690478334e-01 2.486631820851112062e-01
1.431229213182987070e-01 1.226387507116147857e-01
1.415414384086823019e-01 1.215074596218835012e-01
1.314943978095652888e-01 1.142036211542650781e-01
5.142422395165363765e-03 5.115977887075065164e-03
2.314844234623229195e-03 2.309485730792660771e-03
2.931721026263974157e-04 2.930861527446390591e-04
3.160595524437420558e-04 3.159596588030511087e-04
5.871440285796936261e-05 5.871095547686639425e-05
5.536151136917278980e-05 5.535844647223171105e-05
1.601718529984718189e-04 1.601461979759788532e-04
2.736985669140951094e-01 1.987876613832657013e-01
9.374532818713930959e-01 5.863462617994752435e-02
9.690371757098339422e-01 3.000412780214234409e-02
9.888794529902040775e-01 1.099688044399882436e-02
9.897358070113311257e-01 1.015883933096028979e-02
6.688630285979935142e-02 6.241252534954654790e-02
5.026193475784224846e-02 4.773567267224065880e-02
4.237464283652470467e-04 4.235668673296947217e-04
4.144557740170289528e-04 4.142840004284128997e-04
2.222184599326260390e-01 1.728374159977979219e-01
9.267741503053923413e-01 6.786382463111040320e-02
1.761418492902820654e-02 1.730392541831420050e-02
7.377159430868911183e-03 7.322736949600452787e-03
4.000430524707449496e-03 3.984427080324438528e-03
1.613896160799169477e-01 1.353430079014939502e-01
3.921080138683223359e-01 2.383593193285618861e-01
4.877529729338958009e-01 2.498500103280421047e-01
4.860119263550332636e-01 2.498043337957029930e-01
3.373965911679905894e-01 2.235601314362103964e-01
1.472336643852881488e-01 1.255559124569684826e-01
1.419780699930328904e-01 1.218202976340863469e-01
1.417319712519159447e-01 1.216440195769620120e-01
4.562707570933969420e-03 4.541889270556110844e-03
4.405676979148246178e-04 4.403735980183786660e-04
2.934341479291292559e-04 2.933480443299583485e-04
3.457573931814239185e-04 3.456378450064843109e-04
2.830234859609882781e-04 2.829433836673827672e-04
2.726792640052073534e-04 2.726049100241889470e-04
1.347920678872238437e-04 1.347738989856585171e-04
1.400835979438990965e-05 1.400816356024578010e-05
2.249934359866442401e-04 2.249428139404071551e-04
2.221602192814442402e-04 2.221108641184130542e-04
7.554384760169707835e-01 1.847511849701274356e-01
9.816380888801503612e-01 1.802475133987635481e-02
9.895157008420971678e-01 1.037437862907042430e-02
9.901231381638813112e-01 9.779309436388938792e-03
9.155235969147472730e-01 7.734014040703063309e-02
5.854615673232590849e-03 5.820339148551329986e-03
4.931346376805786956e-04 4.928914559096983072e-04
3.946361926558749982e-04 3.944804549313210801e-04
4.180008735401199277e-04 4.178261488098396073e-04
6.417213892497043021e-03 6.376033258354985543e-03
7.471962349298547947e-03 7.416132127949212616e-03
7.354040964479171064e-03 7.299959045971933687e-03
1.882775377551084983e-01 1.528291065319822006e-01
3.215109720905426349e-01 2.181416669159369492e-01
4.735948761451044264e-01 2.493027694342076217e-01
4.863122465776696379e-01 2.498126454062494783e-01
4.660019175693257409e-01 2.488441303910370883e-01
4.683425407765888226e-01 2.489978052755180693e-01
1.419233732116187419e-01 1.217811293478543166e-01
1.206100352957098082e-01 1.060632546816774463e-01
1.361020630779691820e-01 1.175782915038896814e-01
6.561090745302892643e-04 6.556785954126082483e-04
4.703933293108049238e-05 4.703712023223789295e-05
1.018439592380764828e-04 1.018335870460431911e-04
2.214642739814444037e-04 2.214152275567942698e-04
3.036695769818705481e-04 3.035773617698862077e-04
3.252265198182218526e-04 3.251207475290287803e-04
2.831593605951577414e-04 2.830791813716650738e-04
1.220903153521727411e-03 1.219412549011448079e-03
1.110778590645656282e-03 1.109544761568219580e-03
3.600049917856095946e-03 3.587089558445040113e-03
4.960451402391070908e-02 4.714390621236235618e-02
8.161409240883396587e-02 7.495323232911627054e-02
9.770646432295084782e-01 2.240932618030178070e-02
9.807439436109365305e-01 1.888526068140472525e-02
1.360791950594809549e-02 1.342274403266773344e-02
1.546968727660625806e-02 1.523037605217026497e-02
9.704772223524978439e-03 9.610589619614477025e-03
8.216786521578107322e-03 8.149270940836918914e-03
1.425691577851039352e-02 1.405365613099485503e-02
7.059244524374845738e-03 7.009411591119929161e-03
3.332035277736420352e-03 3.320932818644340215e-03
7.460467221528937695e-03 7.404808650365429616e-03
3.362122554482206982e-01 2.231735747346410836e-01
4.470676593755935624e-01 2.471981673160218163e-01
4.815997572761026579e-01 2.496614310677016668e-01
4.818388785838468857e-01 2.496701736689077578e-01
5.963541590943755022e-01 2.407158760252157692e-01
4.729617151231509942e-01 2.492689311509183603e-01
1.862000766549236908e-01 1.515296081086242308e-01
2.317538172098679294e-01 1.780439854185230653e-01
1.430986309695510827e-01 1.226214127841913221e-01
1.498864479647020595e-03 1.496617884918673060e-03
5.659964503945417915e-04 5.656760984126826082e-04
2.672147412421101761e-03 2.665007040627392996e-03
1.935217956789019467e-03 1.931472888248740886e-03
4.321218356622199153e-04 4.319351063813638321e-04
1.146528711791683927e-03 1.145214183704721224e-03
1.860834477081087755e-03 1.857371772129994079e-03
1.985239495771957529e-03 1.981298319916384443e-03
4.396521242583970729e-02 4.203227252219049470e-02
4.949392749244972689e-02 4.704427863382185798e-02
4.991188784568755671e-02 4.742069129736706246e-02
9.778158917954653528e-01 2.169197354770413533e-02
5.879207327796971416e-01 2.422699447474810919e-01
9.872364711716603569e-01 1.260062116018778600e-02
9.397781419221375998e-01 5.659518588751222268e-02
9.539936068393839452e-01 4.388980494896688178e-02
9.282262416441028341e-01 6.662228596736641251e-02
9.222083476467528573e-01 7.174011117739864662e-02
9.218060351295657151e-01 7.207966872827553662e-02
9.680798780871474607e-01 3.090122772992121014e-02
1.948173172339668496e-02 1.910219385245428420e-02
5.434750889746917807e-02 5.139385717410868692e-02
3.562849722857512891e-01 2.293459908090927368e-01
4.117886713577392221e-01 2.422187614991670734e-01
3.148404122456153753e-01 2.157159270626263226e-01
1.859752004193000741e-01 1.513884252483012338e-01
1.244292060649336840e-01 1.089465787429839544e-01
1.363221246239302853e-01 1.177384029619479022e-01
1.409163624610177967e-01 1.210589412517728558e-01
1.272945282815394737e-03 1.271324893122352875e-03
1.062353925475720620e-03 1.061225329612746878e-03
1.287109605223090217e-03 1.285452954087232692e-03
4.259113958256708602e-04 4.257299953085766754e-04
7.094012183960685027e-04 7.088979683074066954e-04
1.988808343596847050e-03 1.984852984969286745e-03
8.188144687826102346e-04 8.181440116483225302e-04
4.261128315187850957e-03 4.242971100669355559e-03
1.199796007438286988e-02 1.185400902843638388e-02
1.611778889049993863e-02 1.585800577178121673e-02
4.624833187013330238e-02 4.410942366936331654e-02
4.379480625332137639e-02 4.187682119855541674e-02
4.936021360708926775e-02 4.692378291975178584e-02
7.509826677913177678e-05 7.509262702945855279e-05
3.066408539340936753e-05 3.066314510727635446e-05
9.246371906510277849e-01 6.968325631600269521e-02
9.172644725525653797e-01 7.589035994542936425e-02
9.385178957131108390e-01 5.770205513934523189e-02
9.345301917006884063e-01 6.118351250056297541e-02
9.319691411640748102e-01 6.340266108197156747e-02
1.289986279733576491e-02 1.273345633714567833e-02
8.177947472029439488e-03 8.111068647174167479e-03
2.960151396836215639e-03 2.951388900544024436e-03
4.885106559436837997e-02 4.646463898466309667e-02
1.812631298904892121e-02 1.779774976647195694e-02
2.727503954539739137e-02 2.653111176319439962e-02
2.724202895529859864e-02 2.649990081369727260e-02
6.600262355147623605e-02 6.164627723579835239e-02
9.410782155179016686e-03 9.322219334406781424e-03
4.108199941337868318e-05 4.108031168270288082e-05
1.251541550465737991e-03 1.249975194213195830e-03
2.305206336532523276e-04 2.304674938907124403e-04
3.905254230209981325e-04 3.903729129149723998e-04
4.586301699879728809e-04 4.584198283551496676e-04
2.434494697390023543e-04 2.433902020946861590e-04
8.571429560874636215e-04 8.564082620402932357e-04
8.590748540175289312e-04 8.583368444127236797e-04
3.997169979131108618e-04 3.995572242346902064e-04
5.033480082784605241e-04 5.030946490610226389e-04
5.131719691482477044e-03 5.105385144490527660e-03
7.009563263371332460e-03 6.960429286228127753e-03
1.481464257427607747e-02 1.459516893967252420e-02
1.236759237149312593e-03 1.235229663738638501e-03
2.026858405496337768e-03 2.022750250500406684e-03
5.276562698644150360e-06 5.276534856530237993e-06
7.883045978221352875e-06 7.882983835807457528e-06
8.720247432840485453e-06 8.720171390125195431e-06
1.248529835550022142e-03 1.246971008799763582e-03
9.185590390428783891e-01 7.480833083550220142e-02
9.230513777165126887e-01 7.102753181216048262e-02
9.191354009484895560e-01 7.432551567174894291e-02
9.186863148862810524e-01 7.470176972694586581e-02
4.866297767838789518e-04 4.863929682442262115e-04
3.432561626824758971e-04 3.431383378892563897e-04
4.910218292321118227e-02 4.669115855538669146e-02
2.269046283225091640e-03 2.263897712189673946e-03
2.982519482892315860e-03 2.973624060426483494e-03
1.499400450796843339e-03 1.497152249084993591e-03
1.655880007463010443e-03 1.653138068863894798e-03
5.906376930489934960e-04 5.902888401645433073e-04
1.469504684007285982e-04 1.469288739605654028e-04
9.723196821067822161e-05 9.722251415503610418e-05
4.729401087128123882e-04 4.727164363663831099e-04
3.952098308262328341e-04 3.950536400158511079e-04
2.463886638143695205e-04 2.463279564407132652e-04
4.890822953547224001e-04 4.888430938630929524e-04
1.115412398913548332e-03 1.114168254093898282e-03
1.137873920631873436e-03 1.136579163572619183e-03
4.798635285777489768e-04 4.796332595716899143e-04
3.919892612771026861e-04 3.918356056961461165e-04
1.128812203973298843e-03 1.127537986981459739e-03
3.039802490525415294e-03 3.030562091344010580e-03
3.459445972919033760e-04 3.458249196275079351e-04
3.532154492062299241e-04 3.530906880526719894e-04
2.496734078364208913e-04 2.496110710258402175e-04
4.204448531822360469e-06 4.204430854434903392e-06
8.735575660766749538e-06 8.735499350484623993e-06
1.540511102382135765e-05 1.540487370637570126e-05
5.091010272709371666e-05 5.090751088853403200e-05
2.455595151035992719e-04 2.454992156281413616e-04
8.326548921076699639e-01 1.393407227568344009e-01
9.190507898186700553e-01 7.439643555234876082e-02
9.191618761147573036e-01 7.430332161195685181e-02
9.286047968492037175e-01 6.629792811785284457e-02
5.009814739718704973e-02 4.758832302455676816e-02
4.979785540324317694e-02 4.731802900048086291e-02
1.234249239726341145e-02 1.219015527868690628e-02
5.219972530789375800e-03 5.192724417567179743e-03
3.308206281253139001e-03 3.297262052453816487e-03
1.908573873361942659e-03 1.904931219131862944e-03
1.236675501909635612e-03 1.235146135612612186e-03
2.048316361024305615e-03 2.044120761109465782e-03
1.531055574041018412e-03 1.528711442870216283e-03
2.962030073656299854e-03 2.953256451499055614e-03
9.265312838418521615e-03 9.179466816424758369e-03
1.141010578703110633e-03 1.139708673562398258e-03
4.549907239900947802e-03 4.529205584009245167e-03
1.063411450281791237e-03 1.062280606369200809e-03
1.098979587179118407e-03 1.097771831046081984e-03
1.117659826763872004e-03 1.116410663275510225e-03
2.744229492167241254e-04 2.743476412616673368e-04
1.147225647945605300e-04 1.147094035276874905e-04
3.963016513930117950e-04 3.961445963941149411e-04
1.753354079856428156e-04 1.753046654803493349e-04
3.701905982650146817e-04 3.700535571859708806e-04
2.091849313817362567e-04 2.091411730462190732e-04
2.531439223735023366e-04 2.530798405280676867e-04
1.338842494982338821e-05 1.338824569990075078e-05
3.817252972396483358e-05 3.817107258193930350e-05
1.211981612618629270e-04 1.211834722675696641e-04
2.285028241588787045e-04 2.284506106182301291e-04
2.368420030701790598e-04 2.367859089357607675e-04
5.752046817980790983e-02 5.421186392018361583e-02
9.425699595835569378e-01 5.413183087420880835e-02
5.259319080783999567e-01 2.493275361434134085e-01
9.307138658206484116e-01 6.448556578983244414e-02
4.974813140935605005e-02 4.727325483063349321e-02
2.551468701540877786e-03 2.544958709005935068e-03
1.469474565354925979e-03 1.467315209856700879e-03
1.821448571757501621e-03 1.818130896857944080e-03
1.930507705910386278e-03 1.926780845907806808e-03
5.574384686988883252e-03 5.543310922350347218e-03
1.135529277914952284e-01 1.006586603814746961e-01
1.458645719844309241e-01 1.245880986242296901e-01
2.080873469195430869e-01 1.647870029715288176e-01
1.334683214284392294e-01 1.156545286035140507e-01
2.370673752700789508e-03 2.365053658659045047e-03
4.808592469374754763e-02 4.577366854009478486e-02
4.963023253216780444e-03 4.938391653404809734e-03
8.299259039666528545e-03 8.230381339059041415e-03
1.192754061054467768e-03 1.191331398804305886e-03
1.119309586640021038e-03 1.118056732689276739e-03
1.753895042170602458e-04 1.753587427388707297e-04
3.958978791635676107e-04 3.957411440328413902e-04
1.679350876391042229e-04 1.679068854454438822e-04
6.717620135015950344e-04 6.713107492988113064e-04
4.038284535888898201e-04 4.036653761689618027e-04
3.799134206191647216e-04 3.797690864119981783e-04
2.778550361236658281e-04 2.777778327025665615e-04
2.616784221230762913e-03 2.609936661570280529e-03
3.873148945035525940e-04 3.871648816760483135e-04
4.841520849941861188e-02 4.607117608537643350e-02
5.457618356051028956e-03 5.427832757930723881e-03
1.098277032585714130e-01 9.776557885551859228e-02
9.716665592972467680e-01 2.753065684069677665e-02
9.685950424486114985e-01 3.041868619258403239e-02
9.686859525517693692e-01 3.033347788064055806e-02
7.536293486183208712e-01 1.856721535194462147e-01
1.384352232071474169e-02 1.365187921047061360e-02
9.532213242483976792e-03 9.441350153183789701e-03
9.995600782291596403e-03 9.895688747292647608e-03
5.154506888373679846e-03 5.127937947111388395e-03
6.170304176767265475e-03 6.132231523133434281e-03
1.340231461972190424e-02 1.322269258255589358e-02
2.225483818671422295e-02 2.175956036399738849e-02
5.125328768538697094e-02 4.862638818682592928e-02
8.803940859709653843e-02 8.028847113097002663e-02
6.476979912198954636e-02 6.057467224368667108e-02
5.218221850409433121e-02 4.945923457608528834e-02
2.194587885185231291e-02 2.146425725327213291e-02
3.972725663532800794e-02 3.814900171555879460e-02
3.077658259604008038e-03 3.068186279241099084e-03
9.562474374858530995e-03 9.471033458688705303e-03
6.209841652282857734e-03 6.171279518936430286e-03
1.383231007194782591e-01 1.191898205268273336e-01
8.959236368113314712e-05 8.958433688950317986e-05
1.387890669301020878e-04 1.387698045250027555e-04
6.949831710035811515e-05 6.949348708427832721e-05
3.970152905231109594e-04 3.968576693822018202e-04
8.162331132014609577e-05 8.161664895519523126e-05
7.200404026833434005e-04 7.195219445018470519e-04
2.067101764799796418e-03 2.062828855093758011e-03
2.207061558540377756e-04 2.206574446468059184e-04
2.744917362431136058e-05 2.744842016717870411e-05
4.928361075972977068e-02 4.685473647021321658e-02
5.603474854581979026e-01 2.463581809988725779e-01
2.623851071136825697e-01 1.935391626786238939e-01
9.194641055453914857e-01 7.404986415900471908e-02
2.944903206226339165e-01 2.077657716822121914e-01
2.676934126560282824e-03 2.669768150242339717e-03
1.991297863313122758e-03 1.987332596132687559e-03
3.505540938213082443e-03 3.493252120943594625e-03
2.385378288816546698e-03 2.379688259235789548e-03
1.058484936044298830e-02 1.047281032445971857e-02
5.408028769679634751e-03 5.378781994505952430e-03
1.542067608661650546e-01 1.304270357693304294e-01
3.303580960533211153e-01 2.212216244253457642e-01
2.130668342797942261e-01 1.676693584097809220e-01
2.469776543908689392e-01 1.859796926224534519e-01
1.253058914835029625e-01 1.096043250430275423e-01
7.724563580247628680e-02 7.127874755194747725e-02
2.840806442745052451e-01 2.033788318230872472e-01
1.282895499864621924e-01 1.118313413507332071e-01
2.601112980289995158e-01 1.924534106666684896e-01
1.122231110471728355e-01 9.962908439406674421e-02
5.232872996601308779e-01 2.494577016745392894e-01
2.724586502178539815e-01 1.982249341393190756e-01
4.423595745747473297e-05 4.423400063754255341e-05
2.283625088274328450e-04 2.283103593919948843e-04
4.145736303437474166e-04 4.144017590487710000e-04
6.023593948715608073e-04 6.019965580309707574e-04
6.544942547025907635e-04 6.540658919731520303e-04
7.443292024941258918e-03 7.387889428772704756e-03
4.926786047490605558e-02 4.684053839913124295e-02
5.039085515930753767e-02 4.785161687562122790e-02
5.503365489474835309e-02 5.200495172367409352e-02
5.005086313257040703e-02 4.754577423225510996e-02
1.385203635404199662e-01 1.193324724250498514e-01
9.187616889226031258e-01 7.463864789068896943e-02
9.187340074267746903e-01 7.466183102431378504e-02
