275.5   1.257873008560375   75.9614705071674
276.5   1.3969092690156466   83.92947810455496
277.5   1.5443151880685948   92.28754449991843
278.5   1.6993994368835483   100.97986328324856
279.5   1.861279717735387   109.94006734149004
280.5   2.028896286414214   119.09263879229
281.5   2.2010341401413545   128.35481333821699
282.5   2.3763528727423826   137.63887334156146
283.5   2.5534224960728955   146.8546861362469
284.5   2.7307629850345125   155.9123216492198
285.5   2.9068849998719593   164.72457954246715
286.5   3.0803292145237475   173.20927101963184
287.5   3.2497019279222585   181.29113121142422
288.5   3.41370510924798   188.90327941367974
289.5   3.571159647202908   195.98818984234194
290.5   3.721021249804968   202.4981789677255
291.5   3.862389081520074   208.39545161944307
292.5   3.9945077650139926   213.65177412983945
293.5   4.116763768726982   218.24785758994358
294.5   4.228677435724122   222.17253865601677
295.5   4.329891992205933   225.42184119400818
296.5   4.4201608294042805   227.99799185173734
297.5   4.4993342129539915   229.90844895663508
298.5   4.567346376217744   231.1649893187246
299.5   4.624203723529702   231.7828830177598
300.5   4.66997463686724   231.78017351426172
301.5   4.704781156823715   231.17706978298503
302.5   4.728792610535444   229.99544898411057
303.5   4.742221090077379   228.2584622951979
304.5   4.745318549602847   225.9902327599686
305.5   4.738375184875851   223.2156318438949
306.5   4.721718690042001   219.96012072724034
307.5   4.695713946794026   216.2496426311281
308.5   4.660762693856403   212.1105535955911
309.5   4.617302742862354   207.56958066003892
310.5   4.565806353019183   202.6537983841161
311.5   4.506777442645407   197.39061670340018
312.5   4.440747401243788   191.8077753063525
313.5   4.368269364905858   185.93334182658614
314.5   4.289910926897232   179.79571307369463
315.5   4.206245373793103   173.42362024496384
316.5   4.117841658707953   166.84614024219923
317.5   4.025253451849168   160.09271591295376
318.5   3.929007737908694   153.19318779952783
319.5   3.829593561887749   146.17783873907157
320.5   3.72745165302651   139.07745011561622
321.5   3.6229657684471697   131.92336451346145
322.5   3.5164566815260194   124.74754418580004
323.5   3.408179759245972   117.58260816564862
324.5   3.2983270028506357   110.46182414395814
325.5   3.1870342193060117   103.41902542920374
326.5   3.074393622173996   96.48842047144535
327.5   2.9604716122443278   89.70426452270243
328.5   2.8453307906547076   83.10037203653697
329.5   2.729054485579172   76.70946522917582
330.5   2.611771364901059   70.56237809310372
331.5   2.4936772331858656   64.6871628922545
332.5   2.3750510429976868   59.10817243755336
333.5   2.2562626043527065   53.845209794661365
334.5   2.137770447312342   48.91284155124728
335.5   2.0201096428938503   44.319958334467316
336.5   1.903870850706661   40.0696379523318
337.5   1.789673124385516   36.15932777971973
338.5   1.6781337961712146   32.581322045380126
339.5   1.5698389342609662   29.323475017834983
340.5   1.4653174410131058   26.370069070365957
341.5   1.3650209958837416   23.70274974043935
342.5   1.2693109816609478   21.30144688047383
343.5   1.1784525021846546   19.145217772731854
344.5   1.0926147781934517   17.21296952388415
345.5   1.0118766812448414   15.48403949646244
346.5   0.936235937965919   13.938630700854793
347.5   0.8656205534456263   12.55811230273871
348.5   0.7999011851190242   11.325203479876997
349.5   0.7389034660197163   10.224062463016898
350.5   0.6824195649529453   9.240302859408972
351.5   0.6302185370170149   8.360957464269918
352.5   0.5820552375911384   7.57440673736068
353.5   0.537677739050933   6.870285722431204
354.5   0.4968333037964111   6.2393799035849655
355.5   0.4592730381674094   5.6735176067037125
356.5   0.4247553886944693   5.165464172329494
357.5   0.3930486550080432   4.7088212656331905
358.5   0.36393268998833933   4.29793329067993
359.5   0.3371999448963796   3.92780187865739
360.5   0.3126559987401976   3.5940087276956305
361.5   0.2901196913763067   3.292646624556788
362.5   0.26942296008067806   3.020258202699995
363.5   0.2504104610913921   2.7737818401489602
364.5   0.23293904155422146   2.550504035011231
365.5   0.21687711338486637   2.3480175849325238
366.5   0.20210396895637528   2.1641849203716066
367.5   0.18850906898024747   1.9971059849132242
368.5   0.17599132519672622   1.8450901085182605
369.5   0.16445839432889428   1.7066313759707092
370.5   0.15382599492354856   1.580387048565484
371.5   0.1440172549039814   1.4651586493269664
372.5   0.13496209479000323   1.359875370547431
373.5   0.12659664934930012   1.2635795058236965
374.5   0.1188627288254684   1.1754136474765349
375.5   0.11170731968639143   1.0946094240624433
376.5   0.10508212401469812   1.0204775826120207
377.5   0.09894313606014998   0.952399245846578
378.5   0.09325025411522185   0.8898181972323448
379.5   0.08796692562305063   0.8322340658691116
380.5   0.08305982333788715   0.7791963002287057
381.5   0.07849855030137369   0.7302988339763625
382.5   0.07425537143575603   0.6851753597457235
383.5   0.07030496962638591   0.6434951375623666
384.5   0.06662422424879967   0.6049592738475491
385.5   0.06319201021773536   0.5692974151245279
386.5   0.05998901574807748   0.5362648074696206
387.5   0.05699757715974309   0.5056396789874371
388.5   0.0542015291598604   0.47722090764768454
389.5   0.051586069186216194   0.45082594167368145
390.5   0.049137634491004466   0.42628894345995644
391.5   0.046843790774466855   0.4034591316562922
392.5   0.044693131266889334   0.3821992989543609
393.5   0.04267518527213331   0.3623844859153525
394.5   0.040780335265712495   0.3439007934156341
395.5   0.03899974172906804   0.3266443183617642
396.5   0.03732527497800913   0.31052019911207507
397.5   0.035749453314418804   0.29544175861791955
398.5   0.03426538689284937   0.2813297346595069
399.5   0.032866726758222074   0.26811158781896877
400.5   0.0315476185518569   0.2557208787949351
401.5   0.03030266044597001   0.2440967077332165
402.5   0.029126864898708218   0.2331832089725709
403.5   0.028015623868207284   0.2229290954012451
404.5   0.026964677156291507   0.21328724723350007
405.5   0.025970083584740865   0.2042143405894968
406.5   0.025028194738302666   0.19567051178517217
407.5   0.024135631032787326   0.1876190536701148
408.5   0.023289259889820755   0.18002614074495393
409.5   0.022486175822898285   0.17286058015609893
410.5   0.02172368225565614   0.1660935859538948
411.5   0.020999274915353663   0.1596985743159413
412.5   0.020310626652822215   0.15365097762589755
413.5   0.019655573561247714   0.14792807557236953
414.5   0.01903210227349238   0.14250884158630125
415.5   0.01843833833355072   0.13737380314251196
416.5   0.017872535542081687   0.13250491456210317
417.5   0.017333066191433533   0.1278854411355642
418.5   0.016818412109610836   0.123499853478333
419.5   0.016327156441368507   0.11933373114836174
420.5   0.015857976101432573   0.11537367465410014
421.5   0.015409634841330101   0.11160722507211959
422.5   0.014980976875919812   0.10802279056319183
423.5   0.014570921020989091   0.10460957915088263
424.5   0.014178455298194696   0.10135753719021649
