8.865720844952887716e-03 8.787119838852256240e-03
2.278865146430775548e-02 2.226932882874605932e-02
3.859345346143147615e-02 3.710399881135179739e-02
4.724193330787555822e-02 4.501013304520979502e-02
4.915519750007019129e-02 4.673896405879928578e-02
2.051762281640998661e-03 2.047552553180633905e-03
9.328979950345191044e-04 9.320276963653796251e-04
4.674338250646247785e-03 4.652488812564792992e-03
2.740547131324844177e-02 2.665441145534715867e-02
7.477468272602857957e-02 6.918342954925034427e-02
8.357762426222647978e-02 7.659240498490857418e-02
8.394510795104513645e-02 7.689832680213251614e-02
8.164233934477119203e-02 7.497686777108442113e-02
7.987156398758064879e-02 7.349209725375846491e-02
7.910237560705751791e-02 7.284518978037750336e-02
7.878817251559123991e-02 7.258059638724467799e-02
7.881099058320645279e-02 7.259981834650020005e-02
7.928904389639830630e-02 7.300229141439332214e-02
6.373101715801103573e-02 5.966937461001634024e-02
2.735603423588698485e-02 2.660768162677196527e-02
1.431670033782568054e-02 1.411173242926258217e-02
1.139219399293986412e-02 1.126241190896708905e-02
6.986409927014809599e-04 6.981528934647980838e-04
9.957239872609192910e-04 9.947325210021124541e-04
3.403772224408565302e-04 3.402613657872999861e-04
6.609738990593616017e-04 6.605370125641238897e-04
9.116585482620606206e-04 9.108274269534413639e-04
1.172368374875590834e-02 1.158623898811506417e-02
1.517834621024856737e-02 1.494796401657040065e-02
3.320458124428556784e-02 3.210203702867720638e-02
6.154550420749388406e-02 5.775765511933923790e-02
7.811207251424927278e-02 7.201057664177792916e-02
7.906498725460502086e-02 7.281371504503417191e-02
8.740796065050528141e-02 7.976780906542500771e-02
8.956639089862158953e-02 8.154425252001690216e-02
8.735229370825463302e-02 7.972187049216145072e-02
7.371620152662558545e-02 6.828212315911150188e-02
7.312927982690255180e-02 6.778138825890113461e-02
8.683782494504392602e-02 7.929701710385783642e-02
8.451530632238726803e-02 7.737246931962031560e-02
4.419375349643064194e-02 4.224066564832736764e-02
4.893948558004072164e-03 4.869997825515681895e-03
