0.000000000000000000e+00 0.000000000000000000e+00
2.943160297608292397e-03 2.934498105070874538e-03
3.697546128366340466e-03 3.683874280994943635e-03
3.909108071932714673e-03 3.893826946014665013e-03
3.805949954154740338e-03 3.791464699101209680e-03
3.577531467772728218e-03 3.564732736369824202e-03
2.052869872594253499e-03 2.048655597880448195e-03
1.192510113704605985e-03 1.191088033333318180e-03
2.860777153261213402e-04 2.859958748669151206e-04
8.020284812651944301e-05 8.019641562967183600e-05
5.018184263263947602e-07 5.018181745046617766e-07
9.642487078039407714e-07 9.642477780283702122e-07
4.578442317748331069e-04 4.576346104342636327e-04
7.614215297635206110e-03 7.556239023036464414e-03
8.179772558138785274e-03 8.112863879035904502e-03
8.611885933089176784e-03 8.537721353764637228e-03
8.940588603796963130e-03 8.860654479214618434e-03
7.972762324309299459e-03 7.909197385229374197e-03
8.228658624939830593e-03 8.160947802174033788e-03
1.668125167402181169e-02 1.640298751660975579e-02
2.249154629539315553e-02 2.198567664063534252e-02
2.769812565323294395e-02 2.693093948853066133e-02
2.794638357929592892e-02 2.716538322413478840e-02
2.323749408722525223e-02 2.269751295577142336e-02
1.196990951354378122e-02 1.182663077978135524e-02
8.596272277918591206e-03 8.522376380842478991e-03
8.760714886573071208e-03 8.683964761249248279e-03
6.653515026964565600e-03 6.609245764750522160e-03
2.299927450885712234e-03 2.294637784606374641e-03
5.359850195825318839e-04 5.356977396413150098e-04
1.784535329161336401e-05 1.784503483497926091e-05
1.424187470581963482e-05 1.424167187482449826e-05
9.705001734583554012e-06 9.704907547524885554e-06
2.290125786833676046e-05 2.290073340072480864e-05
2.153080838256030540e-05 2.153034480685070022e-05
1.516713919407768022e-05 1.516690915196634712e-05
1.211537056720015191e-05 1.211522378499617125e-05
9.424531024568161989e-07 9.424522142389658446e-07
3.958991963463307451e-09 3.958991947789689854e-09
0.000000000000000000e+00 0.000000000000000000e+00
0.000000000000000000e+00 0.000000000000000000e+00
0.000000000000000000e+00 0.000000000000000000e+00
