9.316075429895749604e-02 8.448182815740676310e-02
9.316075429895749604e-02 8.448182815740676310e-02
9.316075429895749604e-02 8.448182815740676310e-02
4.013536263539594501e-02 3.852451530152120607e-02
2.455741609861463240e-02 2.395434941317413358e-02
9.775279622078704087e-03 9.679723530388876368e-03
1.247794754008591444e-03 1.246237762260460130e-03
5.278468910228706129e-04 5.275682686825080604e-04
1.601682996038798746e-04 1.601426457196818793e-04
1.189300807318621799e-03 1.187886370908333104e-03
7.707362410691779133e-04 7.701422067158804428e-04
4.714929182424062483e-03 4.692698625228788369e-03
3.657534326071211483e-02 3.523758752607319272e-02
3.906335789996262520e-02 3.753741196954205050e-02
3.499996162299311847e-02 3.377496430938212862e-02
2.956492697491508448e-02 2.869084206788302324e-02
1.388710066737002848e-02 1.369424910242435928e-02
2.523460575183190729e-04 2.522823789855740376e-04
3.898353044769382880e-05 3.898201073204766342e-05
3.364016840800488397e-05 3.363903674707436497e-05
1.135823797581844109e-06 1.135822507486145035e-06
7.634899980330939884e-06 7.634841688633229730e-06
1.056715907326737304e-05 1.056704740841649269e-05
1.849640154834422462e-05 1.849605943147398750e-05
9.041634632410810152e-07 9.041626457295127148e-07
1.154565593782025229e-06 1.154564260760314857e-06
1.046741601517871136e-05 1.046730644838067717e-05
4.904207200957143097e-05 4.903966688474443742e-05
5.258912067342206816e-06 5.258884411186074555e-06
7.521028882630459351e-06 7.520972316755005806e-06
1.288346454918681780e-05 1.288329856552802737e-05
4.348257327872904132e-05 4.348068254455009842e-05
2.261366311331254619e-05 2.261315173555314355e-05
3.167582397226628276e-04 3.166579039402306383e-04
3.987312036063916628e-04 3.985722170336622873e-04
3.469246287623186059e-04 3.468042720642767422e-04
1.044844566454750388e-04 1.044735396437945356e-04
1.161559963357209594e-04 1.161425041202362107e-04
8.959762685161270731e-05 8.958959911687526371e-05
1.159161003341864949e-04 1.159026637918698075e-04
2.902583830857518666e-04 2.901741331568002871e-04
5.122021109860429603e-04 5.119397599835444042e-04
9.316075429895749604e-02 8.448182815740676310e-02
9.316075429895749604e-02 8.448182815740676310e-02
9.316075429895749604e-02 8.448182815740676310e-02
9.316075429895749604e-02 8.448182815740676310e-02
2.630110206326743971e-02 2.560935409352502884e-02
8.554396272191898062e-03 8.481218576610207935e-03
4.292833819810467147e-03 4.274405397605958792e-03
1.230987164671008176e-03 1.229471835271423417e-03
2.254112486625000830e-04 2.253604384314765051e-04
5.530844393506590632e-04 5.527785369536072002e-04
3.282167414359723947e-03 3.271394791423839175e-03
1.695256554066375612e-02 1.666517606225325493e-02
4.725721513892579273e-02 4.502397075623907480e-02
4.287396666171100490e-02 4.103578964440150051e-02
3.868202269636047269e-02 3.718572381647872876e-02
6.932564039025197571e-03 6.884503594870011907e-03
9.885386859041116799e-05 9.884409650307587978e-05
6.636434694323015723e-05 6.635994271668495411e-05
4.950841319458911352e-05 4.950596211161206717e-05
1.426828069341503047e-05 1.426807710958108461e-05
1.104482195652196042e-07 1.104482073664103930e-07
4.519278803564758746e-06 4.519258379683854571e-06
4.942006297631406041e-06 4.941981874205160242e-06
2.903009816267739512e-06 2.903001388801746272e-06
3.921619105143814358e-06 3.921603726047408467e-06
1.244397808274231564e-06 1.244396259748326273e-06
8.669153361365651052e-06 8.669078207145648979e-06
1.427521947062134338e-05 1.427501568873040822e-05
5.499319462148681063e-06 5.499289219634134582e-06
6.060030250077150132e-06 6.059993526110518340e-06
5.892221403327563652e-06 5.892186685054498075e-06
2.314380400488250916e-05 2.314326836921869196e-05
6.191239361118111189e-06 6.191201029673284823e-06
6.248199734841389848e-05 6.247809334842124461e-05
4.167614589451859217e-04 4.165877688315237828e-04
3.846299110693963508e-04 3.844819709009070826e-04
9.162999454248695259e-05 9.162159848658709403e-05
1.000956450754944142e-04 1.000856259373313328e-04
1.277291655885595841e-04 1.277128508488176303e-04
9.414413296795863658e-05 9.413526985018635094e-05
1.444100413775095812e-04 1.443891871174589271e-04
3.153769035639603308e-04 3.152774409726587625e-04
9.316075429895749604e-02 8.448182815740676310e-02
9.316075429895749604e-02 8.448182815740676310e-02
9.316075429895749604e-02 8.448182815740676310e-02
9.316075429895749604e-02 8.448182815740676310e-02
9.316075429895749604e-02 8.448182815740676310e-02
1.213310125944148075e-02 1.198588911326962068e-02
4.984265473392261031e-03 4.959422571083010531e-03
4.232199906875682045e-03 4.214288390823923633e-03
1.195232322781591885e-03 1.193803742476169964e-03
1.895525163133007871e-03 1.891932147488937545e-03
4.846375967842256327e-02 4.611502367625466836e-02
4.942352301417742011e-02 4.698083838704449761e-02
4.983198323441812017e-02 4.734875668134279347e-02
4.828200030178239621e-02 4.595084874864108215e-02
3.852055870785688757e-02 3.703672526469144188e-02
2.007926077424918195e-03 2.003894310292515194e-03
1.195116643692863660e-04 1.194973813313660450e-04
2.102104575565279056e-05 2.102060387128813025e-05
1.102108233159721645e-04 1.101986768903961825e-04
2.433098703190838749e-05 2.433039503497844207e-05
1.068871408118763853e-05 1.068859983257892993e-05
4.123284756873674834e-06 4.123267755396488504e-06
2.151714658546861092e-06 2.151710028670889095e-06
2.542358976187087821e-06 2.542352512597924056e-06
1.083384432880498518e-06 1.083383259158669197e-06
4.757619592271485823e-06 4.757596957327301007e-06
1.769390727048207823e-05 1.769359419612758180e-05
3.629660353264280696e-05 3.629528608921480190e-05
8.853116162282598952e-06 8.853037784616816629e-06
2.640259545818984517e-05 2.640189836114291552e-05
1.633951185840131705e-05 1.633924487875354649e-05
3.121160364901479713e-05 3.121062948481245498e-05
1.497019150106479614e-05 1.496996739443121761e-05
1.398994902908204450e-04 1.398799184234368099e-04
1.259313144926906816e-03 1.257727275329921122e-03
6.477308097083433504e-04 6.473112545064979313e-04
8.349312152362872003e-05 8.348615042228696491e-05
8.409622577480858712e-05 8.408915359961901365e-05
1.880631262271566890e-04 1.880277584877103640e-04
1.200001372875179049e-04 1.199857372545688880e-04
5.979844806250604475e-04 5.976268951859920386e-04
7.288534663441326991e-04 7.283222389687308684e-04
4.013536263539594501e-02 3.852451530152120607e-02
9.316075429895749604e-02 8.448182815740676310e-02
9.316075429895749604e-02 8.448182815740676310e-02
9.316075429895749604e-02 8.448182815740676310e-02
9.316075429895749604e-02 8.448182815740676310e-02
9.316075429895749604e-02 8.448182815740676310e-02
1.251618045707154729e-02 1.235952568383756785e-02
6.829674726342935438e-03 6.783030269475288226e-03
6.569308295253847678e-03 6.526152483775756775e-03
4.768673369577678539e-02 4.541270912520485592e-02
5.210712270338306584e-02 4.939197046695764648e-02
5.111247099557614942e-02 4.849998630430253643e-02
5.014268585866491629e-02 4.762839691354416038e-02
1.545023729232381307e-02 1.521152745993470043e-02
7.236181563770638413e-04 7.230945331408252961e-04
5.375888526445003366e-04 5.372998508700126651e-04
1.902439354307631104e-04 1.902077426757949302e-04
1.444363132141470124e-04 1.444154513655721212e-04
3.037015006069315303e-04 3.036092660054606459e-04
8.013552874770686401e-05 8.012910704473919345e-05
5.891536603925181381e-05 5.891189501889627559e-05
1.349390718737706478e-05 1.349372510184588392e-05
2.742410602924188497e-05 2.742335394765038219e-05
1.105925016258214922e-05 1.105912785556799113e-05
4.747555826342482243e-06 4.747533287056158298e-06
1.258753524410793288e-05 1.258737679806441079e-05
2.805442821919451883e-05 2.805364116825181321e-05
4.248348785064329832e-05 4.248168300390334164e-05
3.931197342255126790e-05 3.931042799129689114e-05
1.083784566451215350e-04 1.083667107552567591e-04
2.831373792566019092e-05 2.831293625790486934e-05
1.663398632880970897e-04 1.663121943379783840e-04
7.360057930089899882e-05 7.359516225562557756e-05
2.299937967186284132e-04 2.299408995720993577e-04
2.770565622638185917e-04 2.769798019251251599e-04
3.773573235856546217e-04 3.772149250359909051e-04
2.585676956423029501e-04 2.585008383890731671e-04
3.792938688110745723e-04 3.791500049721568824e-04
9.967874905564223700e-04 9.957939052550927005e-04
1.544579605033970324e-03 1.542193878877683383e-03
2.584028031130186035e-03 2.577350830264519416e-03
3.946795676646186468e-03 3.931218480532993817e-03
2.455741609861463240e-02 2.395434941317413358e-02
2.630110206326743971e-02 2.560935409352502884e-02
9.316075429895749604e-02 8.448182815740676310e-02
9.316075429895749604e-02 8.448182815740676310e-02
9.316075429895749604e-02 8.448182815740676310e-02
9.316075429895749604e-02 8.448182815740676310e-02
9.316075429895749604e-02 8.448182815740676310e-02
3.875165227167688686e-02 3.724996171789192456e-02
5.515212228143669126e-02 5.211036568929014456e-02
5.580580851452732194e-02 5.269152025056723226e-02
5.424737838392947042e-02 5.130460032240025114e-02
5.039159879961320476e-02 4.785228557003202293e-02
4.565531661952152570e-02 4.357090868389276728e-02
1.103827902351460413e-03 1.102609466313450798e-03
2.667861888421896917e-03 2.660744401366202903e-03
8.460298898256419218e-05 8.459583131681940483e-05
5.078537278286213104e-05 5.078279362877343974e-05
9.886386811594659931e-06 9.886289070950471825e-06
2.021374754052336999e-04 2.020966158462704889e-04
2.425062001591567039e-05 2.425003192334451518e-05
1.540168474859149252e-04 1.539931262966054177e-04
4.608562323245735809e-05 4.608349934778863555e-05
8.562840588150150492e-05 8.562107365760769498e-05
1.565991068576632033e-05 1.565966545296363445e-05
1.617143824849656938e-05 1.617117673308154349e-05
9.608145884990906116e-06 9.608053568523559202e-06
2.933600648944143221e-05 2.933514588816468370e-05
1.808097980448428790e-05 1.808065288265359638e-05
2.472756425458853070e-05 2.472695280215456430e-05
4.547068784840855855e-05 4.546862026495515348e-05
7.307563140360120126e-06 7.307509739881069893e-06
8.925199406818803830e-05 8.924402814974288691e-05
1.036153948645948821e-04 1.036046587145419300e-04
9.260585591272631277e-05 9.259728006817697775e-05
4.476324058390719835e-04 4.474320310683146907e-04
2.211528183152680724e-04 2.211039097462192760e-04
4.377949594143821718e-04 4.376032949878935459e-04
4.096333483658064298e-04 4.094655488857130553e-04
1.651483681425861515e-03 1.648756283075845670e-03
8.170045150459073714e-04 8.163370186683020259e-04
4.741672261300674401e-03 4.719188805467086287e-03
5.936770541519762259e-03 5.901525297057105823e-03
9.775279622078704087e-03 9.679723530388876368e-03
8.554396272191898062e-03 8.481218576610207935e-03
1.213310125944148075e-02 1.198588911326962068e-02
9.316075429895749604e-02 8.448182815740676310e-02
9.316075429895749604e-02 8.448182815740676310e-02
9.316075429895749604e-02 8.448182815740676310e-02
9.316075429895749604e-02 8.448182815740676310e-02
9.316075429895749604e-02 8.448182815740676310e-02
6.280179554176404388e-02 5.885773001849450847e-02
5.779018263310386344e-02 5.445047742433636179e-02
5.458382675381597687e-02 5.160443261072537868e-02
6.978399446673578914e-03 6.929701387836244807e-03
7.590387713147095502e-04 7.584626314583505641e-04
5.753716004346926113e-04 5.750405479561058065e-04
9.953076900399304315e-05 9.952086263001452121e-05
9.501290552370544830e-05 9.500387807148939106e-05
4.525386678236850474e-05 4.525181886990975054e-05
2.455259853680520643e-05 2.455199570671029560e-05
1.773470620449186629e-04 1.773156100645027051e-04
7.754917016306739222e-05 7.754315628927440902e-05
2.169065795340971708e-04 2.168595310698519859e-04
8.887565899045376389e-05 8.886776010769277220e-05
2.174837332143092592e-04 2.174364340400964225e-04
1.100116746183072493e-04 1.099995720497549251e-04
1.309733229954426219e-05 1.309716075943089688e-05
2.269077417075078521e-05 2.269025929951831735e-05
8.512490793510988740e-05 8.511766168515892683e-05
4.413508627956152207e-05 4.413313837372061617e-05
1.124905033843459547e-04 1.124778492709942965e-04
1.414690859588738591e-04 1.414490724565918133e-04
3.980004270762885432e-05 3.979845866422932588e-05
5.929608552548245768e-05 5.929256949972381511e-05
1.038656113321331862e-05 1.038645325256114475e-05
5.446830999365044683e-05 5.446534319685688024e-05
4.813472980013050267e-04 4.811156027800118896e-04
3.188782244382480213e-04 3.187765411162271287e-04
9.113889453133488215e-04 9.105583155037094267e-04
1.062539576457006843e-03 1.061410586105469324e-03
1.415830177297813016e-03 1.413825602206865819e-03
2.169569329460396996e-03 2.164862298385061921e-03
6.379279309699636448e-03 6.338584105188474656e-03
1.484690564332579420e-02 1.462647503614397486e-02
1.247794754008591444e-03 1.246237762260460130e-03
4.292833819810467147e-03 4.274405397605958792e-03
4.984265473392261031e-03 4.959422571083010531e-03
1.251618045707154729e-02 1.235952568383756785e-02
9.316075429895749604e-02 8.448182815740676310e-02
9.316075429895749604e-02 8.448182815740676310e-02
9.316075429895749604e-02 8.448182815740676310e-02
9.316075429895749604e-02 8.448182815740676310e-02
9.316075429895749604e-02 8.448182815740676310e-02
5.300807129889947150e-02 5.019821567607025969e-02
4.678346947534554878e-02 4.459477645919496247e-02
9.530618358730036811e-04 9.521535090100060900e-04
2.769073457184940447e-04 2.768306680403811960e-04
5.716113492841280687e-05 5.715786753306650419e-05
4.406625929660172878e-05 4.406431746139333140e-05
8.613283277415327425e-05 8.612541390927156890e-05
6.472795881342477317e-06 6.472753984255955609e-06
1.115431295511330989e-06 1.115430051324356023e-06
5.076855885211742060e-05 5.076598140554949823e-05
1.024260694702878884e-05 1.024250203603171710e-05
2.870101988992857997e-04 2.869278240450135668e-04
1.542131553425276009e-04 1.541893736452469013e-04
2.190622821800205448e-04 2.190142938965466263e-04
1.359425595803531717e-04 1.359240792008479149e-04
2.938114037170491672e-05 2.938027712029537623e-05
2.905326498751339205e-05 2.905242089530695878e-05
4.207082535702866868e-05 4.206905540268244842e-05
3.130072231397483577e-05 3.129974257875745627e-05
2.033609843143085254e-05 2.033568487453144027e-05
1.206054498009270022e-05 1.206039952334748324e-05
5.935704317184070499e-06 5.935669084598329527e-06
5.872779841595342985e-06 5.872745352052275369e-06
3.797164325723134806e-06 3.797149907266218132e-06
1.259788776649851446e-05 1.259772905972233716e-05
2.248497515030209470e-04 2.247991940922699800e-04
1.185698750114292218e-04 1.185558161961689931e-04
4.654561425842581451e-04 4.652394931635887377e-04
7.737574242155221107e-04 7.731587236639934479e-04
1.197142575463125283e-03 1.195709425117138852e-03
4.960968185110493402e-03 4.936356979776814619e-03
1.303811878721732216e-02 1.286812624570773250e-02
1.990979545858838004e-02 1.951339550338555481e-02
5.278468910228706129e-04 5.275682686825080604e-04
1.230987164671008176e-03 1.229471835271423417e-03
4.232199906875682045e-03 4.214288390823923633e-03
6.829674726342935438e-03 6.783030269475288226e-03
3.875165227167688686e-02 3.724996171789192456e-02
9.316075429895749604e-02 8.448182815740676310e-02
9.316075429895749604e-02 8.448182815740676310e-02
9.316075429895749604e-02 8.448182815740676310e-02
9.316075429895749604e-02 8.448182815740676310e-02
9.316075429895749604e-02 8.448182815740676310e-02
3.105403108738253801e-02 3.008967824060641838e-02
1.233395907532099578e-03 1.231874642067382541e-03
3.642395467668412554e-04 3.641068763194123259e-04
1.324280883991032771e-04 1.324105512005062325e-04
6.552595347369688115e-05 6.552165982311824695e-05
9.772248196245029322e-05 9.771293227896939832e-05
1.653901589550053476e-05 1.653874235645374417e-05
6.790286793683208170e-06 6.790240685688467431e-06
1.812017527587595568e-05 1.811984693512392794e-05
2.633593246922885016e-05 2.633523888788982760e-05
2.951916115795082140e-04 2.951044734919613228e-04
2.416153260577648908e-04 2.415569480919788970e-04
3.078354227562766100e-04 3.077406601087730675e-04
2.975911363409254108e-04 2.975025758564967091e-04
1.128690394411908796e-04 1.128563000211265049e-04
9.127704035428305302e-05 9.126870885618721622e-05
5.670055780637875349e-05 5.669734285312320052e-05
5.842684850565398258e-05 5.842343480902767672e-05
4.288878856728690848e-05 4.288694911910214129e-05
3.435406147353521617e-05 3.435288127199548873e-05
1.598628429181568047e-05 1.598602873053022204e-05
1.930288974647447075e-05 1.930251714492190620e-05
4.586727583754182319e-06 4.586706545684254373e-06
1.085032734513417308e-05 1.085020961553067688e-05
4.024483988357550239e-04 4.022864341220295744e-04
1.722758361584573875e-04 1.722461571947332811e-04
1.085454666001184777e-03 1.084276454169240964e-03
3.133552410683638958e-03 3.123733259973137701e-03
9.148242777710228688e-03 9.064552431790301457e-03
5.108402864168887225e-02 4.847445065942398296e-02
6.136039364007910002e-02 5.759529573241364137e-02
6.629056522249651695e-02 6.189612618497845192e-02
1.601682996038798746e-04 1.601426457196818793e-04
2.254112486625000830e-04 2.253604384314765051e-04
1.195232322781591885e-03 1.193803742476169964e-03
6.569308295253847678e-03 6.526152483775756775e-03
5.515212228143669126e-02 5.211036568929014456e-02
6.280179554176404388e-02 5.885773001849450847e-02
9.316075429895749604e-02 8.448182815740676310e-02
9.316075429895749604e-02 8.448182815740676310e-02
9.316075429895749604e-02 8.448182815740676310e-02
9.316075429895749604e-02 8.448182815740676310e-02
9.316075429895749604e-02 8.448182815740676310e-02
8.704291891348315321e-04 8.696715421615335787e-04
2.850640991232266828e-04 2.849828375826177684e-04
1.073816613761201374e-04 1.073701305549202379e-04
6.180220623513751747e-05 6.179838672244198619e-05
9.540451633783449147e-05 9.539541431609682904e-05
6.088753795729679331e-06 6.088716722806894733e-06
6.022959277604647011e-06 6.022923001566187603e-06
2.310920267935849382e-05 2.310866864411001656e-05
1.356556333135070663e-04 1.356372308626573899e-04
3.339143078074514447e-04 3.338028090424928983e-04
2.859683619321214229e-04 2.858865840280952605e-04
3.039078276827814323e-04 3.038154677150545430e-04
1.600186603425501430e-04 1.599930543708923212e-04
2.340987203503976861e-05 2.340932401293107124e-05
2.679692787686096658e-05 2.679620980151732756e-05
3.264244302730595902e-05 3.264137749821916813e-05
4.946648607890643824e-05 4.946403914566144320e-05
3.402415181466698950e-05 3.402299417176028355e-05
3.314971037496884746e-05 3.314861147167090635e-05
2.963372698503066225e-05 2.963284882725563925e-05
2.209753331193040640e-05 2.209704501095193454e-05
1.133202101500956616e-05 1.133189260030928236e-05
3.305018737727731965e-05 3.304909506239164872e-05
1.509838610349632597e-04 1.509610649086702290e-04
1.073378547757025090e-04 1.073263333606346649e-04
8.719015480375922082e-04 8.711413357281218165e-04
4.522967235464797967e-03 4.502510002851709686e-03
1.243091672993546296e-02 1.227638903918887303e-02
7.811195936626763592e-02 7.201048117023019224e-02
7.123008973325516135e-02 6.615636404984757968e-02
7.061276090124493643e-02 6.562659889914855549e-02
1.189300807318621799e-03 1.187886370908333104e-03
5.530844393506590632e-04 5.527785369536072002e-04
1.895525163133007871e-03 1.891932147488937545e-03
4.768673369577678539e-02 4.541270912520485592e-02
5.580580851452732194e-02 5.269152025056723226e-02
5.779018263310386344e-02 5.445047742433636179e-02
5.300807129889947150e-02 5.019821567607025969e-02
9.316075429895749604e-02 8.448182815740676310e-02
9.316075429895749604e-02 8.448182815740676310e-02
9.316075429895749604e-02 8.448182815740676310e-02
9.316075429895749604e-02 8.448182815740676310e-02
9.316075429895749604e-02 8.448182815740676310e-02
2.167835081007959356e-03 2.163135572069510744e-03
7.922192963224374386e-04 7.915916849089717862e-04
3.441662078173890818e-04 3.440477574387856776e-04
7.881858833892666340e-04 7.875646464024925507e-04
1.600660566962076523e-03 1.598098452711449111e-03
4.486908089485631127e-05 4.486706766043595880e-05
4.621890885812350146e-04 4.619754698276314379e-04
4.690992280569233918e-04 4.688791739711598060e-04
3.720288505521469934e-04 3.718904450865038319e-04
2.602715913892753486e-04 2.602038500879910233e-04
1.517685717843218090e-04 1.517455380849403520e-04
5.193808266979498331e-05 5.193538510536356990e-05
1.962318255290314785e-05 1.962279748360964249e-05
2.148632303033380924e-05 2.148586136825644433e-05
2.909286210911689503e-05 2.909201571449119645e-05
6.815322192636301131e-05 6.814857706470407142e-05
5.363749263065044668e-05 5.363461565003474485e-05
4.305158939236734133e-05 4.304973595301813240e-05
6.918917935828219131e-05 6.918439221574192014e-05
9.905773413786738367e-05 9.904792170317485854e-05
4.662575687114524071e-05 4.662358290994143649e-05
1.685121133974837066e-04 1.684837170651220216e-04
2.685860212122131042e-04 2.685138827614225090e-04
3.317117478712593073e-03 3.306114210345012430e-03
4.071957765650892694e-03 4.055376925605647977e-03
8.356742521953568203e-02 7.658391066171299499e-02
8.307472840151906845e-02 7.617331790253291379e-02
8.121499196780443408e-02 7.461911704747389851e-02
7.745888949335939799e-02 7.145900993181493466e-02
6.402765166682086728e-02 5.992811148885311689e-02
7.707362410691779133e-04 7.701422067158804428e-04
3.282167414359723947e-03 3.271394791423839175e-03
4.846375967842256327e-02 4.611502367625466836e-02
5.210712270338306584e-02 4.939197046695764648e-02
5.424737838392947042e-02 5.130460032240025114e-02
5.458382675381597687e-02 5.160443261072537868e-02
4.678346947534554878e-02 4.459477645919496247e-02
3.105403108738253801e-02 3.008967824060641838e-02
9.316075429895749604e-02 8.448182815740676310e-02
9.316075429895749604e-02 8.448182815740676310e-02
9.316075429895749604e-02 8.448182815740676310e-02
9.316075429895749604e-02 8.448182815740676310e-02
9.316075429895749604e-02 8.448182815740676310e-02
1.272689698877386109e-03 1.271069959807757466e-03
4.834553701319472120e-04 4.832216410370377834e-04
2.316089004117974966e-03 2.310724735842978675e-03
1.996761985211542665e-03 1.992774926785956680e-03
1.105481319394806348e-04 1.105359110500053321e-04
4.864020677166481892e-04 4.861654807451691422e-04
3.996248562188706058e-04 3.994651561931626769e-04
3.475445455057145795e-04 3.474237582946037824e-04
3.557802830103151871e-05 3.557676250493373182e-05
6.495786460959900231e-06 6.495744265718153784e-06
2.476521523615538679e-05 2.476460192026969212e-05
8.910597915770268075e-06 8.910518517015051569e-06
5.078849878471372420e-06 5.078824083755284655e-06
3.884145861909953464e-05 3.883994996019187471e-05
6.375658417283493326e-05 6.375251927080954721e-05
2.276698452405247799e-05 2.276646618846815787e-05
2.009381634397121422e-05 2.009341258251594797e-05
3.414275618331979079e-05 3.414159045551999860e-05
3.498921995036559899e-05 3.498799570485286724e-05
3.075732594334906316e-05 3.075637993024988047e-05
8.474280088393495861e-05 8.473561954163330817e-05
4.373179713320391945e-03 4.354055012515394875e-03
4.449130919874297319e-03 4.429336153932116049e-03
8.005146824410568768e-03 7.941064448730198247e-03
7.878400584387586225e-02 7.257708626706799171e-02
7.783643664376385662e-02 7.177792577436518939e-02
8.067038526965285283e-02 7.416267421009863081e-02
1.809490540359554728e-02 1.776747980203047597e-02
3.780462073107273765e-03 3.766170179621071163e-03
4.714929182424062483e-03 4.692698625228788369e-03
1.695256554066375612e-02 1.666517606225325493e-02
4.942352301417742011e-02 4.698083838704449761e-02
5.111247099557614942e-02 4.849998630430253643e-02
5.039159879961320476e-02 4.785228557003202293e-02
6.978399446673578914e-03 6.929701387836244807e-03
9.530618358730036811e-04 9.521535090100060900e-04
1.233395907532099578e-03 1.231874642067382541e-03
8.704291891348315321e-04 8.696715421615335787e-04
9.316075429895749604e-02 8.448182815740676310e-02
9.316075429895749604e-02 8.448182815740676310e-02
9.316075429895749604e-02 8.448182815740676310e-02
9.316075429895749604e-02 8.448182815740676310e-02
9.316075429895749604e-02 8.448182815740676310e-02
3.307577378152768127e-03 3.296637310040300122e-03
3.318566921828846120e-03 3.307554035414189686e-03
8.328730983431405221e-03 8.259363223637034707e-03
2.818274083886015274e-03 2.810331415074111914e-03
4.982608252241248637e-04 4.980125613741717997e-04
6.740972673092189430e-04 6.736428601834251522e-04
3.245292639657401581e-04 3.244239447225700373e-04
8.381978638384920757e-06 8.381908380819027144e-06
2.637397685149581689e-06 2.637390729283031908e-06
9.192970719917911067e-06 9.192886209207254514e-06
2.169468054696838010e-06 2.169463348105197860e-06
3.470874731925220877e-06 3.470862684953816102e-06
1.038205781346906255e-05 1.038195002634462008e-05
4.435098564993296969e-05 4.434901864000484836e-05
3.103192568684500890e-05 3.103096270643317339e-05
1.185177963107925239e-04 1.185037498427501615e-04
5.363129039120744738e-04 5.360252723811718490e-04
1.842844375729750593e-04 1.842504768190434837e-04
4.487702729684720052e-05 4.487501334926819672e-05
3.445279072359676720e-03 3.433409124473236953e-03
4.889952222466419779e-03 4.866040589728415702e-03
8.149330212782279759e-02 7.485214383612619204e-02
8.051827617030267448e-02 7.403508337286554553e-02
7.751504406972628547e-02 7.150646201259468204e-02
8.142901231070714951e-02 7.479832826480985186e-02
8.117894459476601710e-02 7.458892354924592794e-02
5.162687173937070481e-03 5.136033835081136104e-03
5.207562608867844813e-03 5.180443900542566586e-03
3.657534326071211483e-02 3.523758752607319272e-02
4.725721513892579273e-02 4.502397075623907480e-02
4.983198323441812017e-02 4.734875668134279347e-02
5.014268585866491629e-02 4.762839691354416038e-02
4.565531661952152570e-02 4.357090868389276728e-02
7.590387713147095502e-04 7.584626314583505641e-04
2.769073457184940447e-04 2.768306680403811960e-04
3.642395467668412554e-04 3.641068763194123259e-04
2.850640991232266828e-04 2.849828375826177684e-04
2.167835081007959356e-03 2.163135572069510744e-03
9.316075429895749604e-02 8.448182815740676310e-02
9.316075429895749604e-02 8.448182815740676310e-02
9.316075429895749604e-02 8.448182815740676310e-02
9.316075429895749604e-02 8.448182815740676310e-02
9.316075429895749604e-02 8.448182815740676310e-02
1.077057527221848311e-02 1.065456998052395805e-02
9.532476525691257682e-03 9.441608416978402099e-03
9.071348852598710294e-03 8.989059482593165715e-03
3.221294799174219837e-03 3.210918058991033084e-03
4.308627588963365694e-04 4.306771161793328338e-04
2.342417427466428451e-05 2.342362558272383319e-05
2.402601195396531736e-05 2.402543470471490690e-05
5.822854976903579937e-06 5.822821071263497826e-06
1.225131305388836618e-05 1.225116295921682149e-05
3.953229411046662804e-06 3.953213783023886572e-06
9.176618689702832233e-06 9.176534479372256122e-06
1.300324454412431234e-05 1.300307545975563734e-05
3.144637534049593108e-05 3.144538646597387529e-05
1.416175582906196835e-05 1.416155527373380659e-05
3.307481515505488151e-05 3.307372121165733715e-05
3.068337841820143082e-04 3.067396372108988382e-04
1.595450399687742260e-04 1.595195853489955946e-04
4.259174429357678003e-03 4.241033862537983701e-03
5.239178885921739331e-03 5.211729890523051148e-03
4.763323946429990491e-02 4.536431396243656433e-02
8.142617960511981667e-02 7.479595688003458365e-02
7.933048235050606245e-02 7.303715692054210673e-02
7.709126628953606730e-02 7.114820295141190132e-02
3.113764801252235509e-02 3.016809488877061907e-02
2.606946882906453419e-03 2.600150710856157649e-03
1.977428858396718548e-03 1.973518633506698549e-03
5.087882374793377058e-03 5.061995827733644336e-03
3.906335789996262520e-02 3.753741196954205050e-02
4.287396666171100490e-02 4.103578964440150051e-02
4.828200030178239621e-02 4.595084874864108215e-02
1.545023729232381307e-02 1.521152745993470043e-02
1.103827902351460413e-03 1.102609466313450798e-03
5.753716004346926113e-04 5.750405479561058065e-04
5.716113492841280687e-05 5.715786753306650419e-05
1.324280883991032771e-04 1.324105512005062325e-04
1.073816613761201374e-04 1.073701305549202379e-04
7.922192963224374386e-04 7.915916849089717862e-04
1.272689698877386109e-03 1.271069959807757466e-03
9.316075429895749604e-02 8.448182815740676310e-02
9.316075429895749604e-02 8.448182815740676310e-02
9.316075429895749604e-02 8.448182815740676310e-02
9.316075429895749604e-02 8.448182815740676310e-02
9.316075429895749604e-02 8.448182815740676310e-02
1.182328495652043392e-02 1.168349488935735078e-02
9.971399518725379205e-03 9.871970710363341811e-03
9.230879447995271950e-03 9.145670312611851177e-03
3.225444261496458655e-03 3.215040770812438355e-03
1.453539239370321907e-04 1.453327961738283059e-04
9.081338823395833284e-04 9.073091751913302163e-04
2.039607166207399951e-05 2.039565566233475559e-05
8.665537596447594112e-06 8.665462504905758394e-06
1.661887006107442535e-05 1.661859387423231829e-05
1.688651632546006240e-05 1.688623117102645103e-05
3.447628544983220796e-05 3.447509683557379125e-05
4.616869389667920659e-04 4.614737841371795634e-04
1.375501182489905676e-03 1.373609178986874612e-03
2.619611502596903320e-03 2.612749138172365190e-03
3.580250288689301730e-03 3.567432096559641948e-03
7.559281449199548378e-03 7.502138713171335564e-03
5.588605515083128021e-03 5.557373003479910804e-03
8.169821328886250900e-02 7.502361523427003576e-02
8.181654422533136961e-02 7.512259731635576032e-02
7.750254829668370982e-02 7.149590330420391160e-02
7.742762573179423624e-02 7.143258850533143467e-02
7.004033537552538380e-02 6.513468679600931122e-02
1.843763600732657845e-03 1.840364136517271161e-03
2.160231149670472067e-03 2.155564551050465245e-03
4.238158295719604736e-03 4.220196309980027601e-03
5.546759235591158625e-03 5.515992697573543144e-03
3.499996162299311847e-02 3.377496430938212862e-02
3.868202269636047269e-02 3.718572381647872876e-02
3.852055870785688757e-02 3.703672526469144188e-02
7.236181563770638413e-04 7.230945331408252961e-04
2.667861888421896917e-03 2.660744401366202903e-03
9.953076900399304315e-05 9.952086263001452121e-05
4.406625929660172878e-05 4.406431746139333140e-05
6.552595347369688115e-05 6.552165982311824695e-05
6.180220623513751747e-05 6.179838672244198619e-05
3.441662078173890818e-04 3.440477574387856776e-04
4.834553701319472120e-04 4.832216410370377834e-04
3.307577378152768127e-03 3.296637310040300122e-03
9.316075429895749604e-02 8.448182815740676310e-02
9.316075429895749604e-02 8.448182815740676310e-02
9.316075429895749604e-02 8.448182815740676310e-02
9.316075429895749604e-02 8.448182815740676310e-02
9.316075429895749604e-02 8.448182815740676310e-02
1.071389816417132879e-02 1.059911055029909462e-02
9.760598140531939054e-03 9.665328864470983453e-03
8.225022571592409057e-03 8.157371575289205229e-03
4.898127021966619879e-04 4.895727857134287483e-04
1.104108957820952103e-04 1.103987052161878101e-04
9.936765339687404037e-05 9.935777946633243926e-05
6.048337227081692572e-05 6.047971403249567494e-05
8.080479784867113037e-05 8.079826843331577174e-05
7.274883893726498299e-05 7.274354654369825652e-05
1.115943803946843008e-04 1.115819270889486207e-04
3.313767069660188548e-04 3.312668964440992187e-04
2.461066212914241286e-04 2.460460528223806743e-04
1.388505008212088455e-04 1.388312213596305355e-04
5.335643479661950940e-03 5.307174388319891439e-03
5.175891169279290410e-03 5.149101319883066762e-03
1.089416728011039642e-02 1.077548439938336849e-02
8.144750862715390005e-02 7.481381196558359314e-02
8.119450099382888308e-02 7.460195400219200856e-02
7.722496256402319736e-02 7.126126772100840889e-02
2.386790369069729818e-03 2.381093600803845835e-03
6.349099823158937906e-04 6.345068716302493814e-04
5.492324984465494185e-04 5.489308421091995292e-04
6.634762961049310223e-04 6.630360953094379534e-04
1.318872884442889816e-03 1.317133458757571056e-03
4.259642359967940987e-03 4.241497806933107462e-03
2.956492697491508448e-02 2.869084206788302324e-02
6.932564039025197571e-03 6.884503594870011907e-03
2.007926077424918195e-03 2.003894310292515194e-03
5.375888526445003366e-04 5.372998508700126651e-04
8.460298898256419218e-05 8.459583131681940483e-05
9.501290552370544830e-05 9.500387807148939106e-05
8.613283277415327425e-05 8.612541390927156890e-05
9.772248196245029322e-05 9.771293227896939832e-05
9.540451633783449147e-05 9.539541431609682904e-05
7.881858833892666340e-04 7.875646464024925507e-04
2.316089004117974966e-03 2.310724735842978675e-03
3.318566921828846120e-03 3.307554035414189686e-03
1.077057527221848311e-02 1.065456998052395805e-02
9.316075429895749604e-02 8.448182815740676310e-02
9.316075429895749604e-02 8.448182815740676310e-02
9.316075429895749604e-02 8.448182815740676310e-02
9.316075429895749604e-02 8.448182815740676310e-02
9.316075429895749604e-02 8.448182815740676310e-02
1.352883801906253590e-02 1.334580856091650315e-02
8.806156285069428880e-03 8.728607896552361203e-03
7.537844002651940441e-03 7.481024910443624318e-03
3.972085153210929494e-04 3.970507407164493600e-04
8.748302751457944382e-04 8.740649471354828073e-04
1.290449218262881067e-04 1.290282692344389410e-04
4.331230581427666769e-05 4.331042985844171930e-05
5.562080929663543665e-05 5.561771562220862633e-05
1.116537430074006782e-04 1.116412764490731167e-04
2.704975650173337782e-04 2.704243960846534770e-04
2.470933272465270641e-04 2.470322721341572793e-04
4.633608674882592408e-04 4.631461641947397820e-04
4.164793505547165729e-03 4.147448000603317503e-03
8.042265786299955532e-02 7.395485396525047772e-02
8.160038390052500035e-02 7.494176124781194714e-02
7.779449028801913024e-02 7.174250756884642533e-02
7.742106545198622347e-02 7.142704407626548901e-02
7.676344759238379334e-02 7.087082070611513962e-02
3.469926302026700654e-04 3.468722263172551064e-04
3.028471290134423133e-04 3.027554126298906347e-04
4.190050132903178656e-04 4.188294480891554725e-04
5.988464251950464815e-04 5.984878081540775984e-04
6.765326189141224059e-04 6.760749225296675989e-04
2.753092895836647871e-03 2.745513375343541611e-03
1.388710066737002848e-02 1.369424910242435928e-02
9.885386859041116799e-05 9.884409650307587978e-05
1.195116643692863660e-04 1.194973813313660450e-04
1.902439354307631104e-04 1.902077426757949302e-04
5.078537278286213104e-05 5.078279362877343974e-05
4.525386678236850474e-05 4.525181886990975054e-05
6.472795881342477317e-06 6.472753984255955609e-06
1.653901589550053476e-05 1.653874235645374417e-05
6.088753795729679331e-06 6.088716722806894733e-06
1.600660566962076523e-03 1.598098452711449111e-03
1.996761985211542665e-03 1.992774926785956680e-03
8.328730983431405221e-03 8.259363223637034707e-03
9.532476525691257682e-03 9.441608416978402099e-03
1.182328495652043392e-02 1.168349488935735078e-02
9.316075429895749604e-02 8.448182815740676310e-02
9.316075429895749604e-02 8.448182815740676310e-02
9.316075429895749604e-02 8.448182815740676310e-02
9.316075429895749604e-02 8.448182815740676310e-02
9.316075429895749604e-02 8.448182815740676310e-02
8.266638229099045054e-03 8.198300921488243728e-03
8.056831012717494134e-03 7.991918486750007253e-03
9.104242700716158945e-03 9.021355465562616235e-03
1.838635735432890723e-03 1.835255154065279894e-03
6.211584493138926424e-04 6.207726114947386461e-04
2.848213053099355797e-04 2.847401821339771316e-04
8.843983800114116594e-04 8.836162195168448513e-04
1.164233328042063760e-03 1.162877888799939774e-03
1.964807532728347819e-03 1.960947064087681553e-03
6.332927160365938758e-03 6.292821193947438496e-03
1.467753562966122964e-02 1.446210557750125456e-02
5.548079816734487885e-02 5.240267920205921720e-02
8.221830490469456132e-02 7.545845524329324039e-02
8.122255775312020587e-02 7.462545386516125645e-02
7.804075451450705192e-02 7.195039514931350633e-02
1.795200089496790802e-02 1.762972655883498010e-02
7.916647530411405950e-04 7.910380199599328878e-04
6.718811550130411809e-04 6.714297307265794769e-04
1.338472211735269998e-03 1.336680703873682459e-03
1.793132044007533527e-03 1.789916721480286875e-03
3.628287956661167823e-03 3.615123483164715303e-03
4.031260396266076428e-03 4.015009335883573498e-03
3.237406596975737471e-03 3.226925795501595431e-03
2.523460575183190729e-04 2.522823789855740376e-04
6.636434694323015723e-05 6.635994271668495411e-05
2.102104575565279056e-05 2.102060387128813025e-05
1.444363132141470124e-04 1.444154513655721212e-04
9.886386811594659931e-06 9.886289070950471825e-06
2.455259853680520643e-05 2.455199570671029560e-05
1.115431295511330989e-06 1.115430051324356023e-06
6.790286793683208170e-06 6.790240685688467431e-06
6.022959277604647011e-06 6.022923001566187603e-06
4.486908089485631127e-05 4.486706766043595880e-05
1.105481319394806348e-04 1.105359110500053321e-04
2.818274083886015274e-03 2.810331415074111914e-03
9.071348852598710294e-03 8.989059482593165715e-03
9.971399518725379205e-03 9.871970710363341811e-03
1.071389816417132879e-02 1.059911055029909462e-02
9.316075429895749604e-02 8.448182815740676310e-02
9.316075429895749604e-02 8.448182815740676310e-02
9.316075429895749604e-02 8.448182815740676310e-02
9.316075429895749604e-02 8.448182815740676310e-02
9.316075429895749604e-02 8.448182815740676310e-02
1.732502917682643764e-02 1.702487254084854990e-02
9.828204088526011281e-03 9.731610492920291303e-03
1.429582088848853350e-02 1.409145039361278835e-02
3.515665806791952973e-03 3.503305900726906650e-03
4.791689969614903359e-04 4.789393940338412575e-04
6.415733774134028218e-04 6.411617610147971958e-04
9.470766063167785059e-04 9.461796522185459985e-04
2.794132164952087532e-03 2.786324990396867561e-03
1.191007220989384434e-02 1.176822238984895873e-02
8.024776621893524309e-02 7.380806223580635428e-02
8.452324448959555592e-02 7.737906563054761100e-02
8.057957635310909750e-02 7.408650822786255752e-02
7.787237474539814019e-02 7.180826799691042428e-02
7.770185605459271894e-02 7.166427762026407466e-02
8.867479200996113142e-04 8.859615982258103569e-04
4.951279257894761589e-04 4.948827741265795534e-04
6.993724768886992911e-04 6.988833550272698135e-04
1.081631220099042072e-03 1.080461294002749238e-03
2.610513654114768496e-03 2.603698872576448806e-03
2.688633798909284382e-03 2.681405047204646862e-03
4.271271387082556208e-03 4.253027627820446174e-03
3.590476451386190575e-03 3.577584930238231903e-03
3.898353044769382880e-05 3.898201073204766342e-05
4.950841319458911352e-05 4.950596211161206717e-05
1.102108233159721645e-04 1.101986768903961825e-04
3.037015006069315303e-04 3.036092660054606459e-04
2.021374754052336999e-04 2.020966158462704889e-04
1.773470620449186629e-04 1.773156100645027051e-04
5.076855885211742060e-05 5.076598140554949823e-05
1.812017527587595568e-05 1.811984693512392794e-05
2.310920267935849382e-05 2.310866864411001656e-05
4.621890885812350146e-04 4.619754698276314379e-04
4.864020677166481892e-04 4.861654807451691422e-04
4.982608252241248637e-04 4.980125613741717997e-04
3.221294799174219837e-03 3.210918058991033084e-03
9.230879447995271950e-03 9.145670312611851177e-03
9.760598140531939054e-03 9.665328864470983453e-03
1.352883801906253590e-02 1.334580856091650315e-02
9.316075429895749604e-02 8.448182815740676310e-02
9.316075429895749604e-02 8.448182815740676310e-02
9.316075429895749604e-02 8.448182815740676310e-02
9.316075429895749604e-02 8.448182815740676310e-02
9.316075429895749604e-02 8.448182815740676310e-02
4.986123639661563939e-02 4.737509350161644983e-02
3.112135578679638831e-02 3.015281700078802432e-02
3.318513416718875397e-02 3.208388103749443276e-02
1.952054747232774556e-02 1.913949569870834408e-02
1.573431218592185807e-02 1.548674360595780897e-02
1.203430225391402542e-02 1.188947782317546602e-02
1.500831518563554290e-02 1.478306566092416410e-02
3.686775323501091661e-02 3.550852200641325951e-02
7.832070177892393181e-02 7.218656945178079931e-02
8.049264504534234255e-02 7.401357913894686391e-02
7.733222622181327999e-02 7.135195300939158047e-02
2.409634114999309462e-03 2.403827778431141034e-03
2.822811927941229005e-04 2.822015101223176417e-04
1.570562089418110188e-04 1.570315422890438512e-04
1.949703094218317289e-04 1.949322960002756783e-04
1.738671585863091991e-04 1.738369287974743090e-04
1.937068066625465034e-03 1.933315833930724943e-03
1.951196758499333748e-03 1.947389589708955386e-03
2.032265881731928035e-03 2.028135777117876480e-03
1.772414683655693839e-03 1.769273229844855631e-03
1.739487057148003191e-03 1.736461241926017755e-03
3.364016840800488397e-05 3.363903674707436497e-05
1.426828069341503047e-05 1.426807710958108461e-05
2.433098703190838749e-05 2.433039503497844207e-05
8.013552874770686401e-05 8.012910704473919345e-05
2.425062001591567039e-05 2.425003192334451518e-05
7.754917016306739222e-05 7.754315628927440902e-05
1.024260694702878884e-05 1.024250203603171710e-05
2.633593246922885016e-05 2.633523888788982760e-05
1.356556333135070663e-04 1.356372308626573899e-04
4.690992280569233918e-04 4.688791739711598060e-04
3.996248562188706058e-04 3.994651561931626769e-04
6.740972673092189430e-04 6.736428601834251522e-04
4.308627588963365694e-04 4.306771161793328338e-04
3.225444261496458655e-03 3.215040770812438355e-03
8.225022571592409057e-03 8.157371575289205229e-03
8.806156285069428880e-03 8.728607896552361203e-03
8.266638229099045054e-03 8.198300921488243728e-03
9.316075429895749604e-02 8.448182815740676310e-02
9.316075429895749604e-02 8.448182815740676310e-02
9.316075429895749604e-02 8.448182815740676310e-02
9.316075429895749604e-02 8.448182815740676310e-02
9.316075429895749604e-02 8.448182815740676310e-02
4.080064830354428879e-02 3.913595540155477559e-02
4.422469720261586190e-02 4.226887335995280215e-02
3.728123025668610147e-02 3.589134012723405737e-02
2.583078999112265947e-02 2.516356027955717750e-02
9.846756682059431415e-03 9.749798064903749534e-03
3.646489828783085890e-02 3.513520948068901001e-02
5.410829240714811611e-02 5.118058509993067551e-02
6.916657076670743032e-02 6.438255625508147728e-02
7.561830791867443780e-02 6.990017942619097813e-02
7.319111913682975479e-02 6.783417921632814429e-02
7.754848661724304424e-04 7.748834893947679570e-04
9.692251097469863378e-04 9.682857124336222317e-04
5.279265200394531914e-04 5.276478136288922450e-04
4.464359237432618047e-04 4.462366187092532926e-04
4.912325217717378786e-04 4.909912123812916734e-04
2.004609183420722699e-03 2.000590725442467823e-03
1.958900869414060674e-03 1.955063576797869389e-03
1.892182973291550501e-03 1.888602616887136067e-03
1.955025822537134099e-04 1.954643609940455396e-04
3.082819377625456610e-04 3.081869000093950340e-04
1.135823797581844109e-06 1.135822507486145035e-06
1.104482195652196042e-07 1.104482073664103930e-07
1.068871408118763853e-05 1.068859983257892993e-05
5.891536603925181381e-05 5.891189501889627559e-05
1.540168474859149252e-04 1.539931262966054177e-04
2.169065795340971708e-04 2.168595310698519859e-04
2.870101988992857997e-04 2.869278240450135668e-04
2.951916115795082140e-04 2.951044734919613228e-04
3.339143078074514447e-04 3.338028090424928983e-04
3.720288505521469934e-04 3.718904450865038319e-04
3.475445455057145795e-04 3.474237582946037824e-04
3.245292639657401581e-04 3.244239447225700373e-04
2.342417427466428451e-05 2.342362558272383319e-05
1.453539239370321907e-04 1.453327961738283059e-04
4.898127021966619879e-04 4.895727857134287483e-04
7.537844002651940441e-03 7.481024910443624318e-03
8.056831012717494134e-03 7.991918486750007253e-03
1.732502917682643764e-02 1.702487254084854990e-02
9.316075429895749604e-02 8.448182815740676310e-02
9.316075429895749604e-02 8.448182815740676310e-02
9.316075429895749604e-02 8.448182815740676310e-02
9.316075429895749604e-02 8.448182815740676310e-02
9.316075429895749604e-02 8.448182815740676310e-02
6.842686412285274578e-02 6.374462838916539198e-02
5.230871481905030596e-02 4.957251317302957538e-02
5.036879598760318766e-02 4.783178037836239432e-02
3.481814588672098310e-02 3.360584260373199877e-02
4.803370029634566191e-02 4.572646393218650351e-02
5.665213187565350250e-02 5.344266782959706391e-02
6.234305064380626232e-02 5.845639468023006852e-02
3.156184925211819037e-02 3.056569892390475704e-02
6.623556236985827725e-03 6.579684739761313544e-03
2.372420613199194685e-04 2.371857775242601453e-04
7.118974969404453547e-04 7.113906988942953055e-04
1.173149800236605780e-03 1.171773519782810628e-03
3.113912825972245391e-04 3.112943180663470147e-04
7.232249149534739465e-04 7.227018606758645264e-04
2.057020161771973971e-03 2.052788829826037581e-03
1.865703647079413078e-03 1.862222796980687574e-03
2.366913477004027860e-03 2.361311197596404569e-03
1.004309647044945072e-03 1.003301009177797474e-03
7.682832204215107180e-04 7.676929613147294744e-04
7.634899980330939884e-06 7.634841688633229730e-06
4.519278803564758746e-06 4.519258379683854571e-06
4.123284756873674834e-06 4.123267755396488504e-06
1.349390718737706478e-05 1.349372510184588392e-05
4.608562323245735809e-05 4.608349934778863555e-05
8.887565899045376389e-05 8.886776010769277220e-05
1.542131553425276009e-04 1.541893736452469013e-04
2.416153260577648908e-04 2.415569480919788970e-04
2.859683619321214229e-04 2.858865840280952605e-04
2.602715913892753486e-04 2.602038500879910233e-04
3.557802830103151871e-05 3.557676250493373182e-05
8.381978638384920757e-06 8.381908380819027144e-06
2.402601195396531736e-05 2.402543470471490690e-05
9.081338823395833284e-04 9.073091751913302163e-04
1.104108957820952103e-04 1.103987052161878101e-04
3.972085153210929494e-04 3.970507407164493600e-04
9.104242700716158945e-03 9.021355465562616235e-03
9.828204088526011281e-03 9.731610492920291303e-03
4.986123639661563939e-02 4.737509350161644983e-02
9.316075429895749604e-02 8.448182815740676310e-02
9.316075429895749604e-02 8.448182815740676310e-02
9.316075429895749604e-02 8.448182815740676310e-02
9.316075429895749604e-02 8.448182815740676310e-02
9.316075429895749604e-02 8.448182815740676310e-02
5.931395012343018691e-02 5.579580544418542148e-02
5.585791186304899653e-02 5.273780554534884812e-02
4.062087624119783275e-02 3.897082065459512440e-02
3.564528679919635318e-02 3.437470032819939236e-02
2.912452556505782178e-02 2.827628757566811452e-02
3.116042786013435706e-02 3.018945559570771972e-02
6.851763068088846491e-03 6.804816410947620541e-03
1.253671789840087904e-03 1.252100096883447143e-03
5.980202089042221242e-05 5.979844460871963153e-05
1.273306817642215634e-04 1.273144686617030139e-04
6.034710136963598653e-04 6.031068364319881877e-04
9.796386115580412021e-05 9.795426423771156331e-05
4.538744724010571269e-04 4.536684703643597736e-04
1.312699858115746066e-03 1.310976677198249021e-03
2.802816412415697804e-04 2.802030834431526972e-04
3.626656035861312963e-04 3.625340772461067775e-04
1.261543824763680264e-04 1.261384675481500212e-04
2.976839440072376981e-04 2.975953282767179828e-04
1.056715907326737304e-05 1.056704740841649269e-05
4.942006297631406041e-06 4.941981874205160242e-06
2.151714658546861092e-06 2.151710028670889095e-06
2.742410602924188497e-05 2.742335394765038219e-05
8.562840588150150492e-05 8.562107365760769498e-05
2.174837332143092592e-04 2.174364340400964225e-04
2.190622821800205448e-04 2.190142938965466263e-04
3.078354227562766100e-04 3.077406601087730675e-04
3.039078276827814323e-04 3.038154677150545430e-04
1.517685717843218090e-04 1.517455380849403520e-04
6.495786460959900231e-06 6.495744265718153784e-06
2.637397685149581689e-06 2.637390729283031908e-06
5.822854976903579937e-06 5.822821071263497826e-06
2.039607166207399951e-05 2.039565566233475559e-05
9.936765339687404037e-05 9.935777946633243926e-05
8.748302751457944382e-04 8.740649471354828073e-04
1.838635735432890723e-03 1.835255154065279894e-03
1.429582088848853350e-02 1.409145039361278835e-02
3.112135578679638831e-02 3.015281700078802432e-02
4.080064830354428879e-02 3.913595540155477559e-02
9.316075429895749604e-02 8.448182815740676310e-02
9.316075429895749604e-02 8.448182815740676310e-02
9.316075429895749604e-02 8.448182815740676310e-02
9.316075429895749604e-02 8.448182815740676310e-02
9.316075429895749604e-02 8.448182815740676310e-02
5.200249171343687693e-02 4.929823256903080597e-02
3.849759917084687177e-02 3.701553402892768241e-02
3.639054443092534091e-02 3.506627270694619158e-02
1.578740803673416362e-02 1.553816578421582557e-02
7.473314773758326507e-03 7.417464340050652048e-03
3.004422835858638029e-03 2.995396279282008974e-03
7.588599790029284956e-04 7.582841105351961417e-04
1.889152447765311666e-05 1.889116758795602737e-05
4.480886784769243383e-05 4.480686001305464472e-05
1.279703586656630429e-04 1.279539822529660162e-04
1.117768013764778673e-04 1.117643073231519080e-04
3.341001125947022686e-04 3.339884897094664608e-04
3.826863613533425137e-04 3.825399125021766754e-04
8.640914555166263357e-05 8.640167901122767146e-05
1.344821648029512109e-04 1.344640793503011156e-04
2.326104991004233273e-05 2.326050883359941521e-05
2.774094834136327860e-05 2.774017878114839929e-05
1.849640154834422462e-05 1.849605943147398750e-05
2.903009816267739512e-06 2.903001388801746272e-06
2.542358976187087821e-06 2.542352512597924056e-06
1.105925016258214922e-05 1.105912785556799113e-05
1.565991068576632033e-05 1.565966545296363445e-05
1.100116746183072493e-04 1.099995720497549251e-04
1.359425595803531717e-04 1.359240792008479149e-04
2.975911363409254108e-04 2.975025758564967091e-04
1.600186603425501430e-04 1.599930543708923212e-04
5.193808266979498331e-05 5.193538510536356990e-05
2.476521523615538679e-05 2.476460192026969212e-05
9.192970719917911067e-06 9.192886209207254514e-06
1.225131305388836618e-05 1.225116295921682149e-05
8.665537596447594112e-06 8.665462504905758394e-06
6.048337227081692572e-05 6.047971403249567494e-05
1.290449218262881067e-04 1.290282692344389410e-04
6.211584493138926424e-04 6.207726114947386461e-04
3.515665806791952973e-03 3.503305900726906650e-03
3.318513416718875397e-02 3.208388103749443276e-02
4.422469720261586190e-02 4.226887335995280215e-02
6.842686412285274578e-02 6.374462838916539198e-02
9.316075429895749604e-02 8.448182815740676310e-02
9.316075429895749604e-02 8.448182815740676310e-02
9.316075429895749604e-02 8.448182815740676310e-02
9.316075429895749604e-02 8.448182815740676310e-02
9.316075429895749604e-02 8.448182815740676310e-02
3.720667030087286553e-02 3.582233398599501267e-02
3.549946631324433360e-02 3.423925420471916198e-02
2.538731595637761657e-02 2.474280014490867069e-02
2.072793128705281013e-02 2.029828415161202826e-02
1.349093809528374883e-02 1.330893268459296987e-02
2.767839737842941062e-03 2.760178801028558438e-03
1.218923910051039096e-04 1.218775332501189734e-04
4.021734875868980758e-04 4.020117440727802478e-04
7.841853452723616599e-04 7.835703986166217333e-04
3.761036173588922253e-04 3.759621634279017755e-04
7.215749654618888211e-04 7.210542950311074530e-04
7.378021155715599935e-04 7.372577636098181239e-04
4.567160777813879073e-04 4.565074882056838722e-04
7.486831488643325237e-04 7.481226224069390755e-04
8.990451138309439746e-05 8.989642856192736826e-05
2.376510885953579569e-04 2.375946105554473890e-04
9.041634632410810152e-07 9.041626457295127148e-07
3.921619105143814358e-06 3.921603726047408467e-06
1.083384432880498518e-06 1.083383259158669197e-06
4.747555826342482243e-06 4.747533287056158298e-06
1.617143824849656938e-05 1.617117673308154349e-05
1.309733229954426219e-05 1.309716075943089688e-05
2.938114037170491672e-05 2.938027712029537623e-05
1.128690394411908796e-04 1.128563000211265049e-04
2.340987203503976861e-05 2.340932401293107124e-05
1.962318255290314785e-05 1.962279748360964249e-05
8.910597915770268075e-06 8.910518517015051569e-06
2.169468054696838010e-06 2.169463348105197860e-06
3.953229411046662804e-06 3.953213783023886572e-06
1.661887006107442535e-05 1.661859387423231829e-05
8.080479784867113037e-05 8.079826843331577174e-05
4.331230581427666769e-05 4.331042985844171930e-05
2.848213053099355797e-04 2.847401821339771316e-04
4.791689969614903359e-04 4.789393940338412575e-04
1.952054747232774556e-02 1.913949569870834408e-02
3.728123025668610147e-02 3.589134012723405737e-02
5.230871481905030596e-02 4.957251317302957538e-02
5.931395012343018691e-02 5.579580544418542148e-02
9.316075429895749604e-02 8.448182815740676310e-02
9.316075429895749604e-02 8.448182815740676310e-02
9.316075429895749604e-02 8.448182815740676310e-02
9.316075429895749604e-02 8.448182815740676310e-02
9.316075429895749604e-02 8.448182815740676310e-02
3.621685609284792245e-02 3.490519542759786681e-02
2.633107497870735766e-02 2.563774946917304898e-02
1.950786936430629059e-02 1.912731239717144899e-02
1.439544063855384762e-02 1.418821192737572054e-02
1.807218289644581515e-03 1.803952251698155533e-03
1.880160885976614037e-04 1.879807385480898444e-04
1.352084980557072963e-04 1.351902167177608278e-04
6.639477425907865148e-04 6.635069159858951113e-04
5.760192718411612505e-05 5.759860920210079985e-05
2.545847295345426129e-04 2.545199161500304392e-04
2.493986968305008127e-04 2.493364971205200547e-04
5.755011053264140583e-05 5.754679851741908541e-05
2.716276506026509430e-04 2.715538690220790224e-04
5.091828560800546285e-05 5.091569293619620506e-05
1.208351904118424528e-04 1.208205892686005882e-04
1.154565593782025229e-06 1.154564260760314857e-06
1.244397808274231564e-06 1.244396259748326273e-06
4.757619592271485823e-06 4.757596957327301007e-06
1.258753524410793288e-05 1.258737679806441079e-05
9.608145884990906116e-06 9.608053568523559202e-06
2.269077417075078521e-05 2.269025929951831735e-05
2.905326498751339205e-05 2.905242089530695878e-05
9.127704035428305302e-05 9.126870885618721622e-05
2.679692787686096658e-05 2.679620980151732756e-05
2.148632303033380924e-05 2.148586136825644433e-05
5.078849878471372420e-06 5.078824083755284655e-06
3.470874731925220877e-06 3.470862684953816102e-06
9.176618689702832233e-06 9.176534479372256122e-06
1.688651632546006240e-05 1.688623117102645103e-05
7.274883893726498299e-05 7.274354654369825652e-05
5.562080929663543665e-05 5.561771562220862633e-05
8.843983800114116594e-04 8.836162195168448513e-04
6.415733774134028218e-04 6.411617610147971958e-04
1.573431218592185807e-02 1.548674360595780897e-02
2.583078999112265947e-02 2.516356027955717750e-02
5.036879598760318766e-02 4.783178037836239432e-02
5.585791186304899653e-02 5.273780554534884812e-02
5.200249171343687693e-02 4.929823256903080597e-02
9.316075429895749604e-02 8.448182815740676310e-02
9.316075429895749604e-02 8.448182815740676310e-02
9.316075429895749604e-02 8.448182815740676310e-02
9.316075429895749604e-02 8.448182815740676310e-02
9.316075429895749604e-02 8.448182815740676310e-02
6.235499705856158148e-02 5.846685140038836159e-02
3.570820336396068190e-02 3.443312757647870592e-02
1.483783620079007042e-02 1.461767481766859493e-02
1.733876550172346997e-03 1.730870222281109339e-03
5.110349674818670269e-04 5.107738107438778048e-04
1.381909332089999881e-04 1.381718364749788032e-04
6.814198471824152057e-04 6.809555141742810753e-04
4.843670817992363359e-05 4.843436206522432980e-05
2.551235670418788956e-04 2.550584790074187009e-04
1.813684115548174630e-04 1.813355170541075350e-04
3.925131029161554977e-05 3.924976962625594413e-05
1.226103416186855900e-04 1.225953083228137331e-04
4.972744901325519995e-05 4.972497619406983425e-05
1.905933061622159912e-04 1.905569803538621461e-04
1.046741601517871136e-05 1.046730644838067717e-05
8.669153361365651052e-06 8.669078207145648979e-06
1.769390727048207823e-05 1.769359419612758180e-05
2.805442821919451883e-05 2.805364116825181321e-05
2.933600648944143221e-05 2.933514588816468370e-05
8.512490793510988740e-05 8.511766168515892683e-05
4.207082535702866868e-05 4.206905540268244842e-05
5.670055780637875349e-05 5.669734285312320052e-05
3.264244302730595902e-05 3.264137749821916813e-05
2.909286210911689503e-05 2.909201571449119645e-05
3.884145861909953464e-05 3.883994996019187471e-05
1.038205781346906255e-05 1.038195002634462008e-05
1.300324454412431234e-05 1.300307545975563734e-05
3.447628544983220796e-05 3.447509683557379125e-05
1.115943803946843008e-04 1.115819270889486207e-04
1.116537430074006782e-04 1.116412764490731167e-04
1.164233328042063760e-03 1.162877888799939774e-03
9.470766063167785059e-04 9.461796522185459985e-04
1.203430225391402542e-02 1.188947782317546602e-02
9.846756682059431415e-03 9.749798064903749534e-03
3.481814588672098310e-02 3.360584260373199877e-02
4.062087624119783275e-02 3.897082065459512440e-02
3.849759917084687177e-02 3.701553402892768241e-02
3.720667030087286553e-02 3.582233398599501267e-02
9.316075429895749604e-02 8.448182815740676310e-02
9.316075429895749604e-02 8.448182815740676310e-02
9.316075429895749604e-02 8.448182815740676310e-02
9.316075429895749604e-02 8.448182815740676310e-02
9.316075429895749604e-02 8.448182815740676310e-02
2.558261637724451240e-02 2.492814611653925219e-02
1.332847287118582753e-02 1.315082468210789120e-02
1.298030747775483825e-03 1.296345863953313150e-03
3.658720047070679565e-04 3.657381423832395850e-04
1.150765149660205172e-04 1.150632723617237973e-04
3.252411113295921772e-04 3.251353295490932516e-04
6.869480969221720805e-05 6.869009071533855584e-05
2.251319628178723284e-04 2.250812784171900955e-04
1.637683882607941831e-04 1.637415681758006415e-04
6.519735020016238639e-05 6.519309950568926240e-05
1.312142249846614292e-04 1.311970078118230990e-04
7.198232885579048887e-05 7.197714740012298314e-05
2.399931810358373941e-04 2.399355843088936814e-04
4.904207200957143097e-05 4.903966688474443742e-05
1.427521947062134338e-05 1.427501568873040822e-05
3.629660353264280696e-05 3.629528608921480190e-05
4.248348785064329832e-05 4.248168300390334164e-05
1.808097980448428790e-05 1.808065288265359638e-05
4.413508627956152207e-05 4.413313837372061617e-05
3.130072231397483577e-05 3.129974257875745627e-05
5.842684850565398258e-05 5.842343480902767672e-05
4.946648607890643824e-05 4.946403914566144320e-05
6.815322192636301131e-05 6.814857706470407142e-05
6.375658417283493326e-05 6.375251927080954721e-05
4.435098564993296969e-05 4.434901864000484836e-05
3.144637534049593108e-05 3.144538646597387529e-05
4.616869389667920659e-04 4.614737841371795634e-04
3.313767069660188548e-04 3.312668964440992187e-04
2.704975650173337782e-04 2.704243960846534770e-04
1.964807532728347819e-03 1.960947064087681553e-03
2.794132164952087532e-03 2.786324990396867561e-03
1.500831518563554290e-02 1.478306566092416410e-02
3.646489828783085890e-02 3.513520948068901001e-02
4.803370029634566191e-02 4.572646393218650351e-02
3.564528679919635318e-02 3.437470032819939236e-02
3.639054443092534091e-02 3.506627270694619158e-02
3.549946631324433360e-02 3.423925420471916198e-02
3.621685609284792245e-02 3.490519542759786681e-02
9.316075429895749604e-02 8.448182815740676310e-02
9.316075429895749604e-02 8.448182815740676310e-02
9.316075429895749604e-02 8.448182815740676310e-02
9.316075429895749604e-02 8.448182815740676310e-02
9.316075429895749604e-02 8.448182815740676310e-02
2.519400438967733108e-02 2.455926653249024955e-02
2.602467922972208445e-03 2.595695083682109279e-03
8.443729670582275767e-04 8.436600013507288649e-04
2.510081129128763073e-04 2.509451078401282427e-04
3.518695856972589640e-04 3.517457734919201867e-04
1.811449732764308564e-04 1.811121597750875391e-04
2.992414039105021077e-04 2.991518584926877960e-04
1.498897311977705454e-04 1.498672642662520090e-04
6.469069925191746925e-05 6.468651436534776980e-05
9.684874192760889987e-05 9.683936224879594089e-05
1.104578745275523472e-04 1.104456735855071996e-04
5.358166844952880811e-04 5.355295849759046049e-04
5.258912067342206816e-06 5.258884411186074555e-06
5.499319462148681063e-06 5.499289219634134582e-06
8.853116162282598952e-06 8.853037784616816629e-06
3.931197342255126790e-05 3.931042799129689114e-05
2.472756425458853070e-05 2.472695280215456430e-05
1.124905033843459547e-04 1.124778492709942965e-04
2.033609843143085254e-05 2.033568487453144027e-05
4.288878856728690848e-05 4.288694911910214129e-05
3.402415181466698950e-05 3.402299417176028355e-05
5.363749263065044668e-05 5.363461565003474485e-05
2.276698452405247799e-05 2.276646618846815787e-05
3.103192568684500890e-05 3.103096270643317339e-05
1.416175582906196835e-05 1.416155527373380659e-05
1.375501182489905676e-03 1.373609178986874612e-03
2.461066212914241286e-04 2.460460528223806743e-04
2.470933272465270641e-04 2.470322721341572793e-04
6.332927160365938758e-03 6.292821193947438496e-03
1.191007220989384434e-02 1.176822238984895873e-02
3.686775323501091661e-02 3.550852200641325951e-02
5.410829240714811611e-02 5.118058509993067551e-02
5.665213187565350250e-02 5.344266782959706391e-02
2.912452556505782178e-02 2.827628757566811452e-02
1.578740803673416362e-02 1.553816578421582557e-02
2.538731595637761657e-02 2.474280014490867069e-02
2.633107497870735766e-02 2.563774946917304898e-02
6.235499705856158148e-02 5.846685140038836159e-02
9.316075429895749604e-02 8.448182815740676310e-02
9.316075429895749604e-02 8.448182815740676310e-02
9.316075429895749604e-02 8.448182815740676310e-02
9.316075429895749604e-02 8.448182815740676310e-02
9.316075429895749604e-02 8.448182815740676310e-02
6.130160705803689748e-03 6.092581835524709874e-03
4.829509843706875582e-04 4.827177427173829499e-04
1.648808174787082682e-04 1.648536317947358199e-04
4.627774099130814965e-04 4.625632469819556487e-04
4.802012130048262937e-05 4.801781536843291882e-05
1.971690944124736570e-04 1.971302187606822356e-04
7.299084760809610090e-05 7.298551994426154830e-05
1.960633772293215473e-05 1.960595331445324970e-05
4.998804279345564478e-05 4.998554398903332698e-05
2.954197979075950291e-04 2.953325250505992820e-04
4.547561065658721827e-04 4.545493034494132219e-04
7.521028882630459351e-06 7.520972316755005806e-06
6.060030250077150132e-06 6.059993526110518340e-06
2.640259545818984517e-05 2.640189836114291552e-05
1.083784566451215350e-04 1.083667107552567591e-04
4.547068784840855855e-05 4.546862026495515348e-05
1.414690859588738591e-04 1.414490724565918133e-04
1.206054498009270022e-05 1.206039952334748324e-05
3.435406147353521617e-05 3.435288127199548873e-05
3.314971037496884746e-05 3.314861147167090635e-05
4.305158939236734133e-05 4.304973595301813240e-05
2.009381634397121422e-05 2.009341258251594797e-05
1.185177963107925239e-04 1.185037498427501615e-04
3.307481515505488151e-05 3.307372121165733715e-05
2.619611502596903320e-03 2.612749138172365190e-03
1.388505008212088455e-04 1.388312213596305355e-04
4.633608674882592408e-04 4.631461641947397820e-04
1.467753562966122964e-02 1.446210557750125456e-02
8.024776621893524309e-02 7.380806223580635428e-02
7.832070177892393181e-02 7.218656945178079931e-02
6.916657076670743032e-02 6.438255625508147728e-02
6.234305064380626232e-02 5.845639468023006852e-02
3.116042786013435706e-02 3.018945559570771972e-02
7.473314773758326507e-03 7.417464340050652048e-03
2.072793128705281013e-02 2.029828415161202826e-02
1.950786936430629059e-02 1.912731239717144899e-02
3.570820336396068190e-02 3.443312757647870592e-02
2.558261637724451240e-02 2.492814611653925219e-02
9.316075429895749604e-02 8.448182815740676310e-02
9.316075429895749604e-02 8.448182815740676310e-02
9.316075429895749604e-02 8.448182815740676310e-02
9.316075429895749604e-02 8.448182815740676310e-02
9.316075429895749604e-02 8.448182815740676310e-02
9.713590091997773360e-03 9.619236259522415469e-03
5.771039199328423935e-04 5.767708709984405765e-04
9.560610742193315472e-04 9.551470214416941723e-04
3.280331606704120690e-04 3.279255549159126610e-04
5.349454076117952234e-04 5.346592410226702922e-04
1.267423988948076206e-04 1.267263352591300205e-04
2.658411534324945247e-05 2.658340862806086847e-05
2.026610989876638264e-04 2.026200274666209455e-04
8.929272643186127439e-04 8.921299452192491940e-04
1.183889253740557030e-03 1.182487659975434624e-03
1.288346454918681780e-05 1.288329856552802737e-05
5.892221403327563652e-06 5.892186685054498075e-06
1.633951185840131705e-05 1.633924487875354649e-05
2.831373792566019092e-05 2.831293625790486934e-05
7.307563140360120126e-06 7.307509739881069893e-06
3.980004270762885432e-05 3.979845866422932588e-05
5.935704317184070499e-06 5.935669084598329527e-06
1.598628429181568047e-05 1.598602873053022204e-05
2.963372698503066225e-05 2.963284882725563925e-05
6.918917935828219131e-05 6.918439221574192014e-05
3.414275618331979079e-05 3.414159045551999860e-05
5.363129039120744738e-04 5.360252723811718490e-04
3.068337841820143082e-04 3.067396372108988382e-04
3.580250288689301730e-03 3.567432096559641948e-03
5.335643479661950940e-03 5.307174388319891439e-03
4.164793505547165729e-03 4.147448000603317503e-03
5.548079816734487885e-02 5.240267920205921720e-02
8.452324448959555592e-02 7.737906563054761100e-02
8.049264504534234255e-02 7.401357913894686391e-02
7.561830791867443780e-02 6.990017942619097813e-02
3.156184925211819037e-02 3.056569892390475704e-02
6.851763068088846491e-03 6.804816410947620541e-03
3.004422835858638029e-03 2.995396279282008974e-03
1.349093809528374883e-02 1.330893268459296987e-02
1.439544063855384762e-02 1.418821192737572054e-02
1.483783620079007042e-02 1.461767481766859493e-02
1.332847287118582753e-02 1.315082468210789120e-02
2.519400438967733108e-02 2.455926653249024955e-02
9.316075429895749604e-02 8.448182815740676310e-02
9.316075429895749604e-02 8.448182815740676310e-02
9.316075429895749604e-02 8.448182815740676310e-02
9.316075429895749604e-02 8.448182815740676310e-02
9.316075429895749604e-02 8.448182815740676310e-02
5.633905030561000594e-03 5.602164144667619652e-03
2.729632022122203440e-03 2.722181131146008282e-03
1.301512997401543196e-03 1.299819061319138153e-03
7.546708784824883963e-04 7.541013503476588385e-04
1.409630989366499683e-04 1.409432283413881515e-04
4.069800223811892242e-04 4.068143896425718137e-04
1.522652002550587552e-03 1.520333533429716211e-03
4.896194390173544062e-03 4.872221670667177540e-03
6.655741820315148015e-03 6.611442921136455667e-03
4.348257327872904132e-05 4.348068254455009842e-05
2.314380400488250916e-05 2.314326836921869196e-05
3.121160364901479713e-05 3.121062948481245498e-05
1.663398632880970897e-04 1.663121943379783840e-04
8.925199406818803830e-05 8.924402814974288691e-05
5.929608552548245768e-05 5.929256949972381511e-05
5.872779841595342985e-06 5.872745352052275369e-06
1.930288974647447075e-05 1.930251714492190620e-05
2.209753331193040640e-05 2.209704501095193454e-05
9.905773413786738367e-05 9.904792170317485854e-05
3.498921995036559899e-05 3.498799570485286724e-05
1.842844375729750593e-04 1.842504768190434837e-04
1.595450399687742260e-04 1.595195853489955946e-04
7.559281449199548378e-03 7.502138713171335564e-03
5.175891169279290410e-03 5.149101319883066762e-03
8.042265786299955532e-02 7.395485396525047772e-02
8.221830490469456132e-02 7.545845524329324039e-02
8.057957635310909750e-02 7.408650822786255752e-02
7.733222622181327999e-02 7.135195300939158047e-02
7.319111913682975479e-02 6.783417921632814429e-02
6.623556236985827725e-03 6.579684739761313544e-03
1.253671789840087904e-03 1.252100096883447143e-03
7.588599790029284956e-04 7.582841105351961417e-04
2.767839737842941062e-03 2.760178801028558438e-03
1.807218289644581515e-03 1.803952251698155533e-03
1.733876550172346997e-03 1.730870222281109339e-03
1.298030747775483825e-03 1.296345863953313150e-03
2.602467922972208445e-03 2.595695083682109279e-03
6.130160705803689748e-03 6.092581835524709874e-03
9.316075429895749604e-02 8.448182815740676310e-02
9.316075429895749604e-02 8.448182815740676310e-02
9.316075429895749604e-02 8.448182815740676310e-02
9.316075429895749604e-02 8.448182815740676310e-02
9.316075429895749604e-02 8.448182815740676310e-02
3.253297096729544560e-03 3.242713154729955777e-03
1.533835005322057351e-03 1.531482355498506092e-03
1.251285019726083381e-03 1.249719305525492539e-03
8.910401260587445316e-05 8.909607308081197974e-05
4.707655098650711124e-04 4.705438896997925962e-04
1.953264539447356271e-03 1.949449297086293734e-03
1.268047742905828966e-02 1.251968292122943374e-02
1.178707738242947521e-02 1.164814218921009399e-02
2.261366311331254619e-05 2.261315173555314355e-05
6.191239361118111189e-06 6.191201029673284823e-06
1.497019150106479614e-05 1.496996739443121761e-05
7.360057930089899882e-05 7.359516225562557756e-05
1.036153948645948821e-04 1.036046587145419300e-04
1.038656113321331862e-05 1.038645325256114475e-05
3.797164325723134806e-06 3.797149907266218132e-06
4.586727583754182319e-06 4.586706545684254373e-06
1.133202101500956616e-05 1.133189260030928236e-05
4.662575687114524071e-05 4.662358290994143649e-05
3.075732594334906316e-05 3.075637993024988047e-05
4.487702729684720052e-05 4.487501334926819672e-05
4.259174429357678003e-03 4.241033862537983701e-03
5.588605515083128021e-03 5.557373003479910804e-03
1.089416728011039642e-02 1.077548439938336849e-02
8.160038390052500035e-02 7.494176124781194714e-02
8.122255775312020587e-02 7.462545386516125645e-02
7.787237474539814019e-02 7.180826799691042428e-02
2.409634114999309462e-03 2.403827778431141034e-03
7.754848661724304424e-04 7.748834893947679570e-04
2.372420613199194685e-04 2.371857775242601453e-04
5.980202089042221242e-05 5.979844460871963153e-05
1.889152447765311666e-05 1.889116758795602737e-05
1.218923910051039096e-04 1.218775332501189734e-04
1.880160885976614037e-04 1.879807385480898444e-04
5.110349674818670269e-04 5.107738107438778048e-04
3.658720047070679565e-04 3.657381423832395850e-04
8.443729670582275767e-04 8.436600013507288649e-04
4.829509843706875582e-04 4.827177427173829499e-04
9.713590091997773360e-03 9.619236259522415469e-03
9.316075429895749604e-02 8.448182815740676310e-02
9.316075429895749604e-02 8.448182815740676310e-02
9.316075429895749604e-02 8.448182815740676310e-02
9.316075429895749604e-02 8.448182815740676310e-02
9.316075429895749604e-02 8.448182815740676310e-02
1.931030942032437546e-03 1.927302061533350775e-03
1.067179478152239722e-03 1.066040606113650459e-03
4.851847118497319331e-04 4.849493076451192133e-04
5.171567820910841218e-04 5.168893309538212912e-04
2.126966907448527445e-03 2.122442919223146377e-03
1.462207405838508723e-02 1.440826900861618895e-02
1.257406612438563900e-02 1.241595898548521724e-02
3.167582397226628276e-04 3.166579039402306383e-04
6.248199734841389848e-05 6.247809334842124461e-05
1.398994902908204450e-04 1.398799184234368099e-04
2.299937967186284132e-04 2.299408995720993577e-04
9.260585591272631277e-05 9.259728006817697775e-05
5.446830999365044683e-05 5.446534319685688024e-05
1.259788776649851446e-05 1.259772905972233716e-05
1.085032734513417308e-05 1.085020961553067688e-05
3.305018737727731965e-05 3.304909506239164872e-05
1.685121133974837066e-04 1.684837170651220216e-04
8.474280088393495861e-05 8.473561954163330817e-05
3.445279072359676720e-03 3.433409124473236953e-03
5.239178885921739331e-03 5.211729890523051148e-03
8.169821328886250900e-02 7.502361523427003576e-02
8.144750862715390005e-02 7.481381196558359314e-02
7.779449028801913024e-02 7.174250756884642533e-02
7.804075451450705192e-02 7.195039514931350633e-02
7.770185605459271894e-02 7.166427762026407466e-02
2.822811927941229005e-04 2.822015101223176417e-04
9.692251097469863378e-04 9.682857124336222317e-04
7.118974969404453547e-04 7.113906988942953055e-04
1.273306817642215634e-04 1.273144686617030139e-04
4.480886784769243383e-05 4.480686001305464472e-05
4.021734875868980758e-04 4.020117440727802478e-04
1.352084980557072963e-04 1.351902167177608278e-04
1.381909332089999881e-04 1.381718364749788032e-04
1.150765149660205172e-04 1.150632723617237973e-04
2.510081129128763073e-04 2.509451078401282427e-04
1.648808174787082682e-04 1.648536317947358199e-04
5.771039199328423935e-04 5.767708709984405765e-04
5.633905030561000594e-03 5.602164144667619652e-03
9.316075429895749604e-02 8.448182815740676310e-02
9.316075429895749604e-02 8.448182815740676310e-02
9.316075429895749604e-02 8.448182815740676310e-02
9.316075429895749604e-02 8.448182815740676310e-02
9.316075429895749604e-02 8.448182815740676310e-02
5.550364974580463979e-04 5.547284319445359036e-04
5.269372650438479801e-04 5.266596021625561059e-04
1.515514771169130907e-02 1.492546920952812599e-02
1.509385396048741959e-02 1.486602953310689826e-02
1.522859901196258262e-02 1.499668878409543549e-02
1.407609911187715328e-02 1.387796254566976521e-02
3.987312036063916628e-04 3.985722170336622873e-04
4.167614589451859217e-04 4.165877688315237828e-04
1.259313144926906816e-03 1.257727275329921122e-03
2.770565622638185917e-04 2.769798019251251599e-04
4.476324058390719835e-04 4.474320310683146907e-04
4.813472980013050267e-04 4.811156027800118896e-04
2.248497515030209470e-04 2.247991940922699800e-04
4.024483988357550239e-04 4.022864341220295744e-04
1.509838610349632597e-04 1.509610649086702290e-04
2.685860212122131042e-04 2.685138827614225090e-04
4.373179713320391945e-03 4.354055012515394875e-03
4.889952222466419779e-03 4.866040589728415702e-03
4.763323946429990491e-02 4.536431396243656433e-02
8.181654422533136961e-02 7.512259731635576032e-02
8.119450099382888308e-02 7.460195400219200856e-02
7.742106545198622347e-02 7.142704407626548901e-02
1.795200089496790802e-02 1.762972655883498010e-02
8.867479200996113142e-04 8.859615982258103569e-04
1.570562089418110188e-04 1.570315422890438512e-04
5.279265200394531914e-04 5.276478136288922450e-04
1.173149800236605780e-03 1.171773519782810628e-03
6.034710136963598653e-04 6.031068364319881877e-04
1.279703586656630429e-04 1.279539822529660162e-04
7.841853452723616599e-04 7.835703986166217333e-04
6.639477425907865148e-04 6.635069159858951113e-04
6.814198471824152057e-04 6.809555141742810753e-04
3.252411113295921772e-04 3.251353295490932516e-04
3.518695856972589640e-04 3.517457734919201867e-04
4.627774099130814965e-04 4.625632469819556487e-04
9.560610742193315472e-04 9.551470214416941723e-04
2.729632022122203440e-03 2.722181131146008282e-03
3.253297096729544560e-03 3.242713154729955777e-03
9.316075429895749604e-02 8.448182815740676310e-02
9.316075429895749604e-02 8.448182815740676310e-02
9.316075429895749604e-02 8.448182815740676310e-02
9.316075429895749604e-02 8.448182815740676310e-02
9.316075429895749604e-02 8.448182815740676310e-02
4.899871487310058712e-03 4.875862746717904428e-03
1.538766307722762468e-02 1.515088290224935082e-02
1.516834475354382483e-02 1.493826607098146415e-02
1.495114515162726705e-02 1.472760841028224015e-02
1.227570301197617939e-03 1.226063372353235594e-03
3.469246287623186059e-04 3.468042720642767422e-04
3.846299110693963508e-04 3.844819709009070826e-04
6.477308097083433504e-04 6.473112545064979313e-04
3.773573235856546217e-04 3.772149250359909051e-04
2.211528183152680724e-04 2.211039097462192760e-04
3.188782244382480213e-04 3.187765411162271287e-04
1.185698750114292218e-04 1.185558161961689931e-04
1.722758361584573875e-04 1.722461571947332811e-04
1.073378547757025090e-04 1.073263333606346649e-04
3.317117478712593073e-03 3.306114210345012430e-03
4.449130919874297319e-03 4.429336153932116049e-03
8.149330212782279759e-02 7.485214383612619204e-02
8.142617960511981667e-02 7.479595688003458365e-02
7.750254829668370982e-02 7.149590330420391160e-02
7.722496256402319736e-02 7.126126772100840889e-02
7.676344759238379334e-02 7.087082070611513962e-02
7.916647530411405950e-04 7.910380199599328878e-04
4.951279257894761589e-04 4.948827741265795534e-04
1.949703094218317289e-04 1.949322960002756783e-04
4.464359237432618047e-04 4.462366187092532926e-04
3.113912825972245391e-04 3.112943180663470147e-04
9.796386115580412021e-05 9.795426423771156331e-05
1.117768013764778673e-04 1.117643073231519080e-04
3.761036173588922253e-04 3.759621634279017755e-04
5.760192718411612505e-05 5.759860920210079985e-05
4.843670817992363359e-05 4.843436206522432980e-05
6.869480969221720805e-05 6.869009071533855584e-05
1.811449732764308564e-04 1.811121597750875391e-04
4.802012130048262937e-05 4.801781536843291882e-05
3.280331606704120690e-04 3.279255549159126610e-04
1.301512997401543196e-03 1.299819061319138153e-03
1.533835005322057351e-03 1.531482355498506092e-03
1.931030942032437546e-03 1.927302061533350775e-03
9.316075429895749604e-02 8.448182815740676310e-02
9.316075429895749604e-02 8.448182815740676310e-02
9.316075429895749604e-02 8.448182815740676310e-02
9.316075429895749604e-02 8.448182815740676310e-02
9.316075429895749604e-02 8.448182815740676310e-02
1.611675605301308989e-02 1.585700622734075721e-02
1.566921883906558996e-02 1.542369442003906251e-02
1.529119587791297717e-02 1.505737520653627377e-02
2.948881302746543992e-05 2.948794343737166969e-05
1.044844566454750388e-04 1.044735396437945356e-04
9.162999454248695259e-05 9.162159848658709403e-05
8.349312152362872003e-05 8.348615042228696491e-05
2.585676956423029501e-04 2.585008383890731671e-04
4.377949594143821718e-04 4.376032949878935459e-04
9.113889453133488215e-04 9.105583155037094267e-04
4.654561425842581451e-04 4.652394931635887377e-04
1.085454666001184777e-03 1.084276454169240964e-03
8.719015480375922082e-04 8.711413357281218165e-04
4.071957765650892694e-03 4.055376925605647977e-03
8.005146824410568768e-03 7.941064448730198247e-03
8.051827617030267448e-02 7.403508337286554553e-02
7.933048235050606245e-02 7.303715692054210673e-02
7.742762573179423624e-02 7.143258850533143467e-02
2.386790369069729818e-03 2.381093600803845835e-03
3.469926302026700654e-04 3.468722263172551064e-04
6.718811550130411809e-04 6.714297307265794769e-04
6.993724768886992911e-04 6.988833550272698135e-04
1.738671585863091991e-04 1.738369287974743090e-04
4.912325217717378786e-04 4.909912123812916734e-04
7.232249149534739465e-04 7.227018606758645264e-04
4.538744724010571269e-04 4.536684703643597736e-04
3.341001125947022686e-04 3.339884897094664608e-04
7.215749654618888211e-04 7.210542950311074530e-04
2.545847295345426129e-04 2.545199161500304392e-04
2.551235670418788956e-04 2.550584790074187009e-04
2.251319628178723284e-04 2.250812784171900955e-04
2.992414039105021077e-04 2.991518584926877960e-04
1.971690944124736570e-04 1.971302187606822356e-04
5.349454076117952234e-04 5.346592410226702922e-04
7.546708784824883963e-04 7.541013503476588385e-04
1.251285019726083381e-03 1.249719305525492539e-03
1.067179478152239722e-03 1.066040606113650459e-03
5.550364974580463979e-04 5.547284319445359036e-04
9.316075429895749604e-02 8.448182815740676310e-02
9.316075429895749604e-02 8.448182815740676310e-02
9.316075429895749604e-02 8.448182815740676310e-02
9.316075429895749604e-02 8.448182815740676310e-02
9.316075429895749604e-02 8.448182815740676310e-02
3.916131778568809028e-03 3.900795690461692465e-03
1.497667953398388718e-04 1.497443652468525058e-04
6.810080867103152916e-06 6.810034489901736115e-06
1.161559963357209594e-04 1.161425041202362107e-04
1.000956450754944142e-04 1.000856259373313328e-04
8.409622577480858712e-05 8.408915359961901365e-05
3.792938688110745723e-04 3.791500049721568824e-04
4.096333483658064298e-04 4.094655488857130553e-04
1.062539576457006843e-03 1.061410586105469324e-03
7.737574242155221107e-04 7.731587236639934479e-04
3.133552410683638958e-03 3.123733259973137701e-03
4.522967235464797967e-03 4.502510002851709686e-03
8.356742521953568203e-02 7.658391066171299499e-02
7.878400584387586225e-02 7.257708626706799171e-02
7.751504406972628547e-02 7.150646201259468204e-02
7.709126628953606730e-02 7.114820295141190132e-02
7.004033537552538380e-02 6.513468679600931122e-02
6.349099823158937906e-04 6.345068716302493814e-04
3.028471290134423133e-04 3.027554126298906347e-04
1.338472211735269998e-03 1.336680703873682459e-03
1.081631220099042072e-03 1.080461294002749238e-03
1.937068066625465034e-03 1.933315833930724943e-03
2.004609183420722699e-03 2.000590725442467823e-03
2.057020161771973971e-03 2.052788829826037581e-03
1.312699858115746066e-03 1.310976677198249021e-03
3.826863613533425137e-04 3.825399125021766754e-04
7.378021155715599935e-04 7.372577636098181239e-04
2.493986968305008127e-04 2.493364971205200547e-04
1.813684115548174630e-04 1.813355170541075350e-04
1.637683882607941831e-04 1.637415681758006415e-04
1.498897311977705454e-04 1.498672642662520090e-04
7.299084760809610090e-05 7.298551994426154830e-05
1.267423988948076206e-04 1.267263352591300205e-04
1.409630989366499683e-04 1.409432283413881515e-04
8.910401260587445316e-05 8.909607308081197974e-05
4.851847118497319331e-04 4.849493076451192133e-04
5.269372650438479801e-04 5.266596021625561059e-04
4.899871487310058712e-03 4.875862746717904428e-03
9.316075429895749604e-02 8.448182815740676310e-02
9.316075429895749604e-02 8.448182815740676310e-02
9.316075429895749604e-02 8.448182815740676310e-02
9.316075429895749604e-02 8.448182815740676310e-02
9.316075429895749604e-02 8.448182815740676310e-02
4.107387745814533228e-05 4.107219039473588874e-05
9.475798541107822718e-06 9.475708750349831752e-06
8.959762685161270731e-05 8.958959911687526371e-05
1.277291655885595841e-04 1.277128508488176303e-04
1.880631262271566890e-04 1.880277584877103640e-04
9.967874905564223700e-04 9.957939052550927005e-04
1.651483681425861515e-03 1.648756283075845670e-03
1.415830177297813016e-03 1.413825602206865819e-03
1.197142575463125283e-03 1.195709425117138852e-03
9.148242777710228688e-03 9.064552431790301457e-03
1.243091672993546296e-02 1.227638903918887303e-02
8.307472840151906845e-02 7.617331790253291379e-02
7.783643664376385662e-02 7.177792577436518939e-02
8.142901231070714951e-02 7.479832826480985186e-02
3.113764801252235509e-02 3.016809488877061907e-02
1.843763600732657845e-03 1.840364136517271161e-03
5.492324984465494185e-04 5.489308421091995292e-04
4.190050132903178656e-04 4.188294480891554725e-04
1.793132044007533527e-03 1.789916721480286875e-03
2.610513654114768496e-03 2.603698872576448806e-03
1.951196758499333748e-03 1.947389589708955386e-03
1.958900869414060674e-03 1.955063576797869389e-03
1.865703647079413078e-03 1.862222796980687574e-03
2.802816412415697804e-04 2.802030834431526972e-04
8.640914555166263357e-05 8.640167901122767146e-05
4.567160777813879073e-04 4.565074882056838722e-04
5.755011053264140583e-05 5.754679851741908541e-05
3.925131029161554977e-05 3.924976962625594413e-05
6.519735020016238639e-05 6.519309950568926240e-05
6.469069925191746925e-05 6.468651436534776980e-05
1.960633772293215473e-05 1.960595331445324970e-05
2.658411534324945247e-05 2.658340862806086847e-05
4.069800223811892242e-04 4.068143896425718137e-04
4.707655098650711124e-04 4.705438896997925962e-04
5.171567820910841218e-04 5.168893309538212912e-04
1.515514771169130907e-02 1.492546920952812599e-02
1.538766307722762468e-02 1.515088290224935082e-02
1.611675605301308989e-02 1.585700622734075721e-02
9.316075429895749604e-02 8.448182815740676310e-02
9.316075429895749604e-02 8.448182815740676310e-02
9.316075429895749604e-02 8.448182815740676310e-02
9.316075429895749604e-02 8.448182815740676310e-02
9.316075429895749604e-02 8.448182815740676310e-02
2.521912818158204340e-04 2.521276813731965195e-04
1.159161003341864949e-04 1.159026637918698075e-04
9.414413296795863658e-05 9.413526985018635094e-05
1.200001372875179049e-04 1.199857372545688880e-04
1.544579605033970324e-03 1.542193878877683383e-03
8.170045150459073714e-04 8.163370186683020259e-04
2.169569329460396996e-03 2.164862298385061921e-03
4.960968185110493402e-03 4.936356979776814619e-03
5.108402864168887225e-02 4.847445065942398296e-02
7.811195936626763592e-02 7.201048117023019224e-02
8.121499196780443408e-02 7.461911704747389851e-02
8.067038526965285283e-02 7.416267421009863081e-02
8.117894459476601710e-02 7.458892354924592794e-02
2.606946882906453419e-03 2.600150710856157649e-03
2.160231149670472067e-03 2.155564551050465245e-03
6.634762961049310223e-04 6.630360953094379534e-04
5.988464251950464815e-04 5.984878081540775984e-04
3.628287956661167823e-03 3.615123483164715303e-03
2.688633798909284382e-03 2.681405047204646862e-03
2.032265881731928035e-03 2.028135777117876480e-03
1.892182973291550501e-03 1.888602616887136067e-03
2.366913477004027860e-03 2.361311197596404569e-03
3.626656035861312963e-04 3.625340772461067775e-04
1.344821648029512109e-04 1.344640793503011156e-04
7.486831488643325237e-04 7.481226224069390755e-04
2.716276506026509430e-04 2.715538690220790224e-04
1.226103416186855900e-04 1.225953083228137331e-04
1.312142249846614292e-04 1.311970078118230990e-04
9.684874192760889987e-05 9.683936224879594089e-05
4.998804279345564478e-05 4.998554398903332698e-05
2.026610989876638264e-04 2.026200274666209455e-04
1.522652002550587552e-03 1.520333533429716211e-03
1.953264539447356271e-03 1.949449297086293734e-03
2.126966907448527445e-03 2.122442919223146377e-03
1.509385396048741959e-02 1.486602953310689826e-02
1.516834475354382483e-02 1.493826607098146415e-02
1.566921883906558996e-02 1.542369442003906251e-02
3.916131778568809028e-03 3.900795690461692465e-03
9.316075429895749604e-02 8.448182815740676310e-02
9.316075429895749604e-02 8.448182815740676310e-02
9.316075429895749604e-02 8.448182815740676310e-02
9.316075429895749604e-02 8.448182815740676310e-02
9.316075429895749604e-02 8.448182815740676310e-02
2.902583830857518666e-04 2.901741331568002871e-04
1.444100413775095812e-04 1.443891871174589271e-04
5.979844806250604475e-04 5.976268951859920386e-04
2.584028031130186035e-03 2.577350830264519416e-03
4.741672261300674401e-03 4.719188805467086287e-03
6.379279309699636448e-03 6.338584105188474656e-03
1.303811878721732216e-02 1.286812624570773250e-02
6.136039364007910002e-02 5.759529573241364137e-02
7.123008973325516135e-02 6.615636404984757968e-02
7.745888949335939799e-02 7.145900993181493466e-02
1.809490540359554728e-02 1.776747980203047597e-02
5.162687173937070481e-03 5.136033835081136104e-03
1.977428858396718548e-03 1.973518633506698549e-03
4.238158295719604736e-03 4.220196309980027601e-03
1.318872884442889816e-03 1.317133458757571056e-03
6.765326189141224059e-04 6.760749225296675989e-04
4.031260396266076428e-03 4.015009335883573498e-03
4.271271387082556208e-03 4.253027627820446174e-03
1.772414683655693839e-03 1.769273229844855631e-03
1.955025822537134099e-04 1.954643609940455396e-04
1.004309647044945072e-03 1.003301009177797474e-03
1.261543824763680264e-04 1.261384675481500212e-04
2.326104991004233273e-05 2.326050883359941521e-05
8.990451138309439746e-05 8.989642856192736826e-05
5.091828560800546285e-05 5.091569293619620506e-05
4.972744901325519995e-05 4.972497619406983425e-05
7.198232885579048887e-05 7.197714740012298314e-05
1.104578745275523472e-04 1.104456735855071996e-04
2.954197979075950291e-04 2.953325250505992820e-04
8.929272643186127439e-04 8.921299452192491940e-04
4.896194390173544062e-03 4.872221670667177540e-03
1.268047742905828966e-02 1.251968292122943374e-02
1.462207405838508723e-02 1.440826900861618895e-02
1.522859901196258262e-02 1.499668878409543549e-02
1.495114515162726705e-02 1.472760841028224015e-02
1.529119587791297717e-02 1.505737520653627377e-02
1.497667953398388718e-04 1.497443652468525058e-04
4.107387745814533228e-05 4.107219039473588874e-05
9.316075429895749604e-02 8.448182815740676310e-02
9.316075429895749604e-02 8.448182815740676310e-02
9.316075429895749604e-02 8.448182815740676310e-02
9.316075429895749604e-02 8.448182815740676310e-02
5.122021109860429603e-04 5.119397599835444042e-04
3.153769035639603308e-04 3.152774409726587625e-04
7.288534663441326991e-04 7.283222389687308684e-04
3.946795676646186468e-03 3.931218480532993817e-03
5.936770541519762259e-03 5.901525297057105823e-03
1.484690564332579420e-02 1.462647503614397486e-02
1.990979545858838004e-02 1.951339550338555481e-02
6.629056522249651695e-02 6.189612618497845192e-02
7.061276090124493643e-02 6.562659889914855549e-02
6.402765166682086728e-02 5.992811148885311689e-02
3.780462073107273765e-03 3.766170179621071163e-03
5.207562608867844813e-03 5.180443900542566586e-03
5.087882374793377058e-03 5.061995827733644336e-03
5.546759235591158625e-03 5.515992697573543144e-03
4.259642359967940987e-03 4.241497806933107462e-03
2.753092895836647871e-03 2.745513375343541611e-03
3.237406596975737471e-03 3.226925795501595431e-03
3.590476451386190575e-03 3.577584930238231903e-03
1.739487057148003191e-03 1.736461241926017755e-03
3.082819377625456610e-04 3.081869000093950340e-04
7.682832204215107180e-04 7.676929613147294744e-04
2.976839440072376981e-04 2.975953282767179828e-04
2.774094834136327860e-05 2.774017878114839929e-05
2.376510885953579569e-04 2.375946105554473890e-04
1.208351904118424528e-04 1.208205892686005882e-04
1.905933061622159912e-04 1.905569803538621461e-04
2.399931810358373941e-04 2.399355843088936814e-04
5.358166844952880811e-04 5.355295849759046049e-04
4.547561065658721827e-04 4.545493034494132219e-04
1.183889253740557030e-03 1.182487659975434624e-03
6.655741820315148015e-03 6.611442921136455667e-03
1.178707738242947521e-02 1.164814218921009399e-02
1.257406612438563900e-02 1.241595898548521724e-02
1.407609911187715328e-02 1.387796254566976521e-02
1.227570301197617939e-03 1.226063372353235594e-03
2.948881302746543992e-05 2.948794343737166969e-05
6.810080867103152916e-06 6.810034489901736115e-06
9.475798541107822718e-06 9.475708750349831752e-06
2.521912818158204340e-04 2.521276813731965195e-04
9.316075429895749604e-02 8.448182815740676310e-02
9.316075429895749604e-02 8.448182815740676310e-02
9.316075429895749604e-02 8.448182815740676310e-02
