0.000000000000000000e+00 0.000000000000000000e+00
3.640032947058925283e-03 3.626783107203250794e-03
3.183504280087014193e-02 3.082157285073690647e-02
1.280491238577939270e-02 1.264094660457190655e-02
4.622921527661744481e-03 4.601550124210825911e-03
1.254314625028761510e-02 1.238581573243151095e-02
6.380978410600726680e-02 5.973809555835200846e-02
6.210078200123838460e-02 5.824427487607305304e-02
4.776579188103002860e-02 4.548422100700815623e-02
3.147927410411398893e-03 3.138017963430179275e-03
8.001535242242751624e-04 7.995132785619465813e-04
8.094868537101078095e-04 8.088315847437783359e-04
4.301319341822695645e-04 4.299469207014661913e-04
1.488216807740245021e-03 1.486002018473404386e-03
1.840721750573803004e-03 1.837333494010767428e-03
1.812718908652835538e-03 1.809432958811048060e-03
1.051500358335254398e-03 1.050394705331675295e-03
2.693084603826928556e-04 2.692359333358591671e-04
6.278888039724918281e-04 6.274945596223378700e-04
2.152918422713736082e-02 2.106567845365133959e-02
1.870580489743327648e-02 1.835589776057243785e-02
3.911104861064770843e-02 3.758137448722326246e-02
4.339334550440469840e-02 4.151036307034006168e-02
5.491307157818432066e-02 5.189762614803352520e-02
5.627472384233087738e-02 5.310787929880027292e-02
4.539807401524252606e-02 4.333708889094908812e-02
5.583507552246937816e-02 5.271751986386952193e-02
5.096647572453184144e-02 4.836889407675254438e-02
3.256875294049687425e-02 3.150802927239775009e-02
5.373206992351563065e-03 5.344335638968907704e-03
1.214736162623920174e-02 1.199980323176057240e-02
3.091290357397202121e-03 3.081734281323464993e-03
5.881820613744029834e-03 5.847224800011765859e-03
1.805594663065928328e-03 1.802334490978636057e-03
7.241439002486567715e-04 7.236195158603894511e-04
8.904232028312895203e-04 8.896303493511492242e-04
1.570643056692098277e-02 1.545973860576747329e-02
1.590545050618592110e-02 1.565246715038118991e-02
7.372748011115001646e-04 7.367312269791462167e-04
7.830830422993872292e-05 7.830217203942735143e-05
1.896821392989428378e-06 1.896817795058031560e-06
0.000000000000000000e+00 0.000000000000000000e+00
