8.429503345400522762e-02 7.718938078899337252e-02
6.378890958998215122e-02 5.971988460330323462e-02
1.903471190829110135e-02 1.867239165085946354e-02
2.920480053336986515e-02 2.835188015917594617e-02
3.557668531706900672e-02 3.431098477891925125e-02
7.498831429925471859e-02 6.936506701781090800e-02
2.636520232531859576e-02 2.567007843166361006e-02
2.519312393336564301e-02 2.455843043984372309e-02
1.770341338935275954e-02 1.739000254371844342e-02
1.515794131439048356e-02 1.492817812949997699e-02
8.782474694080364547e-03 8.705342832328202482e-03
8.405195245495156176e-03 8.334547938380261825e-03
1.063043878823145827e-02 1.051743255940112282e-02
4.186758206001918274e-03 4.169229261726394020e-03
4.037884383187591297e-03 4.021579872895601239e-03
3.947976941624006808e-03 3.932390419692411918e-03
4.357674753618237876e-03 4.338685424359916241e-03
5.629639617866971646e-03 5.597946775639914621e-03
2.057318971202989899e-02 2.014993357710272506e-02
2.759428416191319136e-02 2.683283964350477793e-02
3.764670276830633933e-02 3.622942853898113158e-02
1.495938604213709923e-02 1.473560281137941373e-02
2.112238422255659567e-02 2.067622910731128916e-02
1.401446464628579996e-02 1.381805942696380518e-02
2.457574372064017659e-02 2.397177654121759177e-02
3.850543410673776951e-02 3.702276565098944205e-02
2.765330534165367019e-02 2.688860004533493928e-02
2.381707979870544695e-02 2.324982650856754346e-02
4.311372769732750576e-02 4.125493418136819829e-02
5.404698104273883419e-02 5.112590488290466584e-02
1.945004311193166899e-02 1.907173893487566774e-02
1.194314955260508508e-02 1.180051073136919454e-02
8.204241428873730937e-03 8.136931851450483061e-03
3.924297727516974817e-03 3.908897614862780201e-03
2.848688691702164991e-03 2.840573664439933078e-03
4.902870248676020892e-03 4.878832112000668769e-03
3.726006834844017724e-03 3.712123707910713454e-03
4.125081512766759669e-03 4.108065215279789809e-03
5.585650593809231984e-03 5.554451101253110243e-03
8.567139672337848247e-03 8.493743790172503597e-03
4.896510398113269880e-02 4.656752257324955901e-02
8.826680574095366327e-02 8.047577674524240832e-02
