287.5   13.401382658446147   75.00718179920153
288.5   13.587574710864196   78.03024057890704
289.5   13.771352799717489   81.14617051788622
290.5   13.951000678199192   84.35894390522986
291.5   14.124671142634979   87.67425196691269
292.5   14.290387342088316   91.0995235632839
293.5   14.446042674368469   94.6438287864124
294.5   14.589399368875203   98.31764445405935
295.5   14.718086210580317   102.13245622763068
296.5   14.829596251409905   106.10016932558159
297.5   14.92128576871529   110.23229717916894
298.5   14.990376144610057   114.53889593153932
299.5   15.033960736433496   119.02721396019146
300.5   15.049019161309447   123.70003170046004
301.5   15.032441694501408   128.5536804628817
302.5   14.981066642941903   133.57575249235472
303.5   14.89173353421464   138.74255101958786
304.5   14.761354687027481   144.01638058917405
305.5   14.587007099723069   149.34284502688473
306.5   14.366045502340919   154.64840061715617
307.5   14.096235772408768   159.83849831208366
308.5   13.775905657917491   164.79672806445035
309.5   13.404106915363224   169.38543073040114
310.5   12.9807797290765   173.44824259357452
311.5   12.506906987483873   176.8149566875549
312.5   11.984643211508402   179.30890117613535
313.5   11.41740139039398   180.7567415035608
314.5   10.809881450150618   181.0002301987869
315.5   10.168027188502919   179.90901069260377
316.5   9.49890449458647   177.39321583970252
317.5   8.810502132404705   173.41439006474735
318.5   8.1114662081622   167.99329436126845
319.5   7.410788924461774   161.21346501057062
320.5   6.717479344786797   153.2199538720007
321.5   6.040246809675893   144.2133648606855
322.5   5.387225213609559   134.43994792879715
323.5   4.765758379370384   124.17894248998789
324.5   4.18225414158051   113.72845107069902
325.5   3.6420993146677847   103.39084176222639
326.5   3.149612288349822   93.45812077847658
327.5   2.707998510453845   84.197112569597
328.5   2.3192719474587378   75.83397799141045
329.5   1.9841189398940118   68.53797232006896
330.5   1.7017137769928679   62.405622088547226
331.5   1.469543664119134   57.44843850903058
332.5   1.2833457021953025   53.58890215569436
333.5   1.1372681714428323   50.66923570953189
334.5   1.0243162923831617   48.47439743779143
335.5   0.9370362777888861   46.76554226262325
336.5   0.8682834574579781   45.315657446418044
337.5   0.8118772379106263   43.9381069020966
338.5   0.7629949884103175   42.50206368472346
339.5   0.7182639829915904   40.93411606776795
340.5   0.6756106064513515   39.209651062993174
341.5   0.6339749284696241   37.33927873832746
342.5   0.5929938586894326   35.3548477695964
343.5   0.5527215273048627   33.29780202916786
344.5   0.5134172197600451   31.210885501523332
345.5   0.47540346654021737   29.133051272270748
346.5   0.43898249878267315   27.09689744667478
347.5   0.4043949461962645   25.127844760286287
348.5   0.3718058874099854   23.24437713379434
349.5   0.3413067401275682   21.458841921091064
350.5   0.31292505770640294   19.778475066519555
351.5   0.28663725244636507   18.206449087407137
352.5   0.2623814026079451   16.742835045266418
353.5   0.24006871211988354   15.38542992209223
354.5   0.21959305606125734   14.130436859570372
355.5   0.2008385333853374   12.973005440347707
356.5   0.1836851960690688   11.907648563767875
357.5   0.1680132270844955   10.928555686969778
358.5   0.15370586179838186   10.02982201678603
359.5   0.14065132784465018   9.205611338790641
360.5   0.12874404112736382   8.450267606161665
361.5   0.1178852533167685   7.758387740020646
362.5   0.10798330585342743   7.124865613704697
363.5   0.09895361017138396   6.5449150386619035
364.5   0.09071844447125241   6.0140777695257075
365.5   0.08320663382915985   5.528221089203269
366.5   0.07635316200181158   5.083528378780394
367.5   0.07009874925143443   4.676485180702275
368.5   0.06438941991558456   4.303862573163229
369.5   0.05917607566620511   3.962699154177814
370.5   0.0544140847057262   3.6502825430373576
371.5   0.050062893106552285   3.3641310202589003
372.5   0.046085661641211875   3.101975716356899
373.5   0.042448929484272424   2.8617436077285494
374.5   0.03912230486669922   2.6415414707268363
375.5   0.03607818189785252   2.4396408680405424
376.5   0.0332914822726954   2.2544641908057166
377.5   0.03073942027231142   2.084571743551266
378.5   0.028401289353769312   1.9286498378403616
379.5   0.026258268575719786   1.7854998451369746
380.5   0.024293247167433436   1.6540281531821028
381.5   0.022490665612820808   1.5332369655383111
382.5   0.020836371728404298   1.4222158835666914
383.5   0.019317490335174096   1.3201342117568273
384.5   0.017922305227753895   1.2262339287863804
385.5   0.01664015226992794   1.139823270498907
386.5   0.01546132254849141   1.0602708739794435
387.5   0.014376974618208874   0.9870004353844449
388.5   0.013379054966831777   0.9194858378710239
389.5   0.012460225913734696   0.8572467093189124
390.5   0.011613800229664526   0.7998443725391735
391.5   0.010833681840900621   0.7468781541157057
392.5   0.01011431203845427   0.6979820204821997
393.5   0.009450620671862916   0.6528215126337497
394.5   0.008837981858419709   0.6110909533384868
395.5   0.008272173783211259   0.5725109028790651
396.5   0.00774934220621436   0.5368258414051237
397.5   0.007265967329992664   0.5038020578981113
398.5   0.006818833714828106   0.47322572749325226
399.5   0.006405002957104783   0.44490116043159983
400.5   0.006021788873896812   0.41864920738648087
401.5   0.005666734962136132   0.3943058073210495
402.5   0.0053375939196682225   0.3717206650467735
403.5   0.0050323090394307725   0.35075604705563496
404.5   0.0047489973009680435   0.33128568487786986
405.5   0.004485934004551204   0.313193776489054
406.5   0.004241538803678634   0.2963740768549913
407.5   0.004014363007984077   0.28072906969050326
408.5   0.003803078038171184   0.2661692130511667
409.5   0.0036064649279505326   0.25261225219973305
410.5   0.0034234047752824386   0.2399825936050425
411.5   0.003252870056308674   0.22821073462194474
412.5   0.0030939167220108903   0.2172327437931052
413.5   0.0029456770060153972   0.20698978723589986
414.5   0.002807352877706432   0.19742769692338297
415.5   0.0026782100818148044   0.1884965771095721
416.5   0.0025575727103233042   0.1801504454333346
417.5   0.0024448182582355376   0.1723469055969091
418.5   0.0023393731185071425   0.16504684874433123
419.5   0.002240708476286365   0.15821418097547732
420.5   0.0021483365660578033   0.15181557464701415
421.5   0.0020618072581881446   0.14582024129196058
422.5   0.0019807049453403774   0.14019972424784885
423.5   0.0019046457013150936   0.13492770921196678
424.5   0.001833274687518066   0.1299798511114698
