3.604121247214210622e-02 3.474224347568001525e-02
1.875285353795244081e-01 1.523615837979348797e-01
3.414083799013970522e-01 2.248486980345004160e-01
4.019249647475029441e-01 2.403812874602214711e-01
4.049059387966295609e-01 2.409571195238496277e-01
2.135867302285659741e-01 1.679674388988357525e-01
1.897324788252535699e-01 1.537340653040782656e-01
1.087277510586227430e-01 9.690602720835690687e-02
8.377403217407891622e-02 7.675594370737530425e-02
3.789401782519655204e-01 2.353445195583341309e-01
6.616733381138457659e-01 2.238617317431261244e-01
7.101958646728750990e-01 2.058176984744223281e-01
7.087907321662760829e-01 2.064064301614703112e-01
7.047494064023022142e-01 2.080776805779048777e-01
7.047334929605914011e-01 2.080841968601554459e-01
7.071834392341468378e-01 2.070750225071106287e-01
7.070351169084356791e-01 2.071364603667103510e-01
6.990104034478367145e-01 2.103948593195292815e-01
6.418875240756005685e-01 2.298679305116958504e-01
4.208810781598507633e-01 2.437401962068523609e-01
3.706342328489418136e-01 2.332644982894181984e-01
1.729056764922002609e-01 1.430093035289748404e-01
1.743185943710831298e-01 1.439316220275729252e-01
1.161659965066799971e-01 1.026714577622900026e-01
5.813322584773048668e-02 5.475375390026724493e-02
9.846425941649982611e-03 9.749473837825584771e-03
5.510272991326605613e-02 5.206641906937171244e-02
7.514933313586889818e-02 6.950191086510310035e-02
1.141290112672713047e-01 1.011035800544263646e-01
3.874892676120800794e-01 2.373413350975338565e-01
5.100776198767441594e-01 2.498984415776198675e-01
5.432236602844663365e-01 2.481317151916130337e-01
5.141557465261671345e-01 2.497996148402868988e-01
5.414555745890883287e-01 2.482814353354885206e-01
6.069023557936379376e-01 2.385718863257704214e-01
4.905355753029568833e-01 2.499104246651540073e-01
3.065368851357079816e-01 2.125720231870057431e-01
4.539285955053572463e-01 2.478774256878910065e-01
6.850420165291164487e-01 2.157594521188381798e-01
7.048279279161822064e-01 2.080455199455632509e-01
6.958709940236778024e-01 2.116345537001763644e-01
1.526511334170598255e-01 1.293487648835468240e-01
1.070438715468111368e-01 9.558548111108093603e-02
2.529219848402008974e-01 1.889524544246941051e-01
3.897915296220283987e-01 2.378540930569477685e-01
4.265107777657968224e-01 2.445993342154118844e-01
4.299517762993311232e-01 2.450932463563810504e-01
1.814177851651037621e-01 1.485053723908920098e-01
9.703495415912594124e-02 8.761917183046226409e-02
1.428063485732886670e-03 1.426024120413603045e-03
5.740424721372720113e-02 5.410899961555249577e-02
5.641622016095273473e-01 2.458832118846183690e-01
7.000093116076946398e-01 2.099962752702160818e-01
7.012756005599986020e-01 2.094881326192118975e-01
6.935807281926068546e-01 2.125265016724200429e-01
6.909603172395532011e-01 2.135341572397692067e-01
6.920059514916744314e-01 2.131337145917767684e-01
5.120547816544698261e-01 2.498546822392630484e-01
6.726168494945652387e-01 2.202034232705706307e-01
7.050730141799020911e-01 2.079450588551696733e-01
6.953910830763870843e-01 2.118223246542363936e-01
5.834622999688300338e-01 2.430340444839130254e-01
4.481264042885485521e-01 2.473091300679648996e-01
1.916226539908599535e-01 1.549034124683591196e-01
2.257552082124038295e-01 1.747897941773780273e-01
1.245445449301565977e-01 1.090332012582967969e-01
1.282162275100077152e-02 1.265722874103179102e-02
7.559599917413832582e-03 7.502452366502469598e-03
1.288085199682727500e-01 1.122168851518558219e-01
2.381095096118408250e-01 1.814133710442495107e-01
1.985011022319640994e-01 1.590984146446594305e-01
6.159407809848739257e-01 2.365577353046174891e-01
7.088884915981569224e-01 2.063655980778467125e-01
7.130081099078119378e-01 2.046275451135015633e-01
7.129626721088394570e-01 2.046469002882629340e-01
7.127707718482605426e-01 2.047285986470954722e-01
7.127467673501493017e-01 2.047388129820614244e-01
7.126695155592849273e-01 2.047716771517790191e-01
7.002802303146634655e-01 2.098878293451053589e-01
6.970775613882759236e-01 2.111604347972503293e-01
7.101450355623528665e-01 2.058390640284974982e-01
7.047366793814497932e-01 2.080828921158574540e-01
5.690294250540347543e-01 2.452349384767094076e-01
3.991217149927075991e-02 3.831919006548355905e-02
