0.000000000000000000e+00 0.000000000000000000e+00
1.407042514685643425e-02 1.387244828304314351e-02
1.804749384528151618e-02 1.772178181118604090e-02
1.916839345833243682e-02 1.880096615055899464e-02
2.087959095093123996e-02 2.044363363265302991e-02
2.680760571796957786e-02 2.608895799363946180e-02
2.416671828461807586e-02 2.358268801196998152e-02
2.168259337435285428e-02 2.121245851891532391e-02
1.180709802846589482e-02 1.166769046461209151e-02
5.741069188784108691e-04 5.737773201241068346e-04
2.473695846060471053e-06 2.473689726889332425e-06
1.005566215232294800e-19 1.005566215232294800e-19
1.171553281840844112e-12 1.171553281839471671e-12
2.483724956981008423e-12 2.483724956974839707e-12
2.483856665861621188e-12 2.483856665855451664e-12
1.312484816201414964e-12 1.312484816199692344e-12
1.921821791970636477e-16 1.921821791970636231e-16
1.430418501545632579e-16 1.430418501545632333e-16
7.405887047217695750e-10 7.405887041732979573e-10
4.827081888364163909e-02 4.594074692794430231e-02
5.312287303182647302e-02 5.030083339267091974e-02
9.531441200907518618e-02 8.622957487243945729e-02
9.923134799828177421e-02 8.938448757272567102e-02
7.513511862110401618e-02 6.948983257089665078e-02
5.495228201140609642e-02 5.193252871314499308e-02
5.198850292086203140e-02 4.928569848490955280e-02
5.598961840399076240e-02 5.285478103496626251e-02
4.567348358342009085e-02 4.358741648077514574e-02
1.653725201358580837e-02 1.626377130942496113e-02
5.621393505824385552e-03 5.589793440877060572e-03
1.973068981252901546e-03 1.969175980048119140e-03
5.189374164217512841e-05 5.189104868175350180e-05
2.281480808364819564e-05 2.281428756818030287e-05
3.003410811175324398e-05 3.003320606410317438e-05
1.104399675816653505e-10 1.104399675694683656e-10
2.262751314446607397e-06 2.262746194403096223e-06
2.262751314446607397e-06 2.262746194403096223e-06
2.262659283077777695e-06 2.262654163450746269e-06
0.000000000000000000e+00 0.000000000000000000e+00
0.000000000000000000e+00 0.000000000000000000e+00
0.000000000000000000e+00 0.000000000000000000e+00
0.000000000000000000e+00 0.000000000000000000e+00
0.000000000000000000e+00 0.000000000000000000e+00
8.688534763377959297e-03 8.613044127043532200e-03
1.198699754674716240e-02 1.184330943656143956e-02
1.404053913604478947e-02 1.384340239681398389e-02
1.579534324866840866e-02 1.554585038032515326e-02
1.547053323963873753e-02 1.523119584091997027e-02
1.382141955993502168e-02 1.363038792128326744e-02
1.143793180314478693e-02 1.130710551921139569e-02
2.918258797961912655e-03 2.909742563550030744e-03
3.466473669369587941e-05 3.466353504972583503e-05
0.000000000000000000e+00 0.000000000000000000e+00
7.102237481510790294e-12 7.102237481460348432e-12
8.401596238595113536e-12 8.401596238524526918e-12
8.836397651065542771e-12 8.836397650987461445e-12
1.311201686033927603e-07 1.311201514108941382e-07
1.311201696256540339e-07 1.311201524331551471e-07
1.291792179418981372e-07 1.291792012546278012e-07
1.189986550789072637e-13 1.189986550788931021e-13
1.150694276063950394e-06 1.150692951966633364e-06
4.044502772845453425e-02 3.880922746049907807e-02
7.873360490595426864e-02 7.253462436446736494e-02
8.610596919748390865e-02 7.869173126604586677e-02
8.680059378730950459e-02 7.926625070547999030e-02
7.992765822751482507e-02 7.353922767778039993e-02
2.013739090698268841e-02 1.973187639444205776e-02
6.717172017851706645e-03 6.672051617934296637e-03
6.598033866663527945e-03 6.554499815757889279e-03
3.565891482118528980e-03 3.553175900056283407e-03
1.048013184445718230e-03 1.046914852810946128e-03
6.454405964095318417e-05 6.453989370531824606e-05
0.000000000000000000e+00 0.000000000000000000e+00
0.000000000000000000e+00 0.000000000000000000e+00
0.000000000000000000e+00 0.000000000000000000e+00
2.842455278988596796e-06 2.842447199436583541e-06
2.854477963286360396e-06 2.854469815241917514e-06
2.854477963286360396e-06 2.854469815241917514e-06
2.791096365456655044e-06 2.791088575237733779e-06
4.087376411632639314e-08 4.087376244566180212e-08
0.000000000000000000e+00 0.000000000000000000e+00
0.000000000000000000e+00 0.000000000000000000e+00
0.000000000000000000e+00 0.000000000000000000e+00
0.000000000000000000e+00 0.000000000000000000e+00
