7.134653497801485278e-01 2.044325444432388839e-01
7.134653497801485278e-01 2.044325444432388839e-01
7.134653497801485278e-01 2.044325444432388839e-01
2.808042340867286102e-01 1.169336273839915036e-01
1.387133746428560188e-01 6.142537106201315100e-02
5.447909193956662621e-02 2.590451519138905687e-02
7.458805397835398948e-03 3.726725052891581482e-03
3.934990040734524450e-03 1.965036625805369197e-03
1.287654811135849949e-03 6.421693506552837239e-04
1.225062091042416514e-02 6.114400883324281645e-03
2.187066847225324975e-02 1.050947143044963714e-02
4.470451453917007739e-02 2.086226438952712425e-02
1.905722501924366485e-01 9.812266540898767486e-02
2.544982052095746128e-01 1.192640781331287814e-01
2.529897243711994870e-01 1.204184250789037958e-01
2.580416327444007840e-01 1.097093762990962867e-01
1.983740860355875935e-01 7.380101603156513645e-02
8.536831090554417023e-02 3.545255755907641970e-02
5.042519610917516742e-02 2.266989765193880985e-02
4.593256308104864960e-03 2.275530150540487195e-03
2.198217558633726331e-04 1.098625563273354628e-04
1.351435529892092450e-03 6.738913869545915545e-04
6.457975888401307728e-04 3.224817398943136820e-04
2.278765396758495394e-04 1.138863421205901316e-04
5.492786741916899515e-05 2.746091663896528081e-05
5.490645580608306196e-05 2.745021318415234455e-05
8.632650733596794110e-05 4.315580140211514314e-05
7.925768326749239347e-04 3.956602383017689324e-04
8.493854179649653452e-05 4.246205634236575118e-05
3.331703490968368432e-05 1.665740743002667055e-05
9.307444542203750421e-07 4.653713608249484699e-07
4.911563060009966142e-06 2.455757406553290526e-06
3.450108858040855742e-06 1.725042525769295434e-06
1.962287233478076558e-04 9.807585596203711520e-05
1.626179377508878707e-03 8.118851020247249686e-04
1.784713024263444607e-03 8.891713115527467241e-04
5.850688016774572772e-04 2.921920953360323463e-04
1.677526622859374685e-03 8.359492158592854178e-04
4.826750849200911291e-03 2.429297741500894940e-03
4.116309409770709839e-03 2.041210701728387970e-03
4.600700122112902357e-03 2.295085586479173045e-03
3.769887556115062831e-03 1.874517597835184592e-03
7.134653497801485278e-01 2.044325444432388839e-01
7.134653497801485278e-01 2.044325444432388839e-01
7.134653497801485278e-01 2.044325444432388839e-01
7.134653497801485278e-01 2.044325444432388839e-01
1.381051438812054277e-01 6.053316925208200583e-02
4.229043667582726984e-02 2.011468539217057053e-02
1.909236429397866142e-02 9.289130258150537015e-03
5.037361052497754156e-03 2.505727867727370554e-03
1.819940670431402160e-03 9.085537544276853488e-04
2.800418540991339231e-02 1.348712380845847568e-02
4.578611371517257028e-02 2.136124880403557358e-02
1.020390023532762452e-01 4.508118754727778732e-02
2.799313598944335735e-01 1.354907192853772868e-01
2.865337625602034644e-01 1.331824871926166054e-01
3.400882939928192572e-01 1.170719835012972998e-01
2.231923322326740955e-01 6.883275765289126324e-02
1.070100682598471159e-01 4.211218975916925650e-02
6.455184341533440340e-02 2.810898121934934935e-02
4.996280057234063487e-02 2.248511884513883577e-02
6.391238281721620567e-06 3.195578292934036337e-06
2.963734123142147029e-18 1.481867061571073515e-18
8.839346427440869145e-05 4.418891873267791128e-05
2.407937864853274630e-04 1.203389115950537956e-04
5.903135797115869460e-05 2.951219428435542701e-05
1.967946316626616468e-12 9.839731583094354698e-13
6.582389073218795048e-12 3.291194536566069496e-12
4.222193106181202049e-05 2.110918283944342213e-05
1.992806847134081269e-04 9.960062956540421193e-05
8.343786933662333585e-06 4.171823848050772557e-06
1.526148193305253416e-06 7.630717675243188145e-07
1.019660797220865436e-19 5.098303986104327179e-20
2.620877926253955372e-13 1.310438963126290809e-13
3.035388893392329487e-17 1.517694446696164743e-17
2.079515070555615144e-05 1.039714291448520882e-05
1.048303487246772655e-03 5.230528034220125995e-04
4.067767620847133380e-04 2.032229137081845529e-04
2.463008915123146244e-04 1.230897816269975551e-04
3.363595356775659403e-03 1.670483904663706961e-03
6.306149318326542685e-03 3.129255262576356982e-03
6.778330839194872393e-03 3.347611413308014018e-03
7.878779692645164132e-03 3.901367359580961997e-03
4.588581758670925992e-03 2.285714517322324623e-03
7.134653497801485278e-01 2.044325444432388839e-01
7.134653497801485278e-01 2.044325444432388839e-01
7.134653497801485278e-01 2.044325444432388839e-01
7.134653497801485278e-01 2.044325444432388839e-01
7.134653497801485278e-01 2.044325444432388839e-01
6.857306344682741195e-02 3.207545240633916106e-02
2.277040849332154573e-02 1.109859698800701872e-02
2.297120122461811242e-02 1.120426539330154382e-02
2.566177378441677343e-02 1.263181811963698560e-02
6.937234732952804461e-02 3.226347689187177015e-02
2.244827521132143067e-01 1.180726315522131337e-01
3.209691486460832799e-01 1.456017241787070926e-01
3.322775727228909348e-01 1.500733975579452983e-01
3.757365355791708605e-01 1.307139713830066940e-01
3.329361089047351285e-01 1.189660228619833504e-01
1.851617081269376353e-01 6.181537072555348677e-02
8.986939076146756300e-02 3.685931930533366263e-02
7.183986383672690684e-04 3.586832225800265614e-04
1.546944397070474991e-04 7.732328948384747480e-05
7.893036912524278379e-06 3.946456156230437029e-06
2.215171499161925135e-10 1.107585749090264035e-10
1.430546511459547936e-06 7.152712092664525473e-07
4.386447798823406664e-06 2.193204658487411326e-06
4.093180945177704821e-06 2.046573718458602460e-06
1.079457466080860457e-10 5.397287329239073637e-11
1.151909266259598392e-10 5.759546329971097320e-11
4.360696220747480183e-06 2.180329094702210627e-06
8.035692768456663090e-05 4.017200660645641071e-05
5.582509088648432125e-13 2.791254544321099494e-13
9.155116702000845655e-15 4.577558351000339208e-15
5.349303071592522231e-15 2.674651535796232322e-15
1.585784795056710688e-06 7.928898828149390775e-07
1.934611783324243471e-18 9.673058916621217353e-19
2.512523960651894946e-05 1.256198852559418933e-05
2.462072652994044732e-03 1.224974524748401183e-03
4.168299492219996842e-04 2.082412274044314270e-04
2.468124438862546923e-04 1.233453055606702372e-04
1.664892401436627494e-03 8.296743340099523717e-04
5.121156607798866764e-03 2.552040951354771648e-03
7.650674037361885824e-03 3.766804205454979751e-03
9.201333700500179472e-03 4.546562720757662407e-03
8.691625097547480208e-03 4.306866792492747981e-03
2.808042340867286102e-01 1.169336273839915036e-01
7.134653497801485278e-01 2.044325444432388839e-01
7.134653497801485278e-01 2.044325444432388839e-01
7.134653497801485278e-01 2.044325444432388839e-01
7.134653497801485278e-01 2.044325444432388839e-01
7.134653497801485278e-01 2.044325444432388839e-01
8.354190550684352512e-02 3.916015385304280616e-02
4.304682198948756727e-02 2.060388791418872600e-02
8.373836219813514392e-02 3.854499633649909746e-02
2.642260794972595694e-01 1.200361557184833339e-01
3.163983285650620036e-01 1.455186037889168726e-01
3.414891533206812491e-01 1.599040710415243483e-01
4.011379405197966208e-01 1.371371993093627450e-01
2.688163392585817824e-01 8.109636145603049684e-02
1.269412423224826336e-01 4.796437248068124992e-02
9.811147986477733451e-02 3.963486807381611660e-02
8.204814936628715416e-02 3.429217586871100704e-02
8.965379081327585323e-06 4.482609162641720698e-06
4.673409802233557259e-04 2.334520825198817295e-04
7.253782733420947266e-06 3.626838749346530077e-06
1.375605316298944208e-06 6.878007658594858407e-07
1.774147117724654910e-06 8.870704112643321660e-07
1.451682009934274821e-07 7.258407942290715785e-08
1.355802625363291899e-07 6.779011288615701148e-08
3.618758552971905846e-12 1.809379276472857580e-12
6.892008867265717879e-11 3.446004433157860813e-11
6.676490886309482415e-09 3.338245398579210496e-09
1.022026643234610740e-05 5.110028762327105630e-06
2.091980280253593862e-08 1.045990096362982029e-08
2.090843882218932037e-08 1.045421897393184554e-08
9.540956805087145412e-07 4.770469299557896787e-07
3.410988698806400838e-11 1.705494349286851973e-11
5.532800424567338107e-11 2.766400211977550188e-11
7.615069170878375115e-05 3.806954692654415141e-05
1.356494606802753416e-04 6.780632956395481507e-05
4.120290661575984510e-04 2.058447651274405207e-04
5.204939575942527184e-04 2.599760648372342474e-04
2.347044824629929832e-03 1.168013792906142734e-03
7.686356693851497182e-03 3.819880815840988406e-03
1.374858468068798113e-02 6.734658870827398176e-03
2.687304729779009874e-02 1.313072203311196895e-02
2.834854991066690019e-02 1.374917867848969404e-02
1.387133746428560188e-01 6.142537106201315100e-02
1.381051438812054277e-01 6.053316925208200583e-02
7.134653497801485278e-01 2.044325444432388839e-01
7.134653497801485278e-01 2.044325444432388839e-01
7.134653497801485278e-01 2.044325444432388839e-01
7.134653497801485278e-01 2.044325444432388839e-01
7.134653497801485278e-01 2.044325444432388839e-01
2.367077381163463778e-01 9.772046938269551841e-02
2.948510274735708925e-01 1.342650700842855371e-01
3.945979607008732182e-01 1.681297212148032127e-01
3.654139786920553301e-01 1.562964113966362201e-01
3.840983930545190383e-01 1.375055703139008711e-01
3.621068716521186337e-01 1.291225732438125162e-01
1.799671143685467045e-01 6.021020520600478543e-02
9.947213855474539013e-02 3.993386662955979161e-02
8.090091978086364280e-03 3.989865480334579828e-03
6.776854609318653220e-05 3.387968047075368388e-05
4.488457953473154019e-06 2.244208830481776770e-06
2.898003473597757750e-06 1.448993338374745791e-06
7.036817468485469690e-06 3.518359217442649921e-06
2.172352342260794144e-10 1.086176170658485621e-10
2.276773996944039463e-06 1.138381814772186650e-06
7.401015724311754329e-09 3.700507807380843473e-09
4.836435493206894934e-10 2.418217744264336825e-10
6.449092587236738713e-10 3.224546289459289727e-10
1.543860164839032403e-09 7.719300800360120169e-10
7.881018599279169082e-10 3.940509293428539163e-10
2.330351326519979707e-08 1.165175608954616823e-08
3.921480675483498023e-10 1.960740336203947875e-10
5.408926731186177555e-14 2.704463365592796268e-14
2.090794156899779897e-08 1.045397034735687851e-08
1.716300992708721227e-10 8.581504960597916452e-11
6.756216495052701886e-12 3.378108247480704548e-12
2.013006638986160934e-13 1.006503319492675308e-13
5.332073695136285230e-04 2.663193746579105943e-04
1.135771603323160682e-04 5.677568039480887822e-05
5.848733928467992216e-04 2.920946195377394821e-04
1.224202611062158962e-03 6.106026334981480563e-04
6.180208905048711725e-03 3.059995180869423854e-03
1.318401859115523982e-02 6.420661725079567818e-03
2.022475269420402622e-02 9.931572618191778640e-03
3.702178518327298856e-02 1.762743974436239633e-02
5.447909193956662621e-02 2.590451519138905687e-02
4.229043667582726984e-02 2.011468539217057053e-02
6.857306344682741195e-02 3.207545240633916106e-02
7.134653497801485278e-01 2.044325444432388839e-01
7.134653497801485278e-01 2.044325444432388839e-01
7.134653497801485278e-01 2.044325444432388839e-01
7.134653497801485278e-01 2.044325444432388839e-01
7.134653497801485278e-01 2.044325444432388839e-01
4.328295138698006195e-01 1.692172387757256979e-01
4.113604729435937357e-01 1.781104970182013358e-01
4.258733729837964055e-01 1.477020250017471170e-01
2.323132879875217938e-01 7.358295322011154660e-02
1.285624100631463929e-01 4.851664542022206955e-02
9.774943890983307793e-02 3.933416261385740131e-02
8.548931428557442203e-02 3.543701638853384572e-02
1.133719008094684908e-04 5.667309721706257703e-05
1.385810946405748300e-05 6.928862684830823710e-06
7.138272428625828864e-06 3.569085259379649325e-06
5.083966005711532428e-06 2.541957156145419026e-06
1.148924195220248976e-05 5.744488973420609811e-06
6.853312182219217662e-07 3.426651394320822328e-07
1.068510512683539529e-06 5.342541146270540479e-07
8.304250639653170384e-08 4.152124630220798573e-08
2.966398096305836228e-10 1.483199047272966222e-10
6.656224934392944098e-10 3.328112462765939143e-10
9.046878099178740660e-10 4.523439041404770238e-10
4.608164013403118378e-11 2.304082006489207385e-11
1.542518457284221013e-09 7.712592262627472913e-10
2.225099754196576253e-11 1.112549877048777489e-11
1.022915249680713045e-10 5.114576247357209540e-11
2.090785912461210807e-08 1.045392912516748074e-08
8.550341771830099770e-08 4.275170154831605674e-08
2.095873774302570034e-08 1.047936843224416272e-08
6.510190236920049192e-07 3.255090880202332695e-07
3.512757620703420525e-05 1.756255415690692191e-05
4.342972305064888888e-05 2.171297538448018971e-05
6.957715884608244787e-05 3.478373844200813222e-05
5.267371002925694918e-04 2.630910981734601033e-04
1.830462545375059714e-03 9.118806795575089014e-04
1.410454744732789548e-02 6.856000192528214840e-03
2.626358122767743011e-02 1.295200214051997131e-02
7.031693917853663878e-02 3.173565876111100748e-02
7.458805397835398948e-03 3.726725052891581482e-03
1.909236429397866142e-02 9.289130258150537015e-03
2.277040849332154573e-02 1.109859698800701872e-02
8.354190550684352512e-02 3.916015385304280616e-02
7.134653497801485278e-01 2.044325444432388839e-01
7.134653497801485278e-01 2.044325444432388839e-01
7.134653497801485278e-01 2.044325444432388839e-01
7.134653497801485278e-01 2.044325444432388839e-01
7.134653497801485278e-01 2.044325444432388839e-01
4.123159998385956260e-01 1.674981717234687584e-01
3.632113299592822919e-01 1.309326247362955775e-01
1.842565591124457614e-01 6.138903682056980060e-02
9.321669929567463764e-02 3.793186797965288071e-02
3.400408132678362384e-03 1.688641290870395969e-03
1.163054660548505333e-04 5.813920606599103287e-05
1.295155184515447629e-05 6.475608180979423261e-06
1.371581796208584570e-06 6.857890168676686080e-07
1.419173932535627205e-06 7.095849522131628247e-07
5.315336794293452427e-13 2.657668397143900955e-13
4.668622775806865586e-06 2.334289591864809917e-06
1.636622747513931549e-09 8.183113710784318044e-10
1.276442633921764900e-06 6.382196876550847295e-07
2.294915883974785672e-09 1.147457936720753935e-09
8.575349968255321184e-11 4.287674983392294443e-11
7.091339563183142157e-11 3.545669781088700196e-11
1.103245403001489241e-09 5.516227002835941541e-10
4.571213447362972650e-10 2.285606721591886960e-10
5.545622622006441360e-09 2.772811280249290293e-09
2.523880203616967828e-10 1.261940101171486858e-10
2.101020473963316289e-08 1.050510192838787892e-08
2.090785912953301546e-08 1.045392912762793444e-08
6.597637843772370699e-07 3.298814569003673569e-07
3.849586172387408683e-08 1.924792938000567349e-08
2.318363680145859838e-08 1.159181786324828468e-08
8.238123741696981475e-06 4.118994004165707311e-06
5.391071413439531640e-06 2.695506643068781113e-06
6.544135822606962931e-05 3.271639654166834025e-05
6.815020262509701560e-05 3.407045686243066941e-05
1.526422158829335469e-03 7.608811148077025514e-04
1.011846019995320950e-02 4.960984956073681042e-03
1.867737974973697479e-02 9.038590382109327678e-03
6.820352872813933987e-02 3.057027069945431400e-02
3.934990040734524450e-03 1.965036625805369197e-03
5.037361052497754156e-03 2.505727867727370554e-03
2.297120122461811242e-02 1.120426539330154382e-02
4.304682198948756727e-02 2.060388791418872600e-02
2.367077381163463778e-01 9.772046938269551841e-02
7.134653497801485278e-01 2.044325444432388839e-01
7.134653497801485278e-01 2.044325444432388839e-01
7.134653497801485278e-01 2.044325444432388839e-01
7.134653497801485278e-01 2.044325444432388839e-01
7.134653497801485278e-01 2.044325444432388839e-01
2.572647715384477340e-01 9.594843076160219919e-02
1.075830046547060770e-01 4.251602839268481954e-02
8.612672926246302263e-02 3.566248325666916685e-02
1.442051601399023755e-04 7.208178494174021726e-05
5.615567378149201913e-05 2.807468343104815598e-05
1.080062509091228301e-06 5.400300880105905594e-07
2.897722809278610162e-06 1.448853007841825715e-06
8.133100176656236135e-07 4.066543473596269467e-07
4.035951572178585108e-07 2.017974157198783335e-07
5.261873203323046361e-06 2.630908914351915531e-06
2.964036863084156866e-06 1.482009646027552718e-06
3.066906234087524949e-06 1.533443711129913745e-06
8.039869881501916149e-07 4.019928476800187157e-07
6.455918150620120353e-09 3.227959033631181140e-09
2.580010882709189136e-10 1.290005440688948888e-10
4.050163663932476017e-07 2.025080191583667511e-07
2.056406542760705501e-10 1.028203270957471913e-10
6.806927391137836089e-09 3.424182397888298057e-09
4.040884508674739727e-07 2.020456512535519933e-07
5.780346358313718113e-07 2.890392347168811205e-07
4.035913273952554566e-07 2.017955008116681855e-07
1.939938427221379847e-07 9.699688372745797185e-08
3.803553076278784407e-08 1.901776393469231998e-08
1.713230967237999790e-08 8.566154542673964930e-09
2.313117951107173618e-08 1.156558922048440215e-08
8.030301796334874789e-14 4.015150898166792422e-14
6.521524770423360420e-07 3.260758132183147195e-07
7.459356631876078907e-05 3.729121895924424231e-05
1.658322097305106949e-02 8.016607268684493304e-03
7.696988488174112686e-02 3.257897136215461703e-02
1.664307398078823386e-01 5.678384944495883102e-02
2.282554240711824611e-01 7.397358584731722475e-02
1.287654811135849949e-03 6.421693506552837239e-04
1.819940670431402160e-03 9.085537544276853488e-04
2.566177378441677343e-02 1.263181811963698560e-02
8.373836219813514392e-02 3.854499633649909746e-02
2.948510274735708925e-01 1.342650700842855371e-01
4.328295138698006195e-01 1.692172387757256979e-01
7.134653497801485278e-01 2.044325444432388839e-01
7.134653497801485278e-01 2.044325444432388839e-01
7.134653497801485278e-01 2.044325444432388839e-01
7.134653497801485278e-01 2.044325444432388839e-01
7.134653497801485278e-01 2.044325444432388839e-01
6.892946658270883431e-02 2.987593792588656705e-02
7.492678585667781645e-03 3.691245544954174784e-03
1.121619019473336798e-05 5.607969294444199459e-06
6.711220283713466227e-06 3.355565101379036696e-06
1.317355864557754325e-06 6.586761968524032265e-07
2.897723866615397578e-06 1.448853536504091564e-06
1.038454359029433992e-06 5.192261011272611574e-07
2.336370165950144504e-10 1.169274361498376903e-10
4.935946198229737057e-06 2.467948735549996688e-06
3.735858266140454268e-06 1.867915176433242461e-06
2.925542570600240404e-06 1.462762726500787788e-06
9.302729079876559161e-08 4.651363674530596309e-08
5.958790584482296230e-08 2.979394937169295868e-08
3.927428181939082284e-09 1.963714075544849074e-09
1.356761121540009298e-09 6.783805589292039448e-10
4.404419681160389434e-10 2.202209838640303410e-10
1.067971275141911000e-08 5.339856261653290534e-09
1.794198156947228263e-10 8.970990781516994770e-11
4.035920967984448173e-07 2.017958855126418054e-07
1.867538151333238559e-08 9.337690407896318617e-09
5.062175663423351429e-07 2.531085269149430938e-07
3.802819255006092264e-08 1.901409482888703412e-08
1.026282174390050837e-07 5.131409818695152393e-08
2.313130645273668045e-08 1.156565269131100130e-08
1.408491418492286515e-15 7.042457092461412855e-16
4.305716327038377139e-08 2.152857978127257681e-08
2.714846523767429432e-05 1.357349557967238565e-05
2.122080779172624485e-02 1.016008121252973302e-02
2.452291029793584320e-01 6.248184963451305918e-02
3.483701725275500372e-01 6.781343991223751089e-02
3.832206913110676183e-01 1.059727650210670613e-01
1.225062091042416514e-02 6.114400883324281645e-03
2.800418540991339231e-02 1.348712380845847568e-02
6.937234732952804461e-02 3.226347689187177015e-02
2.642260794972595694e-01 1.200361557184833339e-01
3.945979607008732182e-01 1.681297212148032127e-01
4.113604729435937357e-01 1.781104970182013358e-01
4.123159998385956260e-01 1.674981717234687584e-01
7.134653497801485278e-01 2.044325444432388839e-01
7.134653497801485278e-01 2.044325444432388839e-01
7.134653497801485278e-01 2.044325444432388839e-01
7.134653497801485278e-01 2.044325444432388839e-01
7.134653497801485278e-01 2.044325444432388839e-01
1.247153667631162137e-02 6.156364835770832857e-03
1.202338643023480227e-03 5.997275797010721788e-04
2.357951115673344197e-05 1.180129892789577039e-05
1.628991432550951643e-05 8.145081444847821725e-06
5.570253615561572505e-06 2.785095780055656592e-06
3.625906302334637809e-06 1.812940992157631222e-06
5.372707782619346990e-06 2.686502234887656097e-06
8.579512538135917590e-06 4.289767354219650832e-06
4.176121823206448814e-06 2.088090168285314875e-06
4.680607639845731052e-06 2.340281926495768107e-06
2.698877905094000654e-06 1.349500061743899768e-06
3.491015885208301109e-06 1.745495755412239725e-06
2.895329212998394479e-06 1.447656223567945588e-06
2.142563812200751944e-06 1.071277315520686607e-06
1.420083446476631635e-06 7.100397066013208815e-07
1.180674762788421139e-06 5.903359874013150837e-07
4.075264917310796691e-07 2.037630797876983604e-07
1.073057907772020589e-06 5.365278024327368722e-07
4.085697826857938350e-07 2.042847244136295979e-07
2.452177761331615208e-06 1.226088933860155165e-06
3.804801009400981861e-08 1.902400359935383626e-08
4.844869869437861241e-07 2.422432587442525304e-07
5.611249786420437218e-06 2.805593407086052819e-06
2.648821555062417753e-06 1.324403761275578317e-06
3.879603877584844559e-06 1.939786887466175188e-06
9.835436715400626417e-02 3.950360203873806708e-02
2.558494000322373285e-01 6.246578451926286524e-02
4.188529433491232079e-01 9.757314478867074037e-02
5.083149419776809008e-01 1.490577880460626781e-01
4.919771035095757972e-01 1.546183483639575751e-01
2.187066847225324975e-02 1.050947143044963714e-02
4.578611371517257028e-02 2.136124880403557358e-02
2.244827521132143067e-01 1.180726315522131337e-01
3.163983285650620036e-01 1.455186037889168726e-01
3.654139786920553301e-01 1.562964113966362201e-01
4.258733729837964055e-01 1.477020250017471170e-01
3.632113299592822919e-01 1.309326247362955775e-01
2.572647715384477340e-01 9.594843076160219919e-02
7.134653497801485278e-01 2.044325444432388839e-01
7.134653497801485278e-01 2.044325444432388839e-01
7.134653497801485278e-01 2.044325444432388839e-01
7.134653497801485278e-01 2.044325444432388839e-01
7.134653497801485278e-01 2.044325444432388839e-01
4.415348992964209483e-03 2.191745360108869091e-03
5.575553137652829042e-04 2.800736759367393469e-04
6.093509266938064472e-05 3.046392600497258412e-05
1.058714315688849966e-08 5.300237430989878993e-09
6.658585432484323873e-06 3.329248379482200272e-06
4.591381486973589583e-06 2.295669767678835091e-06
6.136289133077587672e-06 3.068107052119295342e-06
4.092151741146963321e-06 2.046059124867609222e-06
2.750648052089731287e-07 1.375323269438395040e-07
1.114809899904459366e-09 5.574049487094285530e-10
2.388483776624792251e-07 1.194241317826921095e-07
5.428508327019597227e-09 2.714254134041095967e-09
3.484663142334042225e-08 1.742331449738248877e-08
4.182389890839442939e-09 2.091194927927336365e-09
8.322290959721936401e-08 4.161144787255700272e-08
2.549896541406418249e-08 1.274948205683485396e-08
1.967710766021558479e-08 9.838553442919226806e-09
2.635889864972664884e-07 1.317944237694794523e-07
4.865866282379733924e-07 2.432931314417071734e-07
3.806502742220723438e-08 1.903251226215730503e-08
1.129468754909229619e-06 5.647331017549464644e-07
1.380784514654369495e-04 6.902016007395937725e-05
1.023422350437477391e-03 5.106637819113637403e-04
1.746559065086858431e-02 8.427748468650584149e-03
2.298731256879703866e-01 6.209490893042775989e-02
3.945384979530398573e-01 8.077873497024021243e-02
4.738435700042997745e-01 1.306401679206500854e-01
4.289593970215516694e-01 1.878180242999383243e-01
3.140233848593826371e-01 2.063169325190574444e-01
4.470451453917007739e-02 2.086226438952712425e-02
1.020390023532762452e-01 4.508118754727778732e-02
3.209691486460832799e-01 1.456017241787070926e-01
3.414891533206812491e-01 1.599040710415243483e-01
3.840983930545190383e-01 1.375055703139008711e-01
2.323132879875217938e-01 7.358295322011154660e-02
1.842565591124457614e-01 6.138903682056980060e-02
1.075830046547060770e-01 4.251602839268481954e-02
6.892946658270883431e-02 2.987593792588656705e-02
7.134653497801485278e-01 2.044325444432388839e-01
7.134653497801485278e-01 2.044325444432388839e-01
7.134653497801485278e-01 2.044325444432388839e-01
7.134653497801485278e-01 2.044325444432388839e-01
7.134653497801485278e-01 2.044325444432388839e-01
3.821318030042344244e-03 1.898271468333008211e-03
2.062041973441121952e-04 1.044317832009597513e-04
5.492000699986008387e-06 2.745974175949135220e-06
2.518462055456764342e-05 1.259173524628547914e-05
5.829630499935249570e-06 2.914781509511639425e-06
9.672012681127679676e-06 4.835912792734536351e-06
4.136260972377577629e-06 2.068113377533957158e-06
5.188734660209434321e-08 2.594367060875043413e-08
1.586998813063408243e-07 7.934991546751809008e-08
1.943995924660195665e-06 9.719941832099427710e-07
5.633898982514140612e-07 2.816946317175295972e-07
1.145695019257745620e-07 5.728473783671650813e-08
1.377815859225612518e-06 6.889060312362643241e-07
2.927118866182541037e-07 1.463558576288784746e-07
7.660028268213052324e-08 3.830013547346195552e-08
2.273184437517156315e-07 1.136591702021829464e-07
2.712711030023915949e-07 1.356354779131844666e-07
4.144786755150030738e-06 2.072376198317769603e-06
3.291657553517844438e-06 1.645817941749472485e-06
4.656946057827360539e-06 2.328451341767094864e-06
2.771057341302426914e-04 1.384760794772334767e-04
9.626268690337345946e-02 3.886483856182981755e-02
2.052297677810945298e-01 6.049562630706527971e-02
3.614637383853274155e-01 5.520094927279836639e-02
5.189954769352314035e-01 1.527037090529139163e-01
5.204803313104741092e-01 1.536648350829218357e-01
3.449893328851678098e-01 1.364566797038268275e-01
1.627020496073394162e-01 5.571768008985260312e-02
1.905722501924366485e-01 9.812266540898767486e-02
2.799313598944335735e-01 1.354907192853772868e-01
3.322775727228909348e-01 1.500733975579452983e-01
4.011379405197966208e-01 1.371371993093627450e-01
3.621068716521186337e-01 1.291225732438125162e-01
1.285624100631463929e-01 4.851664542022206955e-02
9.321669929567463764e-02 3.793186797965288071e-02
8.612672926246302263e-02 3.566248325666916685e-02
7.492678585667781645e-03 3.691245544954174784e-03
1.247153667631162137e-02 6.156364835770832857e-03
7.134653497801485278e-01 2.044325444432388839e-01
7.134653497801485278e-01 2.044325444432388839e-01
7.134653497801485278e-01 2.044325444432388839e-01
7.134653497801485278e-01 2.044325444432388839e-01
7.134653497801485278e-01 2.044325444432388839e-01
1.746521568925395868e-02 8.646633586926291345e-03
6.953183605482328162e-05 3.476394588569484871e-05
6.412881517099414878e-05 3.206075814648523569e-05
7.898074151200341680e-06 3.949018422907974348e-06
3.827451420460146149e-06 1.913711215131304627e-06
3.727228858234960406e-09 1.863614415225245272e-09
7.947251132245287579e-09 3.973727315015927590e-09
3.200753470357402497e-09 1.600376724933878490e-09
4.313555129171991545e-11 2.156777564399928279e-11
7.559658601486259417e-15 3.779829300743072911e-15
4.468939731939227001e-08 2.234469666255390111e-08
1.103169470055635182e-13 5.515847350276959172e-14
8.584833456261897321e-08 4.292415991137293679e-08
5.568035677959897411e-08 2.784017528949735504e-08
2.561602089906720837e-09 1.280801038391555202e-09
2.816497821426331361e-07 1.408248117447167883e-07
4.695451275687838764e-06 2.347703590581237064e-06
3.784174238599232669e-06 1.892072799324948272e-06
7.380528113552941487e-04 3.684816899489296244e-04
6.761787697703121325e-02 2.923984520485376284e-02
2.841563641527354300e-01 6.133752853883822631e-02
3.849905086543796706e-01 7.362264638947726980e-02
4.666061999746776712e-01 1.269182937261465471e-01
4.500063794420363084e-01 1.859365852629496496e-01
3.265570942739537963e-01 2.172990327749236283e-01
1.735160398047799757e-01 6.560954242274602555e-02
6.487015561741566079e-03 3.202378052883782505e-03
2.544982052095746128e-01 1.192640781331287814e-01
2.865337625602034644e-01 1.331824871926166054e-01
3.757365355791708605e-01 1.307139713830066940e-01
2.688163392585817824e-01 8.109636145603049684e-02
1.799671143685467045e-01 6.021020520600478543e-02
9.774943890983307793e-02 3.933416261385740131e-02
3.400408132678362384e-03 1.688641290870395969e-03
1.442051601399023755e-04 7.208178494174021726e-05
1.121619019473336798e-05 5.607969294444199459e-06
1.202338643023480227e-03 5.997275797010721788e-04
4.415348992964209483e-03 2.191745360108869091e-03
7.134653497801485278e-01 2.044325444432388839e-01
7.134653497801485278e-01 2.044325444432388839e-01
7.134653497801485278e-01 2.044325444432388839e-01
7.134653497801485278e-01 2.044325444432388839e-01
7.134653497801485278e-01 2.044325444432388839e-01
6.037884858571138103e-02 2.711563088394590079e-02
6.880480423247644847e-04 3.435562503122557474e-04
2.541774421688930419e-05 1.270824228147333567e-05
4.371273879629045909e-05 2.185446144925652642e-05
2.220752712502110101e-08 1.110376306933628925e-08
2.755989716446397043e-08 1.377994782268405341e-08
2.772222946811299510e-08 1.386111396553449154e-08
5.787391072037631948e-08 2.893695201079861879e-08
3.547950181326985050e-08 1.773974964783987653e-08
2.888457712828060975e-07 1.444228022095234648e-07
4.654580117753999991e-06 2.327268393760927549e-06
4.149442950976701600e-06 2.074704257611547517e-06
3.445031065177586549e-08 1.722515413906402948e-08
7.622337043014476502e-07 3.811162711505038712e-07
4.889854391428670472e-06 2.444903285038365974e-06
4.452520082773231072e-05 2.226147714880264241e-05
2.229099488016528553e-05 1.114500055162989436e-05
9.581600263915061866e-02 3.872729495996209137e-02
2.596346667923088991e-01 6.241331454131789080e-02
3.991792256812247142e-01 8.290291294825574697e-02
5.175631647217362463e-01 1.520111154964065570e-01
5.192289089696663362e-01 1.542077477618576942e-01
3.603498100608777399e-01 1.488028785727285030e-01
1.793210121248733357e-01 7.120124715456893627e-02
9.525358983249274103e-02 3.855354854026960681e-02
1.845857014684117430e-03 9.195213192253066372e-04
2.529897243711994870e-01 1.204184250789037958e-01
3.400882939928192572e-01 1.170719835012972998e-01
3.329361089047351285e-01 1.189660228619833504e-01
1.269412423224826336e-01 4.796437248068124992e-02
9.947213855474539013e-02 3.993386662955979161e-02
8.548931428557442203e-02 3.543701638853384572e-02
1.163054660548505333e-04 5.813920606599103287e-05
5.615567378149201913e-05 2.807468343104815598e-05
6.711220283713466227e-06 3.355565101379036696e-06
2.357951115673344197e-05 1.180129892789577039e-05
5.575553137652829042e-04 2.800736759367393469e-04
3.821318030042344244e-03 1.898271468333008211e-03
7.134653497801485278e-01 2.044325444432388839e-01
7.134653497801485278e-01 2.044325444432388839e-01
7.134653497801485278e-01 2.044325444432388839e-01
7.134653497801485278e-01 2.044325444432388839e-01
7.134653497801485278e-01 2.044325444432388839e-01
5.781921827733887964e-02 2.560011660589521509e-02
8.074984924630854198e-04 4.031036392250544323e-04
1.211672418473400913e-05 6.058230951284542945e-06
6.824445809225793834e-11 3.412222904147166444e-11
9.208537074866665295e-08 4.604267689461782229e-08
1.404210279352023033e-07 7.021049559040590648e-08
1.362039272545655778e-08 6.810196177213180806e-09
1.096526250325579329e-11 5.482631251507659804e-12
1.136986145787037197e-08 5.684930599661436131e-09
1.479308317787367093e-04 7.394353235838057030e-05
2.028675567330369512e-05 1.014296628419609936e-05
6.799463703743306549e-09 3.399731805638946442e-09
5.905919141897319117e-06 2.952924691067749107e-06
2.073293062088022039e-05 1.036603545602797942e-05
2.640963113398191197e-04 1.319785040678978438e-04
4.755345052254618399e-03 2.355059372980677652e-03
2.770080568990754277e-01 6.181613700763984032e-02
3.924044769059780169e-01 7.820496474887606020e-02
4.862080589852877943e-01 1.364235391732782354e-01
4.246659316139240747e-01 1.940607298399855685e-01
3.294687713254949024e-01 2.194407528430676046e-01
1.764943318082669577e-01 6.856735390411927700e-02
1.003654198741009244e-02 4.925086148936695836e-03
4.663242086366702803e-04 2.329446460507745209e-04
2.552961673557880614e-06 1.276474319165633579e-06
2.580416327444007840e-01 1.097093762990962867e-01
2.231923322326740955e-01 6.883275765289126324e-02
1.851617081269376353e-01 6.181537072555348677e-02
9.811147986477733451e-02 3.963486807381611660e-02
8.090091978086364280e-03 3.989865480334579828e-03
1.133719008094684908e-04 5.667309721706257703e-05
1.295155184515447629e-05 6.475608180979423261e-06
1.080062509091228301e-06 5.400300880105905594e-07
1.317355864557754325e-06 6.586761968524032265e-07
1.628991432550951643e-05 8.145081444847821725e-06
6.093509266938064472e-05 3.046392600497258412e-05
2.062041973441121952e-04 1.044317832009597513e-04
1.746521568925395868e-02 8.646633586926291345e-03
7.134653497801485278e-01 2.044325444432388839e-01
7.134653497801485278e-01 2.044325444432388839e-01
7.134653497801485278e-01 2.044325444432388839e-01
7.134653497801485278e-01 2.044325444432388839e-01
7.134653497801485278e-01 2.044325444432388839e-01
7.059691407654260058e-03 3.524014932843857941e-03
1.923752282993197596e-03 9.663868006060996043e-04
5.427893005395462831e-07 2.713943556495483460e-07
1.189228110719628715e-04 5.944726293166746823e-05
4.273369865154332675e-03 2.166935554332444138e-03
4.800531555770182749e-05 2.400035326852911871e-05
1.463626540502963401e-05 7.317918482249810958e-06
3.644036372406353279e-04 1.820690286094834697e-04
8.776444872577609559e-04 4.380519837828665422e-04
4.969750630343096288e-04 2.482405473038813552e-04
1.553493580071079469e-04 7.765054558052074678e-05
2.291337664339473577e-04 1.145143809340534746e-04
4.052273362741922770e-04 2.024494679055742030e-04
9.492442978965362488e-02 3.855598186998582255e-02
9.980570687627496329e-02 3.994168230089770177e-02
3.275350131053810787e-01 8.479379387105388799e-02
5.212058581939660318e-01 1.534637245889196033e-01
5.202180628229661208e-01 1.537128999585906652e-01
3.379646398328639001e-01 1.308946695649399194e-01
1.877426563162108986e-01 5.907401810201375753e-02
1.131241702271762323e-01 4.376500722400097215e-02
2.182959126942187172e-03 1.086714252921193447e-03
3.307477408350517969e-03 1.642799297368509933e-03
4.987753005718021965e-05 2.493627726058550613e-05
1.983740860355875935e-01 7.380101603156513645e-02
1.070100682598471159e-01 4.211218975916925650e-02
8.986939076146756300e-02 3.685931930533366263e-02
8.204814936628715416e-02 3.429217586871100704e-02
6.776854609318653220e-05 3.387968047075368388e-05
1.385810946405748300e-05 6.928862684830823710e-06
1.371581796208584570e-06 6.857890168676686080e-07
2.897722809278610162e-06 1.448853007841825715e-06
2.897723866615397578e-06 1.448853536504091564e-06
5.570253615561572505e-06 2.785095780055656592e-06
1.058714315688849966e-08 5.300237430989878993e-09
5.492000699986008387e-06 2.745974175949135220e-06
6.953183605482328162e-05 3.476394588569484871e-05
6.037884858571138103e-02 2.711563088394590079e-02
7.134653497801485278e-01 2.044325444432388839e-01
7.134653497801485278e-01 2.044325444432388839e-01
7.134653497801485278e-01 2.044325444432388839e-01
7.134653497801485278e-01 2.044325444432388839e-01
7.134653497801485278e-01 2.044325444432388839e-01
8.468465690669110552e-04 4.246184684629452266e-04
1.740144762816828420e-06 8.700693537645001121e-07
4.977309878361485182e-03 2.501737064741617420e-03
1.778356033761214344e-02 1.017700937985451838e-02
1.980863334440225430e-04 9.900392852651397830e-05
1.479395817467602488e-05 7.396760226139538078e-06
4.079834891072158833e-04 2.038252940262238403e-04
1.412519557443216471e-03 7.042645672214486487e-04
1.573349240693441885e-03 7.855058037453779059e-04
4.309846032656229815e-04 2.153065554936667595e-04
1.522035681003114556e-04 7.607865016997289920e-05
5.646010314626387361e-02 2.504313019286524833e-02
1.833776687251819359e-01 5.810402438611089043e-02
3.646945445756222259e-01 5.759916474760906624e-02
4.942107941320738607e-01 1.404069312210823595e-01
4.475921228419565967e-01 1.881128910908659857e-01
4.239436759371782437e-01 1.958478638215253032e-01
2.015355666659477130e-01 6.067058137822571584e-02
2.500707950514375992e-03 1.244100435003422109e-03
9.665068744756349223e-05 4.831600236839765622e-05
7.420755488426535784e-06 3.710322676601248934e-06
1.467306994340261857e-04 7.334426430191667780e-05
1.744665919573383003e-06 8.723299159275205452e-07
8.536831090554417023e-02 3.545255755907641970e-02
6.455184341533440340e-02 2.810898121934934935e-02
7.183986383672690684e-04 3.586832225800265614e-04
8.965379081327585323e-06 4.482609162641720698e-06
4.488457953473154019e-06 2.244208830481776770e-06
7.138272428625828864e-06 3.569085259379649325e-06
1.419173932535627205e-06 7.095849522131628247e-07
8.133100176656236135e-07 4.066543473596269467e-07
1.038454359029433992e-06 5.192261011272611574e-07
3.625906302334637809e-06 1.812940992157631222e-06
6.658585432484323873e-06 3.329248379482200272e-06
2.518462055456764342e-05 1.259173524628547914e-05
6.412881517099414878e-05 3.206075814648523569e-05
6.880480423247644847e-04 3.435562503122557474e-04
5.781921827733887964e-02 2.560011660589521509e-02
7.134653497801485278e-01 2.044325444432388839e-01
7.134653497801485278e-01 2.044325444432388839e-01
7.134653497801485278e-01 2.044325444432388839e-01
7.134653497801485278e-01 2.044325444432388839e-01
7.134653497801485278e-01 2.044325444432388839e-01
2.678351714085572960e-02 1.311494477448905960e-02
2.883074617251364397e-03 1.446695697461915057e-03
3.837163262118172685e-02 2.481896187400815107e-02
1.889682177586396450e-02 1.047327500177798291e-02
2.926056229871633568e-04 1.462171934429779712e-04
1.170238859358291869e-03 5.837499706911937090e-04
1.729196893411199306e-03 8.616083248132225779e-04
2.325011576248782724e-03 1.160008248561508531e-03
2.011198618525548553e-03 1.001554389379615126e-03
9.637246802425672443e-02 4.006499462384160298e-02
1.696712003536703650e-01 5.673706949612683514e-02
3.938450648702774837e-01 8.675779942679220924e-02
5.212543643568550156e-01 1.534696069635979043e-01
5.247341384059818203e-01 1.551858955264904805e-01
3.514705268267396820e-01 1.417770435534795870e-01
1.739828473229247108e-01 6.539000070274922360e-02
8.727652803025831574e-02 3.602107167011268929e-02
3.260189985608023182e-04 1.629032108929785586e-04
1.757341264147384893e-03 8.755823837550173131e-04
1.542798850647213323e-04 7.711614024942508173e-05
1.179720739823212836e-02 5.759429661862020856e-03
1.564103760338706286e-04 7.818119175544786716e-05
5.042519610917516742e-02 2.266989765193880985e-02
4.996280057234063487e-02 2.248511884513883577e-02
1.546944397070474991e-04 7.732328948384747480e-05
4.673409802233557259e-04 2.334520825198817295e-04
2.898003473597757750e-06 1.448993338374745791e-06
5.083966005711532428e-06 2.541957156145419026e-06
5.315336794293452427e-13 2.657668397143900955e-13
4.035951572178585108e-07 2.017974157198783335e-07
2.336370165950144504e-10 1.169274361498376903e-10
5.372707782619346990e-06 2.686502234887656097e-06
4.591381486973589583e-06 2.295669767678835091e-06
5.829630499935249570e-06 2.914781509511639425e-06
7.898074151200341680e-06 3.949018422907974348e-06
2.541774421688930419e-05 1.270824228147333567e-05
8.074984924630854198e-04 4.031036392250544323e-04
7.059691407654260058e-03 3.524014932843857941e-03
7.134653497801485278e-01 2.044325444432388839e-01
7.134653497801485278e-01 2.044325444432388839e-01
7.134653497801485278e-01 2.044325444432388839e-01
7.134653497801485278e-01 2.044325444432388839e-01
7.134653497801485278e-01 2.044325444432388839e-01
1.561313344549801752e-01 8.087455869642237727e-02
8.922786478671873578e-02 5.644744026083781119e-02
9.716725467573923691e-02 5.912100426068827436e-02
3.907492895193418608e-02 2.173749699341364847e-02
9.975486670660798152e-03 4.910665916144931441e-03
1.537579203641809174e-02 7.739016172723346514e-03
3.290822611898829714e-02 1.699012505448894636e-02
3.521488174553875916e-02 1.699718622833793977e-02
1.847440558939494604e-01 5.986574061146408138e-02
4.102235270938900946e-01 9.094197898141928582e-02
5.147522300510777304e-01 1.504793510783111188e-01
4.292856755007798952e-01 1.952331211435365532e-01
4.284587977116260382e-01 1.954975221007143327e-01
2.762153983090877007e-01 7.788553917343882249e-02
5.861975171576385216e-03 2.896625493440702255e-03
3.736775224020191009e-06 1.868373648521020652e-06
1.119978163721478981e-07 5.599889564256307854e-08
3.902504094936768398e-07 1.951250524514563040e-07
1.185676470076500541e-05 5.928241767513337378e-06
2.388536026266427966e-03 1.188562909626094278e-03
4.289308595687549205e-05 2.144470316161484151e-05
4.593256308104864960e-03 2.275530150540487195e-03
6.391238281721620567e-06 3.195578292934036337e-06
7.893036912524278379e-06 3.946456156230437029e-06
7.253782733420947266e-06 3.626838749346530077e-06
7.036817468485469690e-06 3.518359217442649921e-06
1.148924195220248976e-05 5.744488973420609811e-06
4.668622775806865586e-06 2.334289591864809917e-06
5.261873203323046361e-06 2.630908914351915531e-06
4.935946198229737057e-06 2.467948735549996688e-06
8.579512538135917590e-06 4.289767354219650832e-06
6.136289133077587672e-06 3.068107052119295342e-06
9.672012681127679676e-06 4.835912792734536351e-06
3.827451420460146149e-06 1.913711215131304627e-06
4.371273879629045909e-05 2.185446144925652642e-05
1.211672418473400913e-05 6.058230951284542945e-06
1.923752282993197596e-03 9.663868006060996043e-04
8.468465690669110552e-04 4.246184684629452266e-04
7.134653497801485278e-01 2.044325444432388839e-01
7.134653497801485278e-01 2.044325444432388839e-01
7.134653497801485278e-01 2.044325444432388839e-01
7.134653497801485278e-01 2.044325444432388839e-01
7.134653497801485278e-01 2.044325444432388839e-01
1.908514446628315486e-01 9.697648272572205463e-02
1.674813958440102557e-01 8.960833471135176698e-02
1.244290749256832390e-01 7.011783420913929310e-02
9.251528255430264969e-02 5.240297315084382901e-02
5.366884921040670359e-02 2.611260638316957247e-02
1.162168281391394303e-01 5.472948042059513213e-02
1.888234363734912491e-01 7.043459747768894552e-02
4.266010131943994699e-01 1.092702508742330048e-01
5.866857546652823885e-01 1.792574282659945561e-01
5.538084474204638674e-01 1.680935762259660460e-01
3.427843422228078474e-01 1.304580468297882045e-01
1.787818711690356277e-01 6.607948873276114909e-02
8.773460310309547094e-02 3.617725327378206596e-02
8.696013400109435380e-05 4.347594234783814875e-05
2.691501107540107969e-05 1.345678111987935093e-05
1.247825700203806815e-04 6.237571432040944818e-05
6.310396367421205674e-03 3.115377081396640199e-03
3.788715977956926603e-03 1.880003620216837189e-03
2.097701830437230519e-02 1.004847389191919696e-02
6.570945845846047628e-03 3.242295593613982261e-03
2.198217558633726331e-04 1.098625563273354628e-04
2.963734123142147029e-18 1.481867061571073515e-18
2.215171499161925135e-10 1.107585749090264035e-10
1.375605316298944208e-06 6.878007658594858407e-07
2.172352342260794144e-10 1.086176170658485621e-10
6.853312182219217662e-07 3.426651394320822328e-07
1.636622747513931549e-09 8.183113710784318044e-10
2.964036863084156866e-06 1.482009646027552718e-06
3.735858266140454268e-06 1.867915176433242461e-06
4.176121823206448814e-06 2.088090168285314875e-06
4.092151741146963321e-06 2.046059124867609222e-06
4.136260972377577629e-06 2.068113377533957158e-06
3.727228858234960406e-09 1.863614415225245272e-09
2.220752712502110101e-08 1.110376306933628925e-08
6.824445809225793834e-11 3.412222904147166444e-11
5.427893005395462831e-07 2.713943556495483460e-07
1.740144762816828420e-06 8.700693537645001121e-07
2.678351714085572960e-02 1.311494477448905960e-02
7.134653497801485278e-01 2.044325444432388839e-01
7.134653497801485278e-01 2.044325444432388839e-01
7.134653497801485278e-01 2.044325444432388839e-01
7.134653497801485278e-01 2.044325444432388839e-01
7.134653497801485278e-01 2.044325444432388839e-01
3.707762640791606445e-01 1.431891337755615001e-01
1.774845788991500917e-01 8.785224011907280528e-02
1.654130715754242031e-01 7.837712488480380602e-02
1.098255018491117729e-01 5.097456027326336542e-02
1.745965570989883309e-01 6.484069581921167447e-02
3.663242765680451152e-01 8.765741834836290880e-02
4.551601494510992829e-01 1.268196325097202815e-01
4.975650242580146321e-01 1.893390639134738540e-01
4.390369451827355052e-01 1.901572275377764187e-01
2.576885870415089874e-01 6.749071908277637366e-02
3.052905564639324734e-03 1.519429421908262542e-03
7.858207689833830549e-04 3.923817480109308880e-04
4.454905290976257979e-05 2.227276308394773123e-05
9.969241405060596677e-08 4.984619708672556113e-08
1.470986107116779755e-05 7.354714155571166032e-06
5.873292703164687402e-05 2.936301395910573199e-05
9.588890565941430091e-03 4.702498460685114456e-03
4.299746282624747513e-03 2.131385323217428480e-03
2.070326693044393512e-03 1.030877093906264631e-03
1.351435529892092450e-03 6.738913869545915545e-04
8.839346427440869145e-05 4.418891873267791128e-05
1.430546511459547936e-06 7.152712092664525473e-07
1.774147117724654910e-06 8.870704112643321660e-07
2.276773996944039463e-06 1.138381814772186650e-06
1.068510512683539529e-06 5.342541146270540479e-07
1.276442633921764900e-06 6.382196876550847295e-07
3.066906234087524949e-06 1.533443711129913745e-06
2.925542570600240404e-06 1.462762726500787788e-06
4.680607639845731052e-06 2.340281926495768107e-06
2.750648052089731287e-07 1.375323269438395040e-07
5.188734660209434321e-08 2.594367060875043413e-08
7.947251132245287579e-09 3.973727315015927590e-09
2.755989716446397043e-08 1.377994782268405341e-08
9.208537074866665295e-08 4.604267689461782229e-08
1.189228110719628715e-04 5.944726293166746823e-05
4.977309878361485182e-03 2.501737064741617420e-03
2.883074617251364397e-03 1.446695697461915057e-03
1.561313344549801752e-01 8.087455869642237727e-02
7.134653497801485278e-01 2.044325444432388839e-01
7.134653497801485278e-01 2.044325444432388839e-01
7.134653497801485278e-01 2.044325444432388839e-01
7.134653497801485278e-01 2.044325444432388839e-01
7.134653497801485278e-01 2.044325444432388839e-01
2.839959503526496287e-01 1.207331161759076926e-01
2.237037862747579819e-01 9.821682049151564398e-02
2.531390871269293963e-01 1.077843220198511226e-01
3.028210117697754944e-01 1.153340479268795266e-01
4.072020604868415994e-01 1.547784710915818540e-01
4.208778243426880561e-01 1.589866450897242378e-01
3.626585543519893484e-01 1.295290053687483678e-01
1.701591425356276943e-01 6.326289453465627766e-02
8.061196009147804376e-02 3.380842817292847163e-02
6.638176647185916809e-03 3.275025490920731568e-03
2.013551535155678595e-03 1.002721741587599309e-03
8.293535958326923884e-05 4.146080151776541353e-05
5.174811807344626346e-05 2.587138116899898943e-05
1.120413417748186989e-04 5.600811762514264783e-05
3.337859910006576915e-04 1.667815896296241933e-04
3.332230093772349522e-03 1.655011289488332680e-03
2.736921658626841232e-03 1.360970089147970014e-03
3.769576402684309685e-03 1.870578495086480404e-03
6.457975888401307728e-04 3.224817398943136820e-04
2.407937864853274630e-04 1.203389115950537956e-04
4.386447798823406664e-06 2.193204658487411326e-06
1.451682009934274821e-07 7.258407942290715785e-08
7.401015724311754329e-09 3.700507807380843473e-09
8.304250639653170384e-08 4.152124630220798573e-08
2.294915883974785672e-09 1.147457936720753935e-09
8.039869881501916149e-07 4.019928476800187157e-07
9.302729079876559161e-08 4.651363674530596309e-08
2.698877905094000654e-06 1.349500061743899768e-06
1.114809899904459366e-09 5.574049487094285530e-10
1.586998813063408243e-07 7.934991546751809008e-08
3.200753470357402497e-09 1.600376724933878490e-09
2.772222946811299510e-08 1.386111396553449154e-08
1.404210279352023033e-07 7.021049559040590648e-08
4.273369865154332675e-03 2.166935554332444138e-03
1.778356033761214344e-02 1.017700937985451838e-02
3.837163262118172685e-02 2.481896187400815107e-02
8.922786478671873578e-02 5.644744026083781119e-02
1.908514446628315486e-01 9.697648272572205463e-02
7.134653497801485278e-01 2.044325444432388839e-01
7.134653497801485278e-01 2.044325444432388839e-01
7.134653497801485278e-01 2.044325444432388839e-01
7.134653497801485278e-01 2.044325444432388839e-01
7.134653497801485278e-01 2.044325444432388839e-01
3.279382907383248114e-01 1.344495458338072491e-01
3.352790843341180715e-01 1.336800204860255636e-01
3.931202720045572918e-01 1.567793438633743597e-01
3.960599964071815915e-01 1.677860439480665655e-01
3.156650465456086740e-01 1.505259059912827380e-01
2.585263813243166009e-01 8.221398347591213351e-02
4.338041371465067852e-02 1.993482168703930926e-02
8.026738901640477833e-03 3.948940913425130414e-03
2.983005852871697364e-04 1.490613094584914669e-04
1.130206443998869924e-03 5.638798521319185074e-04
1.244374762951559049e-05 6.221718967902727859e-06
5.465122778445754294e-06 2.732531521655893593e-06
8.611653822922869981e-06 4.305752750879869287e-06
3.379404266607117049e-04 1.688560095983842322e-04
3.110387887063231077e-03 1.545519430723625793e-03
1.539481191020252663e-03 7.673705931726212308e-04
5.996462716729711317e-03 2.962273793251726101e-03
2.278765396758495394e-04 1.138863421205901316e-04
5.903135797115869460e-05 2.951219428435542701e-05
4.093180945177704821e-06 2.046573718458602460e-06
1.355802625363291899e-07 6.779011288615701148e-08
4.836435493206894934e-10 2.418217744264336825e-10
2.966398096305836228e-10 1.483199047272966222e-10
8.575349968255321184e-11 4.287674983392294443e-11
6.455918150620120353e-09 3.227959033631181140e-09
5.958790584482296230e-08 2.979394937169295868e-08
3.491015885208301109e-06 1.745495755412239725e-06
2.388483776624792251e-07 1.194241317826921095e-07
1.943995924660195665e-06 9.719941832099427710e-07
4.313555129171991545e-11 2.156777564399928279e-11
5.787391072037631948e-08 2.893695201079861879e-08
1.362039272545655778e-08 6.810196177213180806e-09
4.800531555770182749e-05 2.400035326852911871e-05
1.980863334440225430e-04 9.900392852651397830e-05
1.889682177586396450e-02 1.047327500177798291e-02
9.716725467573923691e-02 5.912100426068827436e-02
1.674813958440102557e-01 8.960833471135176698e-02
3.707762640791606445e-01 1.431891337755615001e-01
7.134653497801485278e-01 2.044325444432388839e-01
7.134653497801485278e-01 2.044325444432388839e-01
7.134653497801485278e-01 2.044325444432388839e-01
7.134653497801485278e-01 2.044325444432388839e-01
7.134653497801485278e-01 2.044325444432388839e-01
3.504128448945744712e-01 1.395971616887502487e-01
3.896438769518049683e-01 1.624473877743276840e-01
4.013445563119319992e-01 1.593393254420056304e-01
3.163219686125867680e-01 1.407600733035043739e-01
2.036479955106486051e-01 7.733944301903208918e-02
5.561126707504374794e-02 2.653786687997899615e-02
6.205919397409424658e-03 3.068121538318967136e-03
1.393438567973791795e-03 6.947788434717450936e-04
4.155123518927361301e-03 2.060416992173919656e-03
3.351989490749996049e-05 1.675882387039537205e-05
1.234371434863593543e-05 6.171704807034047226e-06
4.735268870983857896e-05 2.367410207779123790e-05
7.901485870743865658e-04 3.944568664583806357e-04
1.061124858800904618e-02 5.193025697407998957e-03
9.072464679871031570e-03 4.454097118100802319e-03
1.376414179206748856e-02 6.692619296761710170e-03
5.492786741916899515e-05 2.746091663896528081e-05
1.967946316626616468e-12 9.839731583094354698e-13
1.079457466080860457e-10 5.397287329239073637e-11
3.618758552971905846e-12 1.809379276472857580e-12
6.449092587236738713e-10 3.224546289459289727e-10
6.656224934392944098e-10 3.328112462765939143e-10
7.091339563183142157e-11 3.545669781088700196e-11
2.580010882709189136e-10 1.290005440688948888e-10
3.927428181939082284e-09 1.963714075544849074e-09
2.895329212998394479e-06 1.447656223567945588e-06
5.428508327019597227e-09 2.714254134041095967e-09
5.633898982514140612e-07 2.816946317175295972e-07
7.559658601486259417e-15 3.779829300743072911e-15
3.547950181326985050e-08 1.773974964783987653e-08
1.096526250325579329e-11 5.482631251507659804e-12
1.463626540502963401e-05 7.317918482249810958e-06
1.479395817467602488e-05 7.396760226139538078e-06
2.926056229871633568e-04 1.462171934429779712e-04
3.907492895193418608e-02 2.173749699341364847e-02
1.244290749256832390e-01 7.011783420913929310e-02
1.774845788991500917e-01 8.785224011907280528e-02
2.839959503526496287e-01 1.207331161759076926e-01
7.134653497801485278e-01 2.044325444432388839e-01
7.134653497801485278e-01 2.044325444432388839e-01
7.134653497801485278e-01 2.044325444432388839e-01
7.134653497801485278e-01 2.044325444432388839e-01
7.134653497801485278e-01 2.044325444432388839e-01
3.641559532699173429e-01 1.452622163303949332e-01
2.873862774054786184e-01 1.109414536148327912e-01
1.731809760864632675e-01 6.635458612509895215e-02
9.905168093873177593e-02 4.397211120008096691e-02
2.380615099509272858e-02 1.133990719010916602e-02
2.793732790740823674e-03 1.389061452464351388e-03
1.365138153244827750e-03 6.807054744451905819e-04
3.012120605979830626e-03 1.496987432444947010e-03
6.808778641979409984e-05 3.403925726323750467e-05
8.106931592036030960e-07 4.053459223784031717e-07
7.778324686227177614e-09 3.889162282611253748e-09
2.731254793912577609e-05 1.365708310637598140e-05
2.094088082732667964e-03 1.042661304210860561e-03
4.814275409571786013e-03 2.383960457066685353e-03
1.322095154811800746e-02 6.435682214221319364e-03
5.490645580608306196e-05 2.745021318415234455e-05
6.582389073218795048e-12 3.291194536566069496e-12
1.151909266259598392e-10 5.759546329971097320e-11
6.892008867265717879e-11 3.446004433157860813e-11
1.543860164839032403e-09 7.719300800360120169e-10
9.046878099178740660e-10 4.523439041404770238e-10
1.103245403001489241e-09 5.516227002835941541e-10
4.050163663932476017e-07 2.025080191583667511e-07
1.356761121540009298e-09 6.783805589292039448e-10
2.142563812200751944e-06 1.071277315520686607e-06
3.484663142334042225e-08 1.742331449738248877e-08
1.145695019257745620e-07 5.728473783671650813e-08
4.468939731939227001e-08 2.234469666255390111e-08
2.888457712828060975e-07 1.444228022095234648e-07
1.136986145787037197e-08 5.684930599661436131e-09
3.644036372406353279e-04 1.820690286094834697e-04
4.079834891072158833e-04 2.038252940262238403e-04
1.170238859358291869e-03 5.837499706911937090e-04
9.975486670660798152e-03 4.910665916144931441e-03
9.251528255430264969e-02 5.240297315084382901e-02
1.654130715754242031e-01 7.837712488480380602e-02
2.237037862747579819e-01 9.821682049151564398e-02
3.279382907383248114e-01 1.344495458338072491e-01
7.134653497801485278e-01 2.044325444432388839e-01
7.134653497801485278e-01 2.044325444432388839e-01
7.134653497801485278e-01 2.044325444432388839e-01
7.134653497801485278e-01 2.044325444432388839e-01
7.134653497801485278e-01 2.044325444432388839e-01
3.823008627715189789e-01 1.371599532665947196e-01
2.056435631282008680e-01 7.964369501862973710e-02
7.940584084969416756e-02 3.723864289450898313e-02
2.343650339426248466e-02 1.118945659644378018e-02
5.181505565042374313e-03 2.563904782600621990e-03
2.519802767485666839e-03 1.253551977756346908e-03
4.125126875576187735e-03 2.045546937531689084e-03
6.397731446156224846e-04 3.194772626312398665e-04
2.570339676475303511e-05 1.285103771777127156e-05
4.164905460560217042e-06 2.082435383842613009e-06
4.878154420831874174e-05 2.441447245189229235e-05
3.558558213630497592e-04 1.778826472799164627e-04
1.376788380918181863e-03 6.871969641534573202e-04
1.326967864091100485e-02 6.458754949222452954e-03
8.632650733596794110e-05 4.315580140211514314e-05
4.222193106181202049e-05 2.110918283944342213e-05
4.360696220747480183e-06 2.180329094702210627e-06
6.676490886309482415e-09 3.338245398579210496e-09
7.881018599279169082e-10 3.940509293428539163e-10
4.608164013403118378e-11 2.304082006489207385e-11
4.571213447362972650e-10 2.285606721591886960e-10
2.056406542760705501e-10 1.028203270957471913e-10
4.404419681160389434e-10 2.202209838640303410e-10
1.420083446476631635e-06 7.100397066013208815e-07
4.182389890839442939e-09 2.091194927927336365e-09
1.377815859225612518e-06 6.889060312362643241e-07
1.103169470055635182e-13 5.515847350276959172e-14
4.654580117753999991e-06 2.327268393760927549e-06
1.479308317787367093e-04 7.394353235838057030e-05
8.776444872577609559e-04 4.380519837828665422e-04
1.412519557443216471e-03 7.042645672214486487e-04
1.729196893411199306e-03 8.616083248132225779e-04
1.537579203641809174e-02 7.739016172723346514e-03
5.366884921040670359e-02 2.611260638316957247e-02
1.098255018491117729e-01 5.097456027326336542e-02
2.531390871269293963e-01 1.077843220198511226e-01
3.352790843341180715e-01 1.336800204860255636e-01
3.504128448945744712e-01 1.395971616887502487e-01
7.134653497801485278e-01 2.044325444432388839e-01
7.134653497801485278e-01 2.044325444432388839e-01
7.134653497801485278e-01 2.044325444432388839e-01
7.134653497801485278e-01 2.044325444432388839e-01
7.134653497801485278e-01 2.044325444432388839e-01
2.065952431190869465e-01 8.349337468652714978e-02
9.009248490793980713e-02 4.033320307626853118e-02
2.284421487635008088e-02 1.094002643853071895e-02
6.458976701112373840e-03 3.187769970530674509e-03
4.170718491337909069e-03 2.067964352936529221e-03
6.273861850077925954e-03 3.097596711692908802e-03
1.551278839842080981e-03 7.732329538896004452e-04
2.898601775922848107e-04 1.448460698791927256e-04
3.364847445978879308e-05 1.682310501006092717e-05
8.344963080229060375e-05 4.194102324823859739e-05
9.402504427469413279e-04 4.692620583375094320e-04
1.881100497135354066e-03 9.385467158228270749e-04
1.641905632180818211e-02 7.940198982999116875e-03
7.925768326749239347e-04 3.956602383017689324e-04
1.992806847134081269e-04 9.960062956540421193e-05
8.035692768456663090e-05 4.017200660645641071e-05
1.022026643234610740e-05 5.110028762327105630e-06
2.330351326519979707e-08 1.165175608954616823e-08
1.542518457284221013e-09 7.712592262627472913e-10
5.545622622006441360e-09 2.772811280249290293e-09
6.806927391137836089e-09 3.424182397888298057e-09
1.067971275141911000e-08 5.339856261653290534e-09
1.180674762788421139e-06 5.903359874013150837e-07
8.322290959721936401e-08 4.161144787255700272e-08
2.927118866182541037e-07 1.463558576288784746e-07
8.584833456261897321e-08 4.292415991137293679e-08
4.149442950976701600e-06 2.074704257611547517e-06
2.028675567330369512e-05 1.014296628419609936e-05
4.969750630343096288e-04 2.482405473038813552e-04
1.573349240693441885e-03 7.855058037453779059e-04
2.325011576248782724e-03 1.160008248561508531e-03
3.290822611898829714e-02 1.699012505448894636e-02
1.162168281391394303e-01 5.472948042059513213e-02
1.745965570989883309e-01 6.484069581921167447e-02
3.028210117697754944e-01 1.153340479268795266e-01
3.931202720045572918e-01 1.567793438633743597e-01
3.896438769518049683e-01 1.624473877743276840e-01
3.641559532699173429e-01 1.452622163303949332e-01
7.134653497801485278e-01 2.044325444432388839e-01
7.134653497801485278e-01 2.044325444432388839e-01
7.134653497801485278e-01 2.044325444432388839e-01
7.134653497801485278e-01 2.044325444432388839e-01
7.134653497801485278e-01 2.044325444432388839e-01
2.307875306287540118e-01 9.852569306445828345e-02
2.350929249731110657e-02 1.126279909533091199e-02
7.232523952479123601e-03 3.563952573516869417e-03
4.264149862217779009e-03 2.113891957061512627e-03
5.977780901743636605e-03 2.953156586362569360e-03
1.536234292912219690e-03 7.657571307249673572e-04
3.423162537596900800e-04 1.710409465449361970e-04
1.344165397584331481e-04 6.719020208325351788e-05
9.581113892526402817e-05 4.825218375746557472e-05
4.439109901253771376e-04 2.217584380955344727e-04
1.911098028766957529e-03 9.903480032113099601e-04
1.452820720297352472e-02 7.057049624233927704e-03
8.493854179649653452e-05 4.246205634236575118e-05
8.343786933662333585e-06 4.171823848050772557e-06
5.582509088648432125e-13 2.791254544321099494e-13
2.091980280253593862e-08 1.045990096362982029e-08
3.921480675483498023e-10 1.960740336203947875e-10
2.225099754196576253e-11 1.112549877048777489e-11
2.523880203616967828e-10 1.261940101171486858e-10
4.040884508674739727e-07 2.020456512535519933e-07
1.794198156947228263e-10 8.970990781516994770e-11
4.075264917310796691e-07 2.037630797876983604e-07
2.549896541406418249e-08 1.274948205683485396e-08
7.660028268213052324e-08 3.830013547346195552e-08
5.568035677959897411e-08 2.784017528949735504e-08
3.445031065177586549e-08 1.722515413906402948e-08
6.799463703743306549e-09 3.399731805638946442e-09
1.553493580071079469e-04 7.765054558052074678e-05
4.309846032656229815e-04 2.153065554936667595e-04
2.011198618525548553e-03 1.001554389379615126e-03
3.521488174553875916e-02 1.699718622833793977e-02
1.888234363734912491e-01 7.043459747768894552e-02
3.663242765680451152e-01 8.765741834836290880e-02
4.072020604868415994e-01 1.547784710915818540e-01
3.960599964071815915e-01 1.677860439480665655e-01
4.013445563119319992e-01 1.593393254420056304e-01
2.873862774054786184e-01 1.109414536148327912e-01
3.823008627715189789e-01 1.371599532665947196e-01
7.134653497801485278e-01 2.044325444432388839e-01
7.134653497801485278e-01 2.044325444432388839e-01
7.134653497801485278e-01 2.044325444432388839e-01
7.134653497801485278e-01 2.044325444432388839e-01
7.134653497801485278e-01 2.044325444432388839e-01
3.016233686994757718e-02 1.434435508300949472e-02
4.652993217573551422e-03 2.304846262903990396e-03
2.766477890169538600e-03 1.375585546367611009e-03
4.252547504475318041e-03 2.108221970025290527e-03
1.001979927894563116e-03 4.999860001713780011e-04
3.479188631886866645e-04 1.738383840589820706e-04
2.375598766146690718e-04 1.187235036123675556e-04
2.201050897852527266e-04 1.116461659524949589e-04
1.720992889210298078e-04 8.714241371769194109e-05
1.346637031011535925e-03 8.100360770554215946e-04
7.220077158348840729e-02 3.088743437449313622e-02
3.331703490968368432e-05 1.665740743002667055e-05
1.526148193305253416e-06 7.630717675243188145e-07
9.155116702000845655e-15 4.577558351000339208e-15
2.090843882218932037e-08 1.045421897393184554e-08
5.408926731186177555e-14 2.704463365592796268e-14
1.022915249680713045e-10 5.114576247357209540e-11
2.101020473963316289e-08 1.050510192838787892e-08
5.780346358313718113e-07 2.890392347168811205e-07
4.035920967984448173e-07 2.017958855126418054e-07
1.073057907772020589e-06 5.365278024327368722e-07
1.967710766021558479e-08 9.838553442919226806e-09
2.273184437517156315e-07 1.136591702021829464e-07
2.561602089906720837e-09 1.280801038391555202e-09
7.622337043014476502e-07 3.811162711505038712e-07
5.905919141897319117e-06 2.952924691067749107e-06
2.291337664339473577e-04 1.145143809340534746e-04
1.522035681003114556e-04 7.607865016997289920e-05
9.637246802425672443e-02 4.006499462384160298e-02
1.847440558939494604e-01 5.986574061146408138e-02
4.266010131943994699e-01 1.092702508742330048e-01
4.551601494510992829e-01 1.268196325097202815e-01
4.208778243426880561e-01 1.589866450897242378e-01
3.156650465456086740e-01 1.505259059912827380e-01
3.163219686125867680e-01 1.407600733035043739e-01
1.731809760864632675e-01 6.635458612509895215e-02
2.056435631282008680e-01 7.964369501862973710e-02
2.065952431190869465e-01 8.349337468652714978e-02
7.134653497801485278e-01 2.044325444432388839e-01
7.134653497801485278e-01 2.044325444432388839e-01
7.134653497801485278e-01 2.044325444432388839e-01
7.134653497801485278e-01 2.044325444432388839e-01
7.134653497801485278e-01 2.044325444432388839e-01
4.383155043784070677e-03 2.172365473889234597e-03
3.023924806098736689e-03 1.502818283017381181e-03
6.608684873231338887e-03 3.262895746828222993e-03
1.775831672518295243e-03 8.847622776648388044e-04
6.636767286045620797e-04 3.313978975048855542e-04
3.865792146485760535e-04 1.931401638350897115e-04
4.715491755448054522e-04 2.425825675795313370e-04
1.801345034517622741e-04 9.003480328654731805e-05
1.292680059620841121e-02 6.365953194224421852e-03
8.957501436547234130e-02 3.676382398416159353e-02
9.307444542203750421e-07 4.653713608249484699e-07
1.019660797220865436e-19 5.098303986104327179e-20
5.349303071592522231e-15 2.674651535796232322e-15
9.540956805087145412e-07 4.770469299557896787e-07
2.090794156899779897e-08 1.045397034735687851e-08
2.090785912461210807e-08 1.045392912516748074e-08
2.090785912953301546e-08 1.045392912762793444e-08
4.035913273952554566e-07 2.017955008116681855e-07
1.867538151333238559e-08 9.337690407896318617e-09
4.085697826857938350e-07 2.042847244136295979e-07
2.635889864972664884e-07 1.317944237694794523e-07
2.712711030023915949e-07 1.356354779131844666e-07
2.816497821426331361e-07 1.408248117447167883e-07
4.889854391428670472e-06 2.444903285038365974e-06
2.073293062088022039e-05 1.036603545602797942e-05
4.052273362741922770e-04 2.024494679055742030e-04
5.646010314626387361e-02 2.504313019286524833e-02
1.696712003536703650e-01 5.673706949612683514e-02
4.102235270938900946e-01 9.094197898141928582e-02
5.866857546652823885e-01 1.792574282659945561e-01
4.975650242580146321e-01 1.893390639134738540e-01
3.626585543519893484e-01 1.295290053687483678e-01
2.585263813243166009e-01 8.221398347591213351e-02
2.036479955106486051e-01 7.733944301903208918e-02
9.905168093873177593e-02 4.397211120008096691e-02
7.940584084969416756e-02 3.723864289450898313e-02
9.009248490793980713e-02 4.033320307626853118e-02
2.307875306287540118e-01 9.852569306445828345e-02
7.134653497801485278e-01 2.044325444432388839e-01
7.134653497801485278e-01 2.044325444432388839e-01
7.134653497801485278e-01 2.044325444432388839e-01
7.134653497801485278e-01 2.044325444432388839e-01
7.134653497801485278e-01 2.044325444432388839e-01
2.834515511240603275e-02 1.338212503588154939e-02
3.621830848946411274e-02 1.681170287704692595e-02
4.290213750202347479e-03 2.130693626176017631e-03
9.819230144938457909e-04 4.958806909509810845e-04
6.357033502987900243e-04 3.271628324645185250e-04
1.128983175567070067e-03 7.371677115751075916e-04
9.356799552659027241e-02 3.802902797643540472e-02
9.353930747758604225e-02 3.809415118013297075e-02
9.368036142776851871e-02 3.806417059664692071e-02
4.911563060009966142e-06 2.455757406553290526e-06
2.620877926253955372e-13 1.310438963126290809e-13
1.585784795056710688e-06 7.928898828149390775e-07
3.410988698806400838e-11 1.705494349286851973e-11
1.716300992708721227e-10 8.581504960597916452e-11
8.550341771830099770e-08 4.275170154831605674e-08
6.597637843772370699e-07 3.298814569003673569e-07
1.939938427221379847e-07 9.699688372745797185e-08
5.062175663423351429e-07 2.531085269149430938e-07
2.452177761331615208e-06 1.226088933860155165e-06
4.865866282379733924e-07 2.432931314417071734e-07
4.144786755150030738e-06 2.072376198317769603e-06
4.695451275687838764e-06 2.347703590581237064e-06
4.452520082773231072e-05 2.226147714880264241e-05
2.640963113398191197e-04 1.319785040678978438e-04
9.492442978965362488e-02 3.855598186998582255e-02
1.833776687251819359e-01 5.810402438611089043e-02
3.938450648702774837e-01 8.675779942679220924e-02
5.147522300510777304e-01 1.504793510783111188e-01
5.538084474204638674e-01 1.680935762259660460e-01
4.390369451827355052e-01 1.901572275377764187e-01
1.701591425356276943e-01 6.326289453465627766e-02
4.338041371465067852e-02 1.993482168703930926e-02
5.561126707504374794e-02 2.653786687997899615e-02
2.380615099509272858e-02 1.133990719010916602e-02
2.343650339426248466e-02 1.118945659644378018e-02
2.284421487635008088e-02 1.094002643853071895e-02
2.350929249731110657e-02 1.126279909533091199e-02
3.016233686994757718e-02 1.434435508300949472e-02
7.134653497801485278e-01 2.044325444432388839e-01
7.134653497801485278e-01 2.044325444432388839e-01
7.134653497801485278e-01 2.044325444432388839e-01
7.134653497801485278e-01 2.044325444432388839e-01
7.134653497801485278e-01 2.044325444432388839e-01
5.413717075361654946e-02 2.418828459907657394e-02
2.794720601321452370e-03 1.389664327971801717e-03
1.090148294074657839e-03 5.438857601906402824e-04
7.232846796112612922e-04 3.611192003311194465e-04
1.279713738335494684e-02 6.234802036456090976e-03
9.400612575163616591e-02 3.816591119699000445e-02
9.319357877269804358e-02 3.791174631694869263e-02
9.325038412244474051e-02 3.792955792223887818e-02
3.450108858040855742e-06 1.725042525769295434e-06
3.035388893392329487e-17 1.517694446696164743e-17
1.934611783324243471e-18 9.673058916621217353e-19
5.532800424567338107e-11 2.766400211977550188e-11
6.756216495052701886e-12 3.378108247480704548e-12
2.095873774302570034e-08 1.047936843224416272e-08
3.849586172387408683e-08 1.924792938000567349e-08
3.803553076278784407e-08 1.901776393469231998e-08
3.802819255006092264e-08 1.901409482888703412e-08
3.804801009400981861e-08 1.902400359935383626e-08
3.806502742220723438e-08 1.903251226215730503e-08
3.291657553517844438e-06 1.645817941749472485e-06
3.784174238599232669e-06 1.892072799324948272e-06
2.229099488016528553e-05 1.114500055162989436e-05
4.755345052254618399e-03 2.355059372980677652e-03
9.980570687627496329e-02 3.994168230089770177e-02
3.646945445756222259e-01 5.759916474760906624e-02
5.212543643568550156e-01 1.534696069635979043e-01
4.292856755007798952e-01 1.952331211435365532e-01
3.427843422228078474e-01 1.304580468297882045e-01
2.576885870415089874e-01 6.749071908277637366e-02
8.061196009147804376e-02 3.380842817292847163e-02
8.026738901640477833e-03 3.948940913425130414e-03
6.205919397409424658e-03 3.068121538318967136e-03
2.793732790740823674e-03 1.389061452464351388e-03
5.181505565042374313e-03 2.563904782600621990e-03
6.458976701112373840e-03 3.187769970530674509e-03
7.232523952479123601e-03 3.563952573516869417e-03
4.652993217573551422e-03 2.304846262903990396e-03
4.383155043784070677e-03 2.172365473889234597e-03
7.134653497801485278e-01 2.044325444432388839e-01
7.134653497801485278e-01 2.044325444432388839e-01
7.134653497801485278e-01 2.044325444432388839e-01
7.134653497801485278e-01 2.044325444432388839e-01
7.134653497801485278e-01 2.044325444432388839e-01
2.989727942901223429e-03 1.490357305273251219e-03
1.589301365226714101e-03 7.921248717244160206e-04
9.428931556374559042e-02 3.825418275630478732e-02
9.397753280442715240e-02 3.815698982417639606e-02
9.407060160775052027e-02 3.818602272384729462e-02
9.377196985087747627e-02 3.809280261075372043e-02
9.151397633757198113e-02 3.738218030367230355e-02
1.962287233478076558e-04 9.807585596203711520e-05
2.079515070555615144e-05 1.039714291448520882e-05
2.512523960651894946e-05 1.256198852559418933e-05
7.615069170878375115e-05 3.806954692654415141e-05
2.013006638986160934e-13 1.006503319492675308e-13
6.510190236920049192e-07 3.255090880202332695e-07
2.318363680145859838e-08 1.159181786324828468e-08
1.713230967237999790e-08 8.566154542673964930e-09
1.026282174390050837e-07 5.131409818695152393e-08
4.844869869437861241e-07 2.422432587442525304e-07
1.129468754909229619e-06 5.647331017549464644e-07
4.656946057827360539e-06 2.328451341767094864e-06
7.380528113552941487e-04 3.684816899489296244e-04
9.581600263915061866e-02 3.872729495996209137e-02
2.770080568990754277e-01 6.181613700763984032e-02
3.275350131053810787e-01 8.479379387105388799e-02
4.942107941320738607e-01 1.404069312210823595e-01
5.247341384059818203e-01 1.551858955264904805e-01
4.284587977116260382e-01 1.954975221007143327e-01
1.787818711690356277e-01 6.607948873276114909e-02
3.052905564639324734e-03 1.519429421908262542e-03
6.638176647185916809e-03 3.275025490920731568e-03
2.983005852871697364e-04 1.490613094584914669e-04
1.393438567973791795e-03 6.947788434717450936e-04
1.365138153244827750e-03 6.807054744451905819e-04
2.519802767485666839e-03 1.253551977756346908e-03
4.170718491337909069e-03 2.067964352936529221e-03
4.264149862217779009e-03 2.113891957061512627e-03
2.766477890169538600e-03 1.375585546367611009e-03
3.023924806098736689e-03 1.502818283017381181e-03
2.834515511240603275e-02 1.338212503588154939e-02
7.134653497801485278e-01 2.044325444432388839e-01
7.134653497801485278e-01 2.044325444432388839e-01
7.134653497801485278e-01 2.044325444432388839e-01
7.134653497801485278e-01 2.044325444432388839e-01
7.134653497801485278e-01 2.044325444432388839e-01
6.275114487983903325e-03 3.098180196008178296e-03
9.112219992325992779e-02 3.725784464731130702e-02
9.359247459616602816e-02 3.803668602802169618e-02
9.387715419440202658e-02 3.812565701850808425e-02
5.817989586701279719e-02 2.570504765945337555e-02
6.966051809802183495e-05 3.482540646122922993e-05
1.626179377508878707e-03 8.118851020247249686e-04
1.048303487246772655e-03 5.230528034220125995e-04
2.462072652994044732e-03 1.224974524748401183e-03
1.356494606802753416e-04 6.780632956395481507e-05
5.332073695136285230e-04 2.663193746579105943e-04
3.512757620703420525e-05 1.756255415690692191e-05
8.238123741696981475e-06 4.118994004165707311e-06
2.313117951107173618e-08 1.156558922048440215e-08
2.313130645273668045e-08 1.156565269131100130e-08
5.611249786420437218e-06 2.805593407086052819e-06
1.380784514654369495e-04 6.902016007395937725e-05
2.771057341302426914e-04 1.384760794772334767e-04
6.761787697703121325e-02 2.923984520485376284e-02
2.596346667923088991e-01 6.241331454131789080e-02
3.924044769059780169e-01 7.820496474887606020e-02
5.212058581939660318e-01 1.534637245889196033e-01
4.475921228419565967e-01 1.881128910908659857e-01
3.514705268267396820e-01 1.417770435534795870e-01
2.762153983090877007e-01 7.788553917343882249e-02
8.773460310309547094e-02 3.617725327378206596e-02
7.858207689833830549e-04 3.923817480109308880e-04
2.013551535155678595e-03 1.002721741587599309e-03
1.130206443998869924e-03 5.638798521319185074e-04
4.155123518927361301e-03 2.060416992173919656e-03
3.012120605979830626e-03 1.496987432444947010e-03
4.125126875576187735e-03 2.045546937531689084e-03
6.273861850077925954e-03 3.097596711692908802e-03
5.977780901743636605e-03 2.953156586362569360e-03
4.252547504475318041e-03 2.108221970025290527e-03
6.608684873231338887e-03 3.262895746828222993e-03
3.621830848946411274e-02 1.681170287704692595e-02
5.413717075361654946e-02 2.418828459907657394e-02
7.134653497801485278e-01 2.044325444432388839e-01
7.134653497801485278e-01 2.044325444432388839e-01
7.134653497801485278e-01 2.044325444432388839e-01
7.134653497801485278e-01 2.044325444432388839e-01
7.134653497801485278e-01 2.044325444432388839e-01
1.078827708358369442e-01 4.245053189733458132e-02
9.669144965607491538e-02 3.900740877649755411e-02
9.384810412312370731e-02 3.811658582258031780e-02
7.580026378530943152e-05 3.789439163216366986e-05
8.386698797890274949e-05 4.192646031777871797e-05
1.784713024263444607e-03 8.891713115527467241e-04
4.067767620847133380e-04 2.032229137081845529e-04
4.168299492219996842e-04 2.082412274044314270e-04
4.120290661575984510e-04 2.058447651274405207e-04
1.135771603323160682e-04 5.677568039480887822e-05
4.342972305064888888e-05 2.171297538448018971e-05
5.391071413439531640e-06 2.695506643068781113e-06
8.030301796334874789e-14 4.015150898166792422e-14
1.408491418492286515e-15 7.042457092461412855e-16
2.648821555062417753e-06 1.324403761275578317e-06
1.023422350437477391e-03 5.106637819113637403e-04
9.626268690337345946e-02 3.886483856182981755e-02
2.841563641527354300e-01 6.133752853883822631e-02
3.991792256812247142e-01 8.290291294825574697e-02
4.862080589852877943e-01 1.364235391732782354e-01
5.202180628229661208e-01 1.537128999585906652e-01
4.239436759371782437e-01 1.958478638215253032e-01
1.739828473229247108e-01 6.539000070274922360e-02
5.861975171576385216e-03 2.896625493440702255e-03
8.696013400109435380e-05 4.347594234783814875e-05
4.454905290976257979e-05 2.227276308394773123e-05
8.293535958326923884e-05 4.146080151776541353e-05
1.244374762951559049e-05 6.221718967902727859e-06
3.351989490749996049e-05 1.675882387039537205e-05
6.808778641979409984e-05 3.403925726323750467e-05
6.397731446156224846e-04 3.194772626312398665e-04
1.551278839842080981e-03 7.732329538896004452e-04
1.536234292912219690e-03 7.657571307249673572e-04
1.001979927894563116e-03 4.999860001713780011e-04
1.775831672518295243e-03 8.847622776648388044e-04
4.290213750202347479e-03 2.130693626176017631e-03
2.794720601321452370e-03 1.389664327971801717e-03
2.989727942901223429e-03 1.490357305273251219e-03
7.134653497801485278e-01 2.044325444432388839e-01
7.134653497801485278e-01 2.044325444432388839e-01
7.134653497801485278e-01 2.044325444432388839e-01
7.134653497801485278e-01 2.044325444432388839e-01
7.134653497801485278e-01 2.044325444432388839e-01
1.455220573612052253e-02 7.071243330644994517e-03
7.817488656830037666e-04 3.902637449393913825e-04
1.089772789826860301e-04 5.447676352958682366e-05
1.042016432124373738e-04 5.208996362377051541e-05
5.850688016774572772e-04 2.921920953360323463e-04
2.463008915123146244e-04 1.230897816269975551e-04
2.468124438862546923e-04 1.233453055606702372e-04
5.204939575942527184e-04 2.599760648372342474e-04
5.848733928467992216e-04 2.920946195377394821e-04
6.957715884608244787e-05 3.478373844200813222e-05
6.544135822606962931e-05 3.271639654166834025e-05
6.521524770423360420e-07 3.260758132183147195e-07
4.305716327038377139e-08 2.152857978127257681e-08
3.879603877584844559e-06 1.939786887466175188e-06
1.746559065086858431e-02 8.427748468650584149e-03
2.052297677810945298e-01 6.049562630706527971e-02
3.849905086543796706e-01 7.362264638947726980e-02
5.175631647217362463e-01 1.520111154964065570e-01
4.246659316139240747e-01 1.940607298399855685e-01
3.379646398328639001e-01 1.308946695649399194e-01
2.015355666659477130e-01 6.067058137822571584e-02
8.727652803025831574e-02 3.602107167011268929e-02
3.736775224020191009e-06 1.868373648521020652e-06
2.691501107540107969e-05 1.345678111987935093e-05
9.969241405060596677e-08 4.984619708672556113e-08
5.174811807344626346e-05 2.587138116899898943e-05
5.465122778445754294e-06 2.732531521655893593e-06
1.234371434863593543e-05 6.171704807034047226e-06
8.106931592036030960e-07 4.053459223784031717e-07
2.570339676475303511e-05 1.285103771777127156e-05
2.898601775922848107e-04 1.448460698791927256e-04
3.423162537596900800e-04 1.710409465449361970e-04
3.479188631886866645e-04 1.738383840589820706e-04
6.636767286045620797e-04 3.313978975048855542e-04
9.819230144938457909e-04 4.958806909509810845e-04
1.090148294074657839e-03 5.438857601906402824e-04
1.589301365226714101e-03 7.921248717244160206e-04
6.275114487983903325e-03 3.098180196008178296e-03
7.134653497801485278e-01 2.044325444432388839e-01
7.134653497801485278e-01 2.044325444432388839e-01
7.134653497801485278e-01 2.044325444432388839e-01
7.134653497801485278e-01 2.044325444432388839e-01
7.134653497801485278e-01 2.044325444432388839e-01
1.978886037042545260e-03 9.866317145584492694e-04
9.976094794306315024e-05 4.987054898764541158e-05
7.979507226264515854e-05 3.989116887776518060e-05
1.677526622859374685e-03 8.359492158592854178e-04
3.363595356775659403e-03 1.670483904663706961e-03
1.664892401436627494e-03 8.296743340099523717e-04
2.347044824629929832e-03 1.168013792906142734e-03
1.224202611062158962e-03 6.106026334981480563e-04
5.267371002925694918e-04 2.630910981734601033e-04
6.815020262509701560e-05 3.407045686243066941e-05
7.459356631876078907e-05 3.729121895924424231e-05
2.714846523767429432e-05 1.357349557967238565e-05
9.835436715400626417e-02 3.950360203873806708e-02
2.298731256879703866e-01 6.209490893042775989e-02
3.614637383853274155e-01 5.520094927279836639e-02
4.666061999746776712e-01 1.269182937261465471e-01
5.192289089696663362e-01 1.542077477618576942e-01
3.294687713254949024e-01 2.194407528430676046e-01
1.877426563162108986e-01 5.907401810201375753e-02
2.500707950514375992e-03 1.244100435003422109e-03
3.260189985608023182e-04 1.629032108929785586e-04
1.119978163721478981e-07 5.599889564256307854e-08
1.247825700203806815e-04 6.237571432040944818e-05
1.470986107116779755e-05 7.354714155571166032e-06
1.120413417748186989e-04 5.600811762514264783e-05
8.611653822922869981e-06 4.305752750879869287e-06
4.735268870983857896e-05 2.367410207779123790e-05
7.778324686227177614e-09 3.889162282611253748e-09
4.164905460560217042e-06 2.082435383842613009e-06
3.364847445978879308e-05 1.682310501006092717e-05
1.344165397584331481e-04 6.719020208325351788e-05
2.375598766146690718e-04 1.187235036123675556e-04
3.865792146485760535e-04 1.931401638350897115e-04
6.357033502987900243e-04 3.271628324645185250e-04
7.232846796112612922e-04 3.611192003311194465e-04
9.428931556374559042e-02 3.825418275630478732e-02
9.112219992325992779e-02 3.725784464731130702e-02
1.078827708358369442e-01 4.245053189733458132e-02
7.134653497801485278e-01 2.044325444432388839e-01
7.134653497801485278e-01 2.044325444432388839e-01
7.134653497801485278e-01 2.044325444432388839e-01
7.134653497801485278e-01 2.044325444432388839e-01
7.134653497801485278e-01 2.044325444432388839e-01
1.610957519612812351e-04 8.052192413934065147e-05
8.360842298131821425e-05 4.179722112226568669e-05
4.826750849200911291e-03 2.429297741500894940e-03
6.306149318326542685e-03 3.129255262576356982e-03
5.121156607798866764e-03 2.552040951354771648e-03
7.686356693851497182e-03 3.819880815840988406e-03
6.180208905048711725e-03 3.059995180869423854e-03
1.830462545375059714e-03 9.118806795575089014e-04
1.526422158829335469e-03 7.608811148077025514e-04
1.658322097305106949e-02 8.016607268684493304e-03
2.122080779172624485e-02 1.016008121252973302e-02
2.558494000322373285e-01 6.246578451926286524e-02
3.945384979530398573e-01 8.077873497024021243e-02
5.189954769352314035e-01 1.527037090529139163e-01
4.500063794420363084e-01 1.859365852629496496e-01
3.603498100608777399e-01 1.488028785727285030e-01
1.764943318082669577e-01 6.856735390411927700e-02
1.131241702271762323e-01 4.376500722400097215e-02
9.665068744756349223e-05 4.831600236839765622e-05
1.757341264147384893e-03 8.755823837550173131e-04
3.902504094936768398e-07 1.951250524514563040e-07
6.310396367421205674e-03 3.115377081396640199e-03
5.873292703164687402e-05 2.936301395910573199e-05
3.337859910006576915e-04 1.667815896296241933e-04
3.379404266607117049e-04 1.688560095983842322e-04
7.901485870743865658e-04 3.944568664583806357e-04
2.731254793912577609e-05 1.365708310637598140e-05
4.878154420831874174e-05 2.441447245189229235e-05
8.344963080229060375e-05 4.194102324823859739e-05
9.581113892526402817e-05 4.825218375746557472e-05
2.201050897852527266e-04 1.116461659524949589e-04
4.715491755448054522e-04 2.425825675795313370e-04
1.128983175567070067e-03 7.371677115751075916e-04
1.279713738335494684e-02 6.234802036456090976e-03
9.397753280442715240e-02 3.815698982417639606e-02
9.359247459616602816e-02 3.803668602802169618e-02
9.669144965607491538e-02 3.900740877649755411e-02
1.455220573612052253e-02 7.071243330644994517e-03
7.134653497801485278e-01 2.044325444432388839e-01
7.134653497801485278e-01 2.044325444432388839e-01
7.134653497801485278e-01 2.044325444432388839e-01
7.134653497801485278e-01 2.044325444432388839e-01
7.134653497801485278e-01 2.044325444432388839e-01
1.181411585216177217e-03 5.903732725532815327e-04
4.116309409770709839e-03 2.041210701728387970e-03
6.778330839194872393e-03 3.347611413308014018e-03
7.650674037361885824e-03 3.766804205454979751e-03
1.374858468068798113e-02 6.734658870827398176e-03
1.318401859115523982e-02 6.420661725079567818e-03
1.410454744732789548e-02 6.856000192528214840e-03
1.011846019995320950e-02 4.960984956073681042e-03
7.696988488174112686e-02 3.257897136215461703e-02
2.452291029793584320e-01 6.248184963451305918e-02
4.188529433491232079e-01 9.757314478867074037e-02
4.738435700042997745e-01 1.306401679206500854e-01
5.204803313104741092e-01 1.536648350829218357e-01
3.265570942739537963e-01 2.172990327749236283e-01
1.793210121248733357e-01 7.120124715456893627e-02
1.003654198741009244e-02 4.925086148936695836e-03
2.182959126942187172e-03 1.086714252921193447e-03
7.420755488426535784e-06 3.710322676601248934e-06
1.542798850647213323e-04 7.711614024942508173e-05
1.185676470076500541e-05 5.928241767513337378e-06
3.788715977956926603e-03 1.880003620216837189e-03
9.588890565941430091e-03 4.702498460685114456e-03
3.332230093772349522e-03 1.655011289488332680e-03
3.110387887063231077e-03 1.545519430723625793e-03
1.061124858800904618e-02 5.193025697407998957e-03
2.094088082732667964e-03 1.042661304210860561e-03
3.558558213630497592e-04 1.778826472799164627e-04
9.402504427469413279e-04 4.692620583375094320e-04
4.439109901253771376e-04 2.217584380955344727e-04
1.720992889210298078e-04 8.714241371769194109e-05
1.801345034517622741e-04 9.003480328654731805e-05
9.356799552659027241e-02 3.802902797643540472e-02
9.400612575163616591e-02 3.816591119699000445e-02
9.407060160775052027e-02 3.818602272384729462e-02
9.387715419440202658e-02 3.812565701850808425e-02
9.384810412312370731e-02 3.811658582258031780e-02
7.817488656830037666e-04 3.902637449393913825e-04
1.978886037042545260e-03 9.866317145584492694e-04
7.134653497801485278e-01 2.044325444432388839e-01
7.134653497801485278e-01 2.044325444432388839e-01
7.134653497801485278e-01 2.044325444432388839e-01
7.134653497801485278e-01 2.044325444432388839e-01
7.134653497801485278e-01 2.044325444432388839e-01
4.600700122112902357e-03 2.295085586479173045e-03
7.878779692645164132e-03 3.901367359580961997e-03
9.201333700500179472e-03 4.546562720757662407e-03
2.687304729779009874e-02 1.313072203311196895e-02
2.022475269420402622e-02 9.931572618191778640e-03
2.626358122767743011e-02 1.295200214051997131e-02
1.867737974973697479e-02 9.038590382109327678e-03
1.664307398078823386e-01 5.678384944495883102e-02
3.483701725275500372e-01 6.781343991223751089e-02
5.083149419776809008e-01 1.490577880460626781e-01
4.289593970215516694e-01 1.878180242999383243e-01
3.449893328851678098e-01 1.364566797038268275e-01
1.735160398047799757e-01 6.560954242274602555e-02
9.525358983249274103e-02 3.855354854026960681e-02
4.663242086366702803e-04 2.329446460507745209e-04
3.307477408350517969e-03 1.642799297368509933e-03
1.467306994340261857e-04 7.334426430191667780e-05
1.179720739823212836e-02 5.759429661862020856e-03
2.388536026266427966e-03 1.188562909626094278e-03
2.097701830437230519e-02 1.004847389191919696e-02
4.299746282624747513e-03 2.131385323217428480e-03
2.736921658626841232e-03 1.360970089147970014e-03
1.539481191020252663e-03 7.673705931726212308e-04
9.072464679871031570e-03 4.454097118100802319e-03
4.814275409571786013e-03 2.383960457066685353e-03
1.376788380918181863e-03 6.871969641534573202e-04
1.881100497135354066e-03 9.385467158228270749e-04
1.911098028766957529e-03 9.903480032113099601e-04
1.346637031011535925e-03 8.100360770554215946e-04
1.292680059620841121e-02 6.365953194224421852e-03
9.353930747758604225e-02 3.809415118013297075e-02
9.319357877269804358e-02 3.791174631694869263e-02
9.377196985087747627e-02 3.809280261075372043e-02
5.817989586701279719e-02 2.570504765945337555e-02
7.580026378530943152e-05 3.789439163216366986e-05
1.089772789826860301e-04 5.447676352958682366e-05
9.976094794306315024e-05 4.987054898764541158e-05
1.610957519612812351e-04 8.052192413934065147e-05
7.134653497801485278e-01 2.044325444432388839e-01
7.134653497801485278e-01 2.044325444432388839e-01
7.134653497801485278e-01 2.044325444432388839e-01
7.134653497801485278e-01 2.044325444432388839e-01
3.769887556115062831e-03 1.874517597835184592e-03
4.588581758670925992e-03 2.285714517322324623e-03
8.691625097547480208e-03 4.306866792492747981e-03
2.834854991066690019e-02 1.374917867848969404e-02
3.702178518327298856e-02 1.762743974436239633e-02
7.031693917853663878e-02 3.173565876111100748e-02
6.820352872813933987e-02 3.057027069945431400e-02
2.282554240711824611e-01 7.397358584731722475e-02
3.832206913110676183e-01 1.059727650210670613e-01
4.919771035095757972e-01 1.546183483639575751e-01
3.140233848593826371e-01 2.063169325190574444e-01
1.627020496073394162e-01 5.571768008985260312e-02
6.487015561741566079e-03 3.202378052883782505e-03
1.845857014684117430e-03 9.195213192253066372e-04
2.552961673557880614e-06 1.276474319165633579e-06
4.987753005718021965e-05 2.493627726058550613e-05
1.744665919573383003e-06 8.723299159275205452e-07
1.564103760338706286e-04 7.818119175544786716e-05
4.289308595687549205e-05 2.144470316161484151e-05
6.570945845846047628e-03 3.242295593613982261e-03
2.070326693044393512e-03 1.030877093906264631e-03
3.769576402684309685e-03 1.870578495086480404e-03
5.996462716729711317e-03 2.962273793251726101e-03
1.376414179206748856e-02 6.692619296761710170e-03
1.322095154811800746e-02 6.435682214221319364e-03
1.326967864091100485e-02 6.458754949222452954e-03
1.641905632180818211e-02 7.940198982999116875e-03
1.452820720297352472e-02 7.057049624233927704e-03
7.220077158348840729e-02 3.088743437449313622e-02
8.957501436547234130e-02 3.676382398416159353e-02
9.368036142776851871e-02 3.806417059664692071e-02
9.325038412244474051e-02 3.792955792223887818e-02
9.151397633757198113e-02 3.738218030367230355e-02
6.966051809802183495e-05 3.482540646122922993e-05
8.386698797890274949e-05 4.192646031777871797e-05
1.042016432124373738e-04 5.208996362377051541e-05
7.979507226264515854e-05 3.989116887776518060e-05
8.360842298131821425e-05 4.179722112226568669e-05
1.181411585216177217e-03 5.903732725532815327e-04
7.134653497801485278e-01 2.044325444432388839e-01
7.134653497801485278e-01 2.044325444432388839e-01
7.134653497801485278e-01 2.044325444432388839e-01
