5.325160972011838646e-04 5.322325238074054323e-04
8.902096969524339847e-05 8.901304496219791514e-05
2.899304720112791671e-04 2.898464123326784884e-04
1.311144840846122854e-04 1.310972930766754994e-04
6.673326520247347413e-04 6.668873191562763991e-04
4.467658229459324916e-04 4.465662232453799390e-04
2.297497160424554570e-04 2.296969311104338630e-04
4.799563064831037854e-04 4.797259484269708759e-04
1.052898923347005166e-04 1.052788063732726701e-04
2.316178267406807860e-04 2.315641799230167192e-04
1.529579855861275148e-05 1.529556459715920486e-05
8.049595646312603418e-05 8.048947686411912317e-05
5.927861655393494529e-05 5.927510259955439916e-05
1.450398014459952428e-03 1.448294360059603153e-03
4.183310460761956238e-04 4.181560452120844417e-04
6.871417604075082813e-03 6.824201224185489842e-03
6.700698213375330583e-04 6.696208277720657387e-04
2.874544934618031549e-03 2.866281926036893472e-03
6.516472873697257704e-04 6.512226431825894569e-04
3.412833823835274404e-03 3.401186389126160167e-03
2.094244860961685180e-04 2.093806274807918856e-04
1.141195019087175863e-03 1.139892693015586529e-03
6.694278008438779744e-04 6.689796672633352903e-04
1.253857304227005715e-03 1.252285146087642317e-03
1.919866966464695490e-03 1.916181077295773172e-03
4.484639838051800165e-03 4.464527843574758910e-03
7.543413140527852057e-03 7.486510058719164119e-03
1.506124295712998364e-02 1.483440191771628544e-02
1.101216534241738652e-03 1.100003856386451342e-03
4.567228143361513090e-04 4.565142186070161564e-04
2.255181514793443316e-03 2.250095671128777251e-03
2.428059100521768633e-03 2.422163629526141899e-03
2.985320243239838610e-04 2.984429029544368611e-04
1.225884438548905959e-03 1.224381645892229538e-03
4.166800187014652046e-03 4.149437963216146344e-03
1.789862582198195064e-04 1.789542221391879795e-04
5.099850170380128771e-05 5.099590085662525395e-05
1.259514571494117169e-05 1.259498707724559141e-05
1.650830813101777797e-04 1.650558288864429062e-04
7.770857874929806060e-05 7.770254012608682366e-05
1.358734636516680352e-04 1.358550020535433361e-04
1.038811898292213778e-03 1.037732768132180235e-03
4.215502770884407076e-04 4.213725724523273929e-04
6.324893247831759886e-05 6.324493205085795447e-05
1.216009398356463883e-04 1.215861530470774775e-04
1.143667929056289948e-04 1.143537131423094818e-04
3.587838543485365205e-04 3.586551284943953412e-04
2.084712971071125162e-04 2.084278368253949913e-04
8.346686390243014632e-05 8.345989718506044484e-05
1.726914706906154890e-04 1.726616483465661918e-04
3.181596971046569999e-05 3.181495745453708532e-05
1.055520297967459440e-04 1.055408885657517352e-04
8.723939570518151858e-06 8.723863463396521264e-06
3.928152785631405032e-05 3.927998481788332437e-05
5.801062941297382641e-06 5.801029288966133790e-06
5.406612380474973018e-04 5.403689234731702757e-04
4.627103551246049273e-04 4.624962542518653956e-04
4.327866579181636336e-03 4.309136150054439229e-03
8.726153107689123192e-04 8.718538532883240207e-04
3.469478716444952208e-03 3.457441433881087642e-03
7.422543608804013258e-04 7.417034193441553441e-04
4.764910959612919314e-03 4.742206583159880307e-03
4.064848141120074964e-04 4.063195842079038249e-04
9.226740607662682744e-04 9.218227333438574122e-04
4.532684708261524231e-04 4.530630185195073478e-04
1.314713031056588197e-03 1.312984560702558281e-03
2.460005104572107835e-03 2.453953479457586951e-03
5.501971401677074013e-03 5.471699712372202033e-03
7.434190518321347023e-03 7.378923329658648375e-03
1.192766104852539290e-02 1.178539195043688294e-02
1.601104071715517751e-03 1.598540537467053792e-03
1.025920367435361261e-03 1.024867854835042648e-03
3.823612741277783618e-03 3.808992726882521815e-03
1.857318573764340456e-03 1.853868941479890411e-03
2.759311968695919021e-04 2.758550588441860147e-04
1.316378777662277014e-03 1.314645924575997280e-03
2.648339479302918957e-03 2.641325777305284297e-03
2.187601232424332258e-05 2.187553376432811272e-05
1.966886304115372200e-05 1.966847617698038960e-05
4.115214009772452013e-05 4.115044659908990076e-05
1.705115487576639919e-04 1.704824745694042667e-04
2.562562509160772029e-04 2.561905836499436405e-04
2.752931419416365265e-04 2.752173556276364067e-04
1.021110859821722922e-03 1.020068192433677126e-03
9.923455867944812239e-04 9.913608370308508218e-04
1.187682182872413627e-04 1.187541123975662384e-04
1.988650751367042867e-04 1.988255278185951675e-04
1.057493516138958295e-04 1.057381686885290703e-04
5.339504129175294284e-04 5.336653098740746495e-04
1.421013849993475069e-04 1.420811921957287709e-04
1.386515775187562309e-04 1.386323532588077821e-04
2.782765859840841084e-04 2.781991481257771307e-04
7.570385298425155360e-05 7.569812191089489157e-05
2.399609878686738526e-04 2.399034065929749428e-04
2.016495052967989571e-04 2.016088427738125003e-04
3.930172549988778836e-05 3.930018087426052204e-05
1.371666147472121546e-04 1.371478000670109398e-04
1.408040390007965102e-03 1.406057812268071217e-03
1.091156009921482066e-03 1.089965388483494320e-03
8.548281115947941808e-03 8.475208005910669223e-03
1.158573780735097213e-03 1.157231487529690331e-03
3.901630664472709609e-03 3.886407942630755712e-03
6.112194396301253579e-04 6.108458504267436171e-04
6.100463341008345239e-03 6.063247688033358493e-03
2.529415498318784484e-04 2.528775704042470949e-04
1.154598197600452880e-03 1.153265100602550702e-03
1.167361068329677426e-03 1.165998336465825591e-03
1.940684781611756249e-03 1.936918524190176872e-03
4.400456230598428879e-03 4.381092215561016578e-03
1.021047568959756666e-02 1.010622187578970321e-02
1.269186542044868984e-02 1.253078197259790798e-02
2.054574165719818754e-02 2.012361415695385763e-02
2.979466863535925551e-03 2.970589640745016982e-03
1.451312922319909424e-03 1.449206613121416676e-03
5.531444642183497296e-03 5.500847762353956553e-03
3.620961829725351591e-03 3.607850465153023423e-03
3.897426949449790006e-04 3.895907955767160397e-04
7.680575076216337310e-03 7.621583842714941583e-03
4.912857247852878487e-03 4.888721081515098009e-03
2.048916930032652472e-04 2.048497123974034957e-04
9.006030505280776359e-05 9.005219419426155336e-05
1.279738836364587116e-04 1.279575063215657236e-04
4.146795452576845353e-04 4.145075861324294241e-04
9.860850339690888696e-04 9.851126702748709899e-04
1.156552982819359678e-03 1.155215368017291355e-03
5.289636961529783216e-03 5.261656702345001574e-03
2.903474590998591934e-04 2.902631574528534582e-04
7.343943966773398228e-05 7.343404631643526753e-05
1.089558851005392639e-04 1.089440137156412182e-04
2.915849331446927610e-04 2.914999113714557559e-04
4.801449857788682592e-04 4.799144465714996820e-04
3.783377184752236173e-04 3.781945790460025983e-04
2.897322781020676978e-04 2.896483333090934761e-04
6.460898585067150184e-04 6.456724264014497604e-04
5.478577160505014544e-04 5.475575679734654084e-04
1.586231800297501458e-03 1.583715668973226503e-03
1.105611746006329027e-04 1.105489508273038268e-04
8.350298730127961051e-04 8.343325981239723549e-04
1.537233646110576328e-04 1.536997337382302830e-04
2.217134757753824476e-03 2.212219071219784488e-03
6.300783044022536823e-04 6.296813057325753148e-04
6.437062484376155844e-03 6.395626710948392780e-03
2.597473265645915737e-03 2.590726398280170355e-03
8.371886547862835218e-03 8.301798063492548882e-03
2.088312969638621720e-03 2.083951918579460879e-03
1.536616989245709330e-02 1.513005071529323863e-02
1.887219813207493841e-03 1.883658214584130923e-03
4.649411222906499677e-03 4.627794198186810891e-03
4.066558614086542532e-03 4.050021715124740677e-03
4.706610477039632583e-03 4.684458294857053555e-03
1.185987056334061006e-02 1.171921403356141617e-02
2.341540563100069292e-02 2.286712441013639269e-02
2.977419131273132194e-02 2.888768884440419751e-02
3.820339082581573897e-02 3.674389175522571604e-02
1.556142087132688853e-02 1.531926305179232006e-02
9.665240449682078322e-03 9.571823576731907160e-03
2.357054931403796544e-02 2.301497851907247094e-02
8.900511294203616169e-03 8.821292192905370172e-03
2.915618216112854637e-03 2.907117386530725690e-03
4.629891412616912554e-03 4.608455518124289149e-03
8.580521992911208790e-03 8.506896635240375829e-03
3.488023566371499865e-04 3.486806935531543356e-04
4.517889802637159620e-04 4.515848669810282475e-04
5.986284154552006529e-04 5.982700594754101955e-04
2.935821615600798986e-03 2.927202567042170005e-03
3.054847770717947653e-03 3.045515675815687207e-03
7.882387181047268571e-03 7.820255153375329712e-03
8.558083108307190656e-03 8.484842321818498317e-03
8.918488817948098599e-03 8.838949375152232654e-03
2.363503452932554181e-03 2.357917304360530007e-03
2.651192014817355374e-03 2.644163195717924228e-03
6.603360995157037030e-04 6.599000557513801232e-04
1.524700990589162274e-03 1.522376277478458594e-03
1.814043086101985126e-04 1.813714010870161612e-04
6.401294084747744277e-04 6.397196428151801732e-04
1.452396274626645972e-03 1.450286819688096545e-03
1.011977652651023128e-03 1.010953553881558005e-03
5.153076090448493888e-04 5.150420671129099081e-04
2.312705490810466023e-03 2.307356884123241188e-03
1.475749549456912689e-04 1.475531765783640471e-04
4.209475289134094467e-02 4.032278467035788766e-02
1.207129407395985798e-03 1.205672245989785696e-03
3.736080271473858280e-03 3.722121975678962212e-03
3.193309694402249321e-03 3.183112467597885853e-03
1.013633504393527491e-03 1.012606051512298429e-03
1.678904255204938072e-03 1.676085535706792846e-03
1.470879761479522690e-03 1.468716274206792590e-03
1.269943479079242536e-02 1.253815914678683627e-02
2.157436475429983132e-03 2.152781943284467342e-03
1.133353445004313224e-02 1.120508544691281756e-02
9.283173077725373479e-03 9.196995775334369100e-03
6.840898970337422162e-03 6.794101071615058808e-03
1.401476214443584355e-02 1.381834858647073075e-02
3.294213239695147760e-02 3.185694831009319716e-02
4.642042355191267067e-02 4.426556782917370064e-02
7.133247663875551259e-02 6.624415441533691717e-02
2.482176539462953649e-02 2.420564535732350891e-02
1.224416385802326243e-02 1.209424430944113990e-02
2.442335605272597659e-02 2.382685573184775002e-02
3.851226533813733796e-03 3.836394587998982753e-03
3.013336540496634785e-04 3.012428520786005620e-04
6.260880602679253209e-04 6.256960740087153016e-04
2.762978927719773967e-03 2.755344875164750414e-03
9.438165960509852306e-03 9.349086983811726037e-03
2.100101788674058349e-04 2.099660745921779089e-04
7.792722418080658825e-04 7.786649765812133413e-04
3.357669809264143736e-03 3.346395862716099786e-03
1.026746164195282453e-02 1.016204087338385201e-02
9.687948795046547740e-03 9.594092443191103853e-03
9.468911933810240933e-03 9.379251640599986159e-03
1.072790200973619535e-04 1.072675113092089091e-04
7.479233134565579932e-05 7.478673745282768414e-05
4.691489001787854771e-05 4.691268901097315482e-05
8.650660362053985166e-05 8.649912022806989043e-05
1.474758354911858587e-04 1.474540863691320219e-04
1.052681257719107719e-04 1.052570443936072379e-04
6.574666193548255879e-05 6.574233931192689871e-05
1.147320632676932883e-04 1.147188998213516208e-04
6.907973322972435341e-05 6.907496122018125966e-05
1.006050405184541821e-04 1.005949191442764569e-04
3.375425646045034783e-04 3.374286296215836794e-04
8.579198036542145297e-04 8.571837772647124135e-04
2.484754947060709845e-04 2.484137546346015606e-04
2.678193999274901694e-03 2.671021276177149711e-03
3.407828951587156302e-04 3.406667621770828884e-04
4.662901239363189537e-03 4.641158591395134515e-03
9.436648688951766034e-04 9.427743655103897058e-04
1.266302144366307286e-03 1.264698623245480479e-03
1.427359094072909625e-03 1.425321740089476909e-03
1.556441172066772884e-02 1.532216080845726948e-02
2.768530725500279160e-03 2.760865963122239881e-03
1.127604216978995641e-02 1.114889304277507515e-02
7.104942438181477589e-03 7.054462231131605233e-03
6.651597463048428138e-03 6.607353714237995841e-03
1.332319451637895523e-02 1.314568700425768413e-02
3.840245224530968587e-02 3.692770390685639476e-02
6.695910270215055249e-02 6.247558126747340679e-02
1.215602159615294248e-01 1.067833298569157569e-01
5.648407023730129400e-02 5.329362004672890535e-02
2.309345729322787380e-02 2.256014952347373467e-02
3.096892547667473919e-02 3.000985113149490582e-02
3.802634399894120470e-03 3.788174371514862332e-03
2.890099049591986257e-04 2.889263782340341044e-04
2.662888113311622971e-04 2.662179016001221593e-04
1.490058309496187410e-03 1.487838035730488671e-03
1.409496815926503165e-04 1.409298147799092373e-04
8.154417681530779036e-04 8.147768228758292368e-04
3.861271620305853879e-03 3.846362201780074291e-03
1.256504144361124745e-02 1.240716117713157839e-02
1.232596492958743135e-02 1.217403551814201165e-02
1.086828591951949537e-02 1.075016628069106958e-02
9.075763241032991022e-03 8.993393762625706209e-03
5.738156370297850225e-04 5.734863726444851522e-04
1.831842022328984774e-04 1.831506457809507749e-04
2.007774437955958864e-04 2.007371322136587894e-04
2.614744989790299535e-04 2.614061300654136233e-04
1.137863875201073315e-03 1.136569141002585727e-03
2.173962862480254086e-04 2.173490251027509687e-04
4.919221849491496341e-05 4.918979862055451356e-05
2.699139560371376827e-04 2.698411024934740422e-04
5.293779883602682589e-05 5.293499642548122035e-05
4.741886525586720501e-05 4.741661670708505216e-05
8.007499099254836075e-04 8.001087095072379049e-04
2.088658616285476514e-05 2.088614991337322551e-05
8.777420000454054516e-03 8.700376898589682814e-03
5.642998058145700041e-04 5.639813715437276076e-04
8.734069151566537518e-06 8.733992867602593006e-06
4.165320898187354487e-03 4.147971000002478349e-03
1.387277726290930032e-04 1.387085272341943734e-04
8.203099714898526166e-04 8.196370630405269133e-04
1.510211860444697716e-03 1.507931120581269911e-03
4.761251802793788242e-03 4.738582284064180895e-03
8.150197369321453495e-04 8.143554797605563741e-04
2.813213507602510977e-03 2.805299337363153719e-03
2.045671962639133111e-03 2.041487188860405429e-03
2.380475883239784648e-03 2.374809217809098309e-03
5.986602462512246974e-03 5.950763053468088870e-03
3.735726779085573462e-02 3.596170233405802941e-02
8.546312993438009986e-02 7.815918335619936874e-02
1.598665333333235961e-01 1.343092248533089283e-01
8.029642579486684362e-02 7.384890979943628531e-02
2.817816479109412284e-02 2.738415582010006802e-02
2.745033785362012077e-02 2.669681680534223209e-02
7.886036947078160384e-04 7.879817989205092736e-04
4.070791532010433465e-04 4.069134397640724460e-04
1.015718554888786647e-04 1.015615386470512100e-04
9.619877858259478012e-04 9.610623653258695397e-04
1.670741193938588673e-05 1.670713280177217426e-05
1.165939914684217859e-03 1.164580498799564065e-03
1.000484942684345610e-02 9.904752414789646381e-03
1.206601385295188664e-02 1.192042516265225983e-02
1.350542799755152963e-02 1.332303141215448149e-02
8.146891927400798372e-03 8.080520079324049823e-03
7.253018524292964044e-03 7.200412246579227307e-03
2.109496068435793908e-04 2.109051071069519435e-04
2.780476124698805468e-04 2.779703019950803609e-04
2.918799840114818774e-04 2.917947900864153511e-04
2.367778199145881550e-04 2.367217561785846594e-04
5.098455175235445079e-04 5.095855750718056125e-04
2.018709471743773860e-04 2.018301952950643107e-04
4.322776839659998800e-05 4.322589975663944058e-05
3.821876978812575220e-05 3.821730911376163627e-05
2.009416308039842962e-05 2.009375930500852949e-05
2.622075329925538113e-05 2.622006577135180109e-05
1.234162573452516612e-03 1.232639416194805616e-03
3.823762862625577929e-05 3.823616651001282048e-05
4.043382440654641995e-04 4.041747546498502424e-04
6.281931719681436987e-04 6.277985453068363024e-04
8.078930102228925041e-06 8.078864833117328962e-06
6.037450912686871153e-03 6.001000099163767733e-03
3.408425955678571844e-04 3.407264218929037677e-04
9.982746281211114965e-04 9.972780758879611594e-04
4.865669736893902218e-03 4.841994994905377339e-03
7.830946407020642971e-03 7.769622685391013375e-03
2.527175297298100629e-03 2.520788682314826969e-03
8.920078175869299714e-03 8.840510381205679211e-03
5.647915832715095542e-03 5.616016879461662066e-03
7.078408363645159566e-03 7.028304498682637694e-03
8.691474792110475550e-03 8.615933058048584267e-03
7.208917245980724087e-02 6.689232367386740985e-02
1.648787145239558327e-01 1.376937240208837010e-01
2.532765464631923091e-01 1.891275374748707105e-01
2.360046387063902129e-01 1.803064492154564380e-01
9.666514868744646716e-02 8.732099771668033750e-02
1.281938739892793389e-01 1.117602046609001143e-01
2.675901349756930076e-03 2.668740901723299069e-03
1.978669593483060613e-03 1.974754460122885979e-03
2.346362182753714996e-04 2.345811641204449184e-04
9.345794186747014703e-03 9.258450317765979862e-03
1.169207772053769238e-03 1.167840725239538196e-03
5.554417898375022672e-03 5.523566340185233868e-03
1.887760567273964046e-02 1.852124167680418987e-02
1.795536174653563841e-02 1.763296673108668416e-02
1.779206009345759773e-02 1.747550269108839177e-02
4.439347541950497238e-03 4.419639735352275112e-03
1.950384473751453750e-03 1.946580474156002927e-03
3.113693286521676887e-04 3.112723777933423699e-04
3.756218794200165997e-04 3.754807876237175788e-04
5.707931565843569121e-04 5.704673517567533485e-04
8.307470409803564305e-04 8.300569003342587755e-04
2.590708411350411359e-03 2.583996641277769464e-03
2.963674753100213935e-04 2.962796416295997528e-04
3.788105605882809688e-05 3.787962108441996536e-05
1.858355287371072574e-05 1.858320752527331413e-05
3.734440352341833308e-06 3.734426406297087967e-06
6.744077921123872850e-06 6.744032438536866709e-06
1.403696765573273116e-02 1.383993119476464514e-02
1.859320002614704663e-05 1.859285431905983557e-05
1.418826153234973783e-02 1.398695476703938276e-02
5.057654097429491310e-05 5.057398298779798974e-05
1.614375726604569543e-06 1.614373120395582874e-06
1.552772661165982213e-03 1.550361558228717691e-03
7.131897751040943301e-05 7.131389111385630234e-05
4.071150792512330118e-04 4.069493365634792715e-04
2.229654832731607379e-03 2.224683472058483751e-03
2.084287613173308774e-03 2.079943358318880973e-03
9.288041631828657455e-04 9.279414860093199722e-04
4.331653439722238201e-03 4.312890218200380286e-03
2.433939141907434135e-03 2.428015082160925146e-03
6.101440374510718953e-03 6.064212799867009680e-03
2.254867560854158497e-03 2.249783133137166213e-03
4.225122900183776037e-02 4.046606264967202160e-02
1.084683382131432228e-01 9.670295781842239147e-02
2.360824669554129895e-01 1.803475357516593214e-01
3.320808119450858187e-01 2.218031462829783695e-01
2.556448749856070068e-01 1.902905728792003703e-01
2.810943991635844741e-01 2.020803379224478946e-01
1.017815085331428976e-01 9.142203305386065182e-02
2.798699521407211656e-03 2.790866802396086560e-03
1.504916779913450928e-05 1.504894132168306208e-05
2.837474343132818369e-04 2.836669217068024792e-04
1.770385376268264997e-03 1.767251111887760406e-03
7.567801376621817802e-03 7.510529758945818680e-03
5.317922285798008103e-02 5.035119311420137300e-02
1.733834862152694792e-02 1.703773028860534194e-02
1.663788020157347045e-02 1.636106114397156003e-02
3.573335555031366970e-05 3.573207867761478678e-05
1.346052949577663103e-05 1.346034830992232519e-05
2.302553073395150786e-03 2.297251322739349289e-03
2.744057656282785328e-03 2.736527803861781277e-03
4.614198738255512189e-03 4.592907908259393282e-03
5.061973301113253249e-03 5.036349727412069675e-03
1.069890777796522231e-02 1.058444115032381762e-02
5.183517621691031453e-03 5.156648766756650147e-03
2.500010547343839516e-03 2.493760494607009243e-03
3.527664980374471942e-03 3.515220560160711542e-03
5.888355312126665290e-04 5.884888039298480063e-04
5.633134909766648879e-04 5.629961688875485468e-04
6.869836794644450240e-02 6.397890218793943207e-02
4.824683800052512704e-03 4.801406226282023751e-03
4.722149501933931709e-02 4.499162542747783128e-02
1.589923684789658819e-03 1.587395827466203755e-03
3.638660711675256515e-11 3.638660711542857857e-11
5.299478372332055293e-02 5.018633662143903024e-02
1.109119078153515507e-02 1.096817626858274421e-02
7.907754376167132337e-02 7.282428583429227664e-02
1.301076642651053175e-02 1.284148638350531869e-02
1.891356590020113609e-02 1.855584292513988431e-02
3.533029494621191258e-03 3.520547197211328170e-03
9.924176843736020118e-03 9.825687557710273412e-03
1.745718346155837770e-03 1.742670813611732657e-03
1.511559067236650268e-02 1.488710959099196970e-02
3.519061234572232709e-03 3.506677442599563481e-03
2.778704865569981905e-02 2.701492858270558919e-02
6.649535278488755141e-02 6.207372084290090075e-02
1.930177289566461785e-01 1.557618852650648478e-01
2.590068500331143553e-01 1.919223016690381756e-01
2.571977974068423434e-01 1.910470904159112249e-01
3.665249509503102354e-01 2.321844112811829175e-01
2.200492126242214463e-01 1.716275566476816172e-01
1.379720361522182859e-01 1.189357533922292542e-01
2.167005947998746490e-02 2.120046800212127200e-02
4.847850138250654056e-02 4.612833628621285098e-02
1.755049120934581708e-01 1.447029379245256819e-01
1.747260617873392652e-01 1.441968651196261775e-01
1.844181313818867018e-01 1.504080841994998863e-01
7.593016866145618771e-02 7.016477814849900185e-02
7.558615386633166233e-02 6.987288721002689329e-02
4.475481078926297584e-04 4.473478085837515072e-04
9.313823385702098940e-05 9.312955912641498980e-05
2.918813493161482382e-04 2.917961545940696245e-04
2.783493289836663732e-04 2.782718506347207216e-04
3.012549100560177264e-04 3.011641555351848615e-04
3.422552817472158579e-04 3.421381430693320124e-04
5.948331197929895625e-04 5.944792933525868761e-04
6.680870152058642798e-05 6.680423811798755988e-05
1.348775567471026099e-08 1.348775549279070859e-08
1.132398983276773699e-08 1.132398970453499062e-08
3.551677397029200973e-09 3.551677384414788448e-09
1.907476414775427462e-09 1.907476411136961041e-09
2.058065743539558626e-04 2.057642180079085638e-04
3.467491888039775452e-06 3.467479864539781970e-06
5.116590917378270424e-03 5.090411414762472178e-03
6.802617647211101504e-04 6.797990086525687072e-04
9.063434506960674816e-04 9.055219922454478673e-04
8.841463440294737575e-02 8.059748682634053363e-02
1.602695820498856172e-02 1.577009481568411239e-02
4.433908252256144001e-04 4.431942298017201324e-04
9.279399010504999672e-04 9.270788285905383211e-04
1.452424288065080318e-04 1.452213334433824271e-04
2.359241660335057236e-03 2.353675639123196592e-03
9.201779275924810932e-05 9.200932548506382069e-05
1.029163162673782687e-03 1.028103985858378052e-03
1.153166542279622162e-02 1.139868611537290730e-02
1.657756371503593543e-03 1.655008215316332819e-03
3.432260958102906819e-03 3.420480542818389244e-03
2.346588780184819326e-02 2.291523991151926676e-02
6.524089183561294913e-02 6.098451786810680370e-02
1.029110865053144142e-01 9.232039477961011265e-02
1.655172358781310804e-01 1.381212805053941839e-01
3.649077614746231712e-01 2.317500870902026999e-01
2.179674404669624810e-01 1.704576353632436536e-01
2.778402653994184179e-01 2.006450523221991467e-01
1.000124596359805301e-01 9.000996755354190304e-02
1.570115606580795020e-01 1.323589304777937348e-01
1.938203757096428892e-01 1.562540376694157573e-01
1.811862846963996077e-01 1.483578149343148245e-01
1.638058749661882585e-01 1.369735102927497616e-01
9.790473903862194783e-04 9.780888565935974902e-04
8.218862576591413622e-06 8.218795026889360393e-06
2.555747014007036323e-06 2.555740482164236766e-06
8.552387059430024819e-14 8.552387059429292756e-14
8.258493112330524870e-04 8.251672841481883999e-04
2.517365130474262828e-04 2.516731417754250054e-04
1.017402094352779293e-04 1.017298583650619998e-04
2.060493942461543912e-04 2.060069378932851769e-04
6.462700497442279467e-04 6.458523847670315319e-04
7.770233967083087310e-05 7.769630201724055834e-05
1.083374876437237539e-08 1.083374864700226244e-08
5.996878526838006510e-09 5.996878490875454222e-09
5.461196667404023075e-10 5.461196664421556168e-10
4.705595259528022396e-07 4.705593045265347542e-07
1.420418044216995631e-03 1.418400456796658441e-03
9.140003480413920090e-06 9.139919940750297823e-06
1.265301500840965154e-01 1.105202712037925278e-01
2.601884674353018467e-04 2.601207693967155245e-04
6.336109063328869417e-04 6.332094435522629813e-04
1.090187448892844871e-02 1.078302362155609921e-02
1.321177505325346222e-03 1.319431995324768601e-03
2.917320875030948030e-03 2.908810113943056767e-03
2.112093318217705441e-04 2.111647224399219446e-04
2.815820185154359855e-03 2.807891341839237331e-03
7.228837940760961397e-12 7.228837940708705231e-12
5.108461565366229865e-04 5.105851927409747965e-04
1.215588598921977473e-04 1.215440833357794533e-04
4.141311556864439168e-04 4.139596510723337263e-04
2.848429744053980584e-05 2.848348608533912609e-05
8.880383235609809163e-05 8.879594623545696561e-05
9.142322925827621200e-04 9.133964718979609414e-04
7.333454310054869467e-03 7.279674757937206787e-03
3.140776136663893598e-04 3.139789689189829915e-04
9.156747263563307093e-02 8.318287059075565870e-02
2.892688915011221717e-01 2.055923999108341671e-01
2.519515130663151359e-01 1.884719481299095833e-01
3.656411510503148055e-01 2.319476997089156833e-01
3.765560593310484094e-01 2.347615935121203645e-01
3.509873789565320923e-01 2.277952387697558256e-01
1.942574988626764865e-01 1.565215229982937217e-01
1.936180322778154883e-01 1.561300898546822968e-01
1.559270527091840830e-01 1.316138069426114054e-01
7.291752811761620899e-04 7.286435845854837088e-04
1.147236977638504858e-05 1.147223816111676167e-05
2.371707284840546258e-07 2.371706722341001880e-07
8.956460035568225256e-14 8.956460035567422511e-14
8.536995946688827937e-05 8.536267143690890727e-05
1.794703162302165812e-05 1.794670952707758143e-05
2.386764644836606637e-05 2.386707678381908330e-05
4.758913955038586278e-05 4.758687482418271452e-05
3.240531918225783504e-06 3.240521417178670391e-06
9.156988723366214928e-07 9.156980338321966744e-07
1.756469450964121919e-08 1.756469420112272621e-08
9.059048751885055358e-09 9.059048669818691657e-09
8.456600382581807268e-09 8.456600311067717158e-09
2.974007099577589912e-06 2.973998254859361559e-06
2.255443565488121429e-10 2.255443564979418793e-10
1.518340664306468824e-11 1.518340664283415365e-11
7.161178497076183380e-06 7.161127214598716524e-06
6.412925332718257714e-06 6.412884207106934557e-06
1.105365860394762721e-02 1.093147523541500125e-02
3.282339408488422778e-03 3.271565656495906832e-03
4.394359925473683565e-02 4.201255933927592473e-02
3.588358590102801735e-04 3.587070958365685459e-04
8.887509670376293747e-02 8.097631388965972898e-02
3.203034966206293680e-06 3.203024706773298857e-06
2.834719992826048211e-05 2.834639636451670802e-05
4.869648928547586010e-06 4.869625215066899109e-06
2.167546510237828414e-05 2.167499527659087855e-05
2.058843137196905346e-04 2.058419253690546948e-04
3.995635447975520922e-05 3.995475796949189679e-05
2.926492158912133771e-05 2.926406515348572174e-05
1.102786303313951424e-04 1.102664689550873729e-04
6.582219904132065921e-04 6.577887342245431141e-04
1.470531368093041535e-10 1.470531367876795327e-10
2.208684152864295996e-13 2.208684152863808290e-13
1.224952314195131980e-01 1.074901496989931066e-01
2.349116856413739907e-01 1.797281855905022707e-01
4.909287813395932787e-01 2.499177129920150953e-01
4.569772401590024291e-01 2.481490421356638554e-01
4.968696318201031303e-01 2.499902007950582927e-01
3.481994281560203408e-01 2.269565863878407752e-01
2.545191364097636731e-04 2.544543564189649123e-04
1.081602151364877750e-07 1.081602034378556352e-07
2.487055085350649634e-10 2.487055084732105168e-10
2.492698705916622831e-10 2.492698705295268019e-10
5.159765207922401750e-06 5.159738584745400968e-06
1.284345953864397831e-06 1.284344304319868566e-06
4.956551299233063687e-03 4.931983898451134697e-03
1.186228946916062814e-03 1.184821807801561284e-03
1.051478376489376572e-03 1.050372769713151877e-03
7.530866647646915690e-04 7.525195252400451382e-04
6.005536286264212976e-04 6.001929639655649660e-04
1.918445802286817669e-04 1.918077758857186582e-04
2.265286592516311604e-04 2.264773440181688173e-04
5.849769818567190922e-06 5.849735598760261029e-06
3.648657614535401102e-10 3.648657613204130937e-10
3.668349378926816278e-05 3.668214811055157270e-05
7.747161310575162397e-04 7.741159459737955231e-04
8.659784591777828686e-05 8.659034673086069380e-05
2.226287116047009212e-02 2.176723572816240126e-02
7.522024146607657336e-02 6.956215673986171355e-02
8.113485349312730965e-02 7.455198904177608166e-02
1.886385291792823599e-03 1.882826842323731369e-03
8.736799739203398641e-05 8.736036422506569311e-05
3.739319797262303548e-04 3.737921546007684005e-04
5.130881193131623871e-03 5.104555251313591668e-03
2.681395299643253289e-04 2.680676311567958608e-04
5.851360592551937894e-11 5.851360592209553621e-11
6.946584986406695154e-05 6.946102435976961786e-05
1.624614146916870922e-05 1.624587753205607187e-05
2.345406260365197271e-06 2.345400759434670970e-06
7.364436876728326726e-11 7.364436876185978003e-11
2.613296518207378550e-06 2.613289688888686537e-06
5.018421456385102918e-11 5.018421456133257441e-11
1.919926560524979698e-03 1.916240442527170334e-03
2.872770514717474100e-12 2.872770514709221277e-12
3.287323110996688449e-12 3.287323110985881786e-12
1.059233840056552018e-03 1.058111863728630970e-03
3.132061347630871739e-01 2.151080519098540478e-01
4.993813280488035855e-01 2.499996172450167919e-01
4.154690027906777217e-01 2.428545105107975388e-01
5.603787230258741037e-01 2.463544098057647846e-01
4.521811640550036926e-01 2.477133589288655346e-01
1.378117171767594962e-01 1.188196477855523459e-01
2.178233761616684013e-04 2.177759291384659217e-04
4.684556383309536332e-04 4.682361876458695669e-04
9.946984244377691865e-09 9.946984145435195924e-09
8.153462477867454164e-06 8.153395998917076465e-06
2.964438271438075980e-07 2.964437392648649629e-07
2.096464144086350575e-04 2.096024627895606645e-04
1.279321909758887024e-04 1.279158243304007983e-04
9.356853751636732229e-05 9.355978244515436636e-05
1.212324198908936145e-04 1.212177225912610117e-04
2.173084896480561917e-04 2.172612666683830735e-04
1.546169476458667173e-05 1.546145570058167693e-05
1.526905791671069905e-05 1.526882477258103570e-05
2.862532204692939918e-06 2.862524010602316844e-06
1.203449687537664138e-09 1.203449686089373043e-09
7.114443513045217792e-06 7.114392897738717744e-06
1.939824344563719340e-04 1.939448052714943008e-04
2.326755030166346294e-06 2.326749616377375714e-06
8.930312436199336346e-03 8.850561955991199242e-03
6.739675509814278993e-03 6.694252283836688890e-03
3.118573673039819975e-03 3.108848171285642781e-03
1.151876738677989708e-04 1.151744056675878925e-04
2.058125166775918655e-03 2.053889287573802160e-03
2.771791537348439268e-06 2.771783854520112918e-06
2.268472846728387601e-02 2.217013156164947610e-02
1.291946496098961960e-05 1.291929804841474103e-05
2.644297739859308681e-03 2.637305429322283831e-03
4.439730984646450741e-05 4.439533872534290408e-05
4.126923797648726373e-04 4.125220647645566380e-04
1.049996234878720512e-03 1.048893742785460921e-03
2.571324089205449174e-04 2.570662918448276234e-04
2.541463904432262689e-04 2.540818000554509481e-04
3.894385031803305531e-04 3.892868408325712393e-04
2.978245444901326307e-03 2.969375498971250828e-03
2.613349347345833387e-06 2.613342517751022185e-06
1.856333028674877518e-04 1.855988431443542552e-04
1.561571873618815554e-01 1.317721201971077671e-01
1.944042433068455256e-01 1.566112334911383408e-01
3.459653435161901269e-01 2.262733246019146827e-01
3.594395148904966919e-01 2.302427500257810955e-01
3.675834206106801116e-01 2.324658495028319449e-01
1.995582666211831446e-01 1.597347648443319112e-01
2.410893780831203370e-01 1.829652898586145993e-01
1.309965131915704073e-01 1.138364267232211263e-01
7.206973582035018687e-04 7.201779535213803565e-04
2.566282428239541718e-10 2.566282427580961193e-10
7.151953998469534588e-06 7.151902848023538449e-06
8.322261069055236339e-08 8.322260376454942744e-08
3.787586538777936232e-03 3.773240726989204267e-03
1.798371587361906072e-03 1.795137446995675535e-03
2.662431973062136335e-03 2.655343429050952865e-03
1.942916614977970718e-03 1.939141690005213251e-03
1.617070426539559281e-03 1.614455509775170527e-03
9.005218396275757381e-04 8.997109000439295397e-04
1.173738425368002231e-03 1.172360763476816819e-03
5.698029623821166019e-04 5.694782869661771645e-04
1.105846180260765471e-04 1.105723890683325757e-04
9.702210398284980691e-03 9.608077511672391546e-03
1.921031710968342269e-03 1.917341348133796237e-03
5.964741362430812759e-03 5.929163222910119498e-03
1.140119623771383359e-02 1.127120896206297400e-02
2.981105463205250064e-02 2.892235565377728260e-02
1.319909695455596076e-02 1.302488079414019194e-02
1.147206166837738944e-03 1.145890084848508314e-03
1.818858679451933883e-10 1.818858679121109201e-10
3.765494826911153247e-04 3.764076931782003757e-04
1.165524084105618849e-04 1.165388239466555882e-04
5.688865611495224663e-05 5.688541979575768024e-05
1.866957746612588322e-06 1.866954261081360767e-06
5.263678853902428740e-08 5.263678576839277829e-08
4.918300431917775832e-06 4.918276242238637125e-06
2.932839642111727076e-05 2.932753626628063816e-05
4.911190935120376909e-10 4.911190932708396825e-10
9.019666560972678475e-06 9.019585206587806900e-06
1.988448849601673032e-05 1.988409310313398197e-05
9.176516559240509004e-05 9.175674474678889060e-05
2.765733648051707007e-05 2.765657155225587232e-05
1.942380723126917730e-01 1.565096435769413041e-01
1.942608678198997907e-01 1.565235830537592132e-01
1.943589898590601106e-01 1.565835729200258930e-01
1.952966599101622902e-01 1.571558745380967070e-01
2.841568173725246838e-01 2.034117205132423556e-01
2.986516097983570872e-01 2.094588257632069572e-01
2.378097877492812151e-01 1.812562925999230412e-01
3.658548536214942248e-01 2.320050797030892564e-01
1.473860706307913715e-01 1.256634168148067499e-01
1.344369710722153610e-01 1.163636718811436876e-01
2.337725192564409802e-06 2.337719727605333962e-06
2.280798034036023245e-03 2.275595994363960577e-03
8.691345849841455122e-07 8.691338295892187440e-07
3.049362352675165236e-04 3.048432491599373738e-04
2.999506049645213487e-04 2.998606345991027509e-04
1.892902613058158510e-04 1.892544305027906164e-04
4.728535460601366908e-04 4.726299555841150554e-04
1.419527527309356841e-03 1.417512468908567903e-03
8.643118659150293627e-05 8.642371624148732572e-05
5.294106065890558555e-05 5.293825790300189273e-05
7.317102006910102506e-05 7.316566607092307511e-05
7.617551655764832001e-15 7.617551655764773625e-15
1.598851687501264262e-05 1.598826124234077882e-05
2.350755951577907649e-02 2.295495416139118131e-02
3.864514017179725841e-03 3.849579548590747156e-03
8.323457645964396634e-02 7.630658174122764703e-02
2.562678017580133621e-03 2.556110698958345088e-03
3.543377692815909141e-03 3.530822167341963937e-03
3.447193168817525277e-10 3.447193167629211051e-10
1.292328555303335553e-07 1.292328388292026104e-07
5.581586246658226307e-09 5.581586215504121242e-09
1.022138464734054534e-06 1.022137419967013497e-06
2.346669077394519789e-09 2.346669071887664122e-09
5.080725486952955931e-06 5.080699673181482201e-06
2.963782152875418837e-05 2.963694312828921655e-05
1.237579917392036405e-02 1.222263876872715579e-02
5.162951542504450042e-02 4.896390856201959102e-02
7.291041912020937129e-04 7.285725982804652388e-04
3.350653182865513842e-03 3.339426306113666906e-03
8.333364045340588278e-03 8.263919089028412893e-03
3.298760659418137342e-02 3.189942440536889384e-02
5.951936966119622530e-02 5.597681429633009909e-02
1.942180725194157520e-01 1.564974128262587305e-01
1.942245662484708146e-01 1.565013841140641959e-01
1.942533660041548260e-01 1.565189958002106974e-01
4.022358545595460108e-05 4.022196751912766741e-05
3.551098157261075970e-05 3.550972054279851072e-05
1.526783867492116642e-01 1.293676969688698219e-01
2.243886895696790562e-01 1.740384055628812487e-01
3.658565751790240905e-01 2.320055415772991902e-01
2.609787049010289239e-01 1.928688204892105851e-01
3.241044620172399138e-01 2.190607597177554045e-01
1.422696093577343057e-01 1.220289676109319876e-01
2.932054377017127064e-04 2.931194682730148705e-04
1.104803323641331979e-07 1.104803201582293578e-07
5.907329651735735050e-04 5.903839997374307411e-04
8.201444056408608262e-04 8.194717687947568070e-04
8.959593864163480212e-04 8.951566431942404147e-04
1.944945909783161141e-03 1.941163095191178814e-03
2.497944002131753313e-04 2.497320029707974500e-04
3.434348485497036932e-04 3.433169010545053458e-04
1.878459504349436530e-04 1.878106643338488431e-04
1.133686049826832291e-04 1.133557525420875119e-04
1.718905377082879390e-05 1.718875830725925913e-05
6.988897936060358557e-03 6.940053241699689623e-03
2.563135590428015638e-04 2.562478624022523953e-04
9.300044484444091653e-05 9.299179576169964902e-05
1.252845661581318635e-03 1.251276039329575571e-03
1.813480917752469470e-04 1.813152046448564345e-04
1.242627473569593019e-06 1.242625929446555035e-06
2.287103212460348569e-05 2.287050904049304221e-05
1.455095578917098391e-09 1.455095576799795196e-09
3.022575751420499698e-10 3.022575750506903527e-10
1.178387732264780059e-10 1.178387732125920216e-10
1.095699258547703711e-02 1.083693689895883806e-02
1.408497581962763308e-05 1.408477743308379358e-05
3.221051169427435138e-04 3.220013652363828407e-04
5.387106480001999098e-04 5.384204388379311207e-04
3.948830827212457262e-02 3.792898178193022940e-02
6.385271789161667472e-05 6.384864072203452659e-05
1.090540779002326056e-03 1.089351499811658979e-03
2.335018128067706950e-02 2.280495031483658827e-02
1.477468165609291950e-01 1.259176947570403438e-01
1.940536318291194440e-01 1.563968198030480095e-01
1.942555276725080882e-01 1.565203176411835428e-01
1.942378422614779721e-01 1.565095028950831690e-01
1.942014191098188347e-01 1.564872279255513365e-01
6.331663861503316338e-12 6.331663861463226352e-12
1.027690423230431514e-06 1.027689367082825416e-06
2.539593507918629610e-03 2.533143972733167305e-03
1.262859678525212748e-01 1.103378221760732414e-01
3.462419561077452190e-01 2.263584639384274566e-01
2.119846759009272330e-01 1.670471730841060765e-01
3.658702275657144121e-01 2.320092041467267663e-01
1.425416398900904991e-01 1.222235207875342622e-01
1.438332051159339209e-01 1.231452142220116064e-01
2.117366971623795704e-05 2.117322139194870420e-05
6.632100095511930761e-04 6.627701620344242069e-04
5.331398922515555912e-04 5.328556541068455582e-04
6.836251824835729452e-04 6.831578390934472771e-04
2.192340709195434237e-03 2.187534351410238675e-03
1.311331080768316512e-03 1.309611491564927456e-03
1.067136168753987776e-03 1.065997389151324831e-03
4.391047383285155161e-04 4.389119253572929609e-04
5.316298768590989147e-03 5.288035735994066865e-03
6.802039254443272833e-04 6.797412480641374646e-04
1.956619690814289606e-03 1.952791330199807329e-03
1.449146673106084179e-02 1.428146412304339904e-02
9.746382358664152680e-04 9.736883161756025237e-04
9.521392779505174001e-03 9.430735859043561098e-03
7.565531341835038046e-04 7.559807615386609711e-04
3.866545507543908797e-04 3.865050490127718008e-04
1.518798004527016844e-11 1.518798004503949491e-11
8.372256178734345978e-10 8.372256171724878471e-10
1.907990067614550490e-10 1.907990067250507785e-10
2.335246623760039961e-10 2.335246623214702531e-10
1.337680314539088988e-05 1.337662420652850017e-05
2.375983379823288485e-05 2.375926926853076567e-05
5.005891294899843420e-04 5.003385400134208270e-04
1.737054210730198597e-02 1.706880637420043340e-02
5.887752418233774265e-02 5.541096132849597511e-02
9.474766882483191474e-03 9.384995675005790988e-03
1.917176148655136414e-02 1.880420504805414839e-02
1.560389957827095220e-01 1.316908275778330695e-01
1.831001084155016168e-01 1.495744587137331771e-01
1.913473053057917761e-01 1.547335140580038959e-01
1.933873002309033917e-01 1.559886523403058167e-01
1.567802464395667145e-02 1.543222418722015911e-02
5.232252567952036510e-06 5.232225191485101771e-06
3.378218854937621074e-12 3.378218854926208566e-12
1.429999733196978684e-09 1.429999731152079436e-09
8.950210638131696818e-06 8.950130531861230041e-06
3.035339614290604240e-04 3.034418285633196230e-04
1.469017860594832581e-01 1.253216513120170572e-01
1.372925118137022782e-01 1.184432780135867003e-01
3.657405134814499803e-01 2.319743902797752888e-01
2.094119490629805513e-01 1.655585846526241856e-01
3.041298692391409264e-01 2.116348918757239850e-01
1.240100826481465163e-01 1.086315820497463919e-01
5.806524156200090813e-04 5.803152583922437753e-04
8.857211202733710279e-04 8.849366183704726781e-04
1.466541291808744294e-03 1.464390548448164147e-03
4.619933979100461843e-03 4.598590189129214516e-03
3.062207028101077838e-03 3.052829916218126067e-03
3.495433706037316766e-03 3.483215649244014896e-03
1.018635409386424440e-03 1.017597791289168597e-03
1.411931537701825289e-03 1.409937987034668187e-03
4.149200930869322511e-04 4.147479344032849766e-04
9.905094915457070964e-03 9.806984010172856842e-03
4.569206721269899790e-05 4.568997944769282734e-05
9.617494371170997453e-03 9.524998173191492196e-03
4.511588238301543765e-06 4.511567883873112028e-06
1.181097473973093288e-03 1.179702482730067645e-03
7.418190446218628524e-05 7.417640150723665404e-05
3.208861993784265328e-05 3.208759025831313969e-05
2.725813752354996729e-05 2.725739451748871559e-05
5.757595535611190845e-10 5.757595532296200434e-10
1.965951456479457480e-06 1.965947591514328194e-06
1.235459761788593354e-02 1.220196153558606063e-02
1.913973474493187166e-04 1.913607145047080686e-04
6.678333564216138059e-03 6.633733425021202425e-03
2.960837827605517988e-03 2.952071266964138418e-03
2.781976413563919462e-02 2.704582485907659761e-02
8.571132425767496316e-03 8.497668114707453493e-03
2.740196677219754184e-02 2.665109898921292492e-02
1.094903071788396604e-01 9.750217981272299439e-02
1.860117246021384119e-01 1.514113629126766225e-01
1.912041356773284684e-01 1.546451141772142435e-01
1.910863866174870862e-01 1.545723794669593421e-01
1.775330899685046066e-04 1.775015719704708440e-04
3.554130158125694793e-03 3.541498316944796058e-03
1.132280764080177271e-07 1.132280635874204360e-07
2.461726466502074809e-07 2.461725860492355343e-07
4.741960705290650623e-05 4.741735843377345596e-05
1.447102992499736673e-02 1.426161921790719718e-02
3.699738706095126450e-02 3.562858041161341693e-02
1.065621843186723150e-01 9.520668519190561563e-02
2.691126059671669624e-01 1.966910112767272789e-01
2.113534924116468594e-01 1.666831936570467854e-01
3.590288623721662464e-01 2.301271383559143624e-01
1.204119667463686844e-01 1.059129250106400910e-01
2.897170429956367728e-04 2.896331070306346501e-04
2.925365063362082916e-04 2.924509287286688737e-04
4.017417431933381438e-04 4.015803467651141417e-04
3.218402816100063811e-03 3.208044699413382852e-03
2.472419879007104523e-03 2.466307018948995199e-03
3.826359937651839949e-03 3.811718907279373122e-03
6.245738796097894232e-04 6.241837870786986001e-04
1.988782232412175579e-03 1.984826977644217182e-03
6.128829372939381334e-04 6.125073117991121190e-04
2.557599457775979693e-03 2.551058142789563738e-03
1.308621294040635094e-04 1.308450045071513372e-04
2.243762351344952599e-10 2.243762350841505663e-10
7.637644051001462956e-12 7.637644050943128952e-12
1.822725468244858248e-08 1.822725435021576762e-08
7.480830941591485567e-07 7.480825345308328411e-07
1.292153497967828216e-08 1.292153481271221632e-08
1.120186816452768143e-04 1.120061334602392636e-04
7.479799663898873470e-11 7.479799663339399523e-11
8.160231604793543095e-05 8.159565710995104072e-05
4.092558902822588206e-06 4.092542153784215408e-06
6.574850496726139675e-06 6.574807268067085677e-06
2.414563754089818688e-04 2.413980742277562202e-04
9.834905147942283547e-04 9.825232612015381665e-04
9.232875043354167241e-03 9.147629061787974913e-03
9.247533596014207227e-03 9.162016718404795979e-03
5.688358110677611129e-02 5.364783930724493360e-02
1.462141393612072793e-01 1.248355648120687278e-01
1.531103290153333352e-01 1.296675561641497110e-01
9.378284919362323002e-02 8.498762639074936009e-02
1.704681209971745451e-02 1.675621829695438103e-02
5.327786606824309549e-06 5.327758221514182042e-06
5.837848379137654590e-07 5.837844971090285039e-07
4.425353635251510144e-10 4.425353633293134712e-10
7.491164524073860756e-08 7.491163962898401193e-08
3.958512589640789017e-05 3.958355891421565351e-05
4.134039309738569778e-05 4.133868406928425325e-05
2.278528699070176151e-06 2.278523507377143657e-06
1.646717187607192601e-03 1.644005510111231716e-03
1.480540115235655374e-01 1.261340211953454471e-01
1.588586598357971391e-01 1.336225860309716296e-01
3.585836978307241907e-01 2.300014294807680715e-01
2.374153240025852207e-01 1.810492879313327086e-01
5.271717408337179374e-04 5.268938307893842937e-04
5.333381078414170659e-04 5.330536583041412544e-04
7.609350484199977390e-04 7.603560262720838016e-04
3.327748811700551555e-03 3.316674899546777269e-03
4.958689473010084725e-03 4.934100871720343770e-03
4.020160589797654345e-03 4.003998898629891785e-03
1.041122920926597362e-03 1.040038983990118626e-03
3.984309246529887764e-03 3.968434526357904162e-03
1.511342984309952059e-03 1.509058826693729068e-03
7.293269251447323694e-03 7.240077475073217021e-03
5.671400841540292934e-05 5.671079193665238860e-05
1.378990899012964996e-12 1.378990899011063450e-12
6.688720144820731216e-19 6.688720144820731216e-19
9.152441451738645281e-06 9.152357684554117997e-06
4.151639528419829775e-06 4.151622292309056234e-06
1.033444453907366806e-04 1.033337653163435640e-04
1.490692626189087620e-04 1.490470409738510189e-04
7.192094190774421977e-11 7.192094190257160091e-11
1.016206158025168005e-04 1.016102890529607233e-04
3.465511194350682073e-06 3.465499184582843908e-06
3.078093210522254882e-05 3.077998463944128208e-05
5.371493710554460293e-04 5.368608416086207997e-04
1.937702691357860415e-04 1.937327222185850745e-04
7.045490123372215828e-03 6.995851192293680090e-03
1.010970852616877892e-02 1.000750231968468990e-02
6.018817728334182465e-02 5.656556059865083808e-02
1.265460200120220591e-01 1.105321248311389726e-01
1.070273197840217322e-01 9.557247260387048693e-02
2.727061965458230965e-03 2.719625098494782029e-03
2.283455133266577071e-04 2.282933716532012879e-04
3.705053129333336285e-05 3.704915855146424542e-05
1.141898287994020880e-04 1.141767894824008531e-04
3.248934326269774209e-06 3.248923770695517780e-06
4.766793542688584755e-06 4.766770820367906502e-06
6.014593556296478030e-05 6.014231802940003693e-05
1.167806948548106292e-04 1.167670571241198623e-04
2.540576879134102129e-05 2.540512333825314240e-05
2.359308177888328265e-05 2.359252514537545827e-05
1.571463019374290046e-02 1.546768059161680517e-02
3.060234506280872652e-02 2.966584153946551228e-02
2.011727739929644598e-01 1.607022889969401125e-01
1.449020118648131350e-01 1.239054188223426833e-01
5.789719121531459404e-04 5.786367036780836783e-04
5.585002191402462825e-04 5.581882966454665895e-04
8.813709132305970733e-04 8.805940985439081195e-04
2.563416406664974483e-03 2.556845302991015388e-03
3.691075619650935422e-03 3.677451580420953905e-03
2.821079811527347266e-03 2.813121320224340124e-03
7.632692500614526778e-04 7.626866701133632864e-04
1.759974241640636840e-03 1.756876732309398332e-03
4.825155773316777827e-04 4.822827560493100733e-04
6.598225118584022907e-03 6.554688543868509611e-03
6.732233244847223778e-05 6.731780015202592853e-05
2.119094853391598661e-11 2.119094853346693093e-11
7.677892374499584679e-13 7.677892374493689806e-13
3.257145392837972269e-06 3.257134783841862006e-06
1.209963742417756560e-05 1.209949102295176919e-05
5.093275630882231310e-06 5.093249689425578933e-06
5.486366387730538981e-05 5.486065385569134466e-05
1.975017367929185552e-06 1.975013467235581864e-06
1.627126481633214329e-04 1.626861727574491006e-04
3.467371863950724834e-05 3.467251637274295479e-05
2.978700626936273697e-06 2.978691754278848656e-06
3.305722132948600784e-04 3.304629353066574357e-04
4.555636268581495646e-04 4.553560886400334325e-04
3.933415595985470178e-03 3.917943837734728062e-03
9.315101913279727128e-03 9.228330789624939953e-03
4.257317175377145491e-02 4.076069680059533212e-02
8.318508105520476537e-02 7.626532334504378119e-02
5.563073900533424543e-02 5.253595988305462955e-02
8.508010051900351299e-04 8.500771428396027484e-04
1.596307187370264800e-04 1.596052367706619695e-04
5.229618686046873043e-05 5.229345196930858654e-05
1.544151007654819550e-04 1.543912567421375389e-04
6.532890743087510935e-06 6.532848064426050182e-06
1.111801423472026416e-05 1.111789062447974143e-05
1.493345132491748605e-05 1.493322831694901172e-05
3.370287721457028039e-05 3.370174133063774061e-05
5.053375315363240024e-06 5.053349778761161924e-06
1.214963711608290850e-05 1.214948950240085636e-05
1.208435858313360056e-04 1.208289826590994251e-04
3.841675053954155938e-03 3.826916586733982231e-03
7.920125006184954020e-02 7.292841205048991582e-02
9.515285189190839099e-02 8.609878666874493103e-02
1.116601481396594514e-03 1.115354682528337492e-03
1.415810510616599335e-03 1.413805991214626837e-03
1.952949899704191404e-03 1.949135886393436792e-03
5.372022893594141993e-03 5.343164263624842515e-03
4.017063890207519215e-03 4.000927087909510009e-03
4.202094192269706201e-03 4.184436596668999510e-03
1.301859410236048953e-03 1.300164572312028852e-03
3.479150304073102933e-03 3.467045817234770937e-03
1.670302067252870835e-03 1.667512158257001588e-03
5.296189893086407537e-03 5.268140265702776770e-03
2.017140926494504220e-04 2.016734040742770276e-04
1.477262954528241136e-04 1.477044723944559033e-04
2.518698567908320048e-05 2.518635129483560360e-05
3.542687550654352016e-05 3.542562044303536176e-05
2.855266881633313698e-05 2.855185356143660034e-05
9.192668255524165405e-07 9.192659805009200131e-07
2.814175852130282708e-04 2.813383893557611288e-04
1.064362553586207967e-05 1.064351224909753129e-05
8.628216901344688307e-04 8.620772288655023348e-04
1.749000080854128147e-04 1.748694180725845495e-04
2.051723987117930941e-04 2.051303029985999341e-04
2.691249938768463298e-03 2.684007112535542056e-03
3.409909608046476047e-03 3.398282124511428377e-03
1.277884208960975397e-02 1.261554328445857291e-02
1.671141041962127816e-02 1.643213918140825139e-02
5.643899972688224548e-02 5.325363903671122973e-02
6.427221876954200552e-02 6.014130066398213487e-02
6.935779325119117988e-02 6.454728976651620542e-02
5.692561040557348774e-03 5.660155789356877652e-03
1.549268328061586273e-03 1.546868095709251576e-03
1.596433046616125911e-04 1.596178186768893012e-04
8.127156909274348270e-04 8.120551841331551243e-04
3.299036844057596206e-05 3.298928007616611541e-05
4.228416925815475856e-04 4.226628974845623348e-04
1.450134126294223727e-05 1.450113097404381265e-05
4.355951048920251933e-05 4.355761305824846363e-05
1.038206539516919401e-05 1.038195760788732370e-05
1.470935866264688329e-04 1.470719501032422038e-04
1.305500835421922632e-03 1.303796502990635332e-03
8.714843578761084092e-03 8.638895080158810746e-03
5.737365937570237245e-02 5.408192258554325033e-02
8.970325998270090029e-02 8.165658513117687867e-02
1.088164922590150949e-03 1.086980819691395249e-03
1.293188488720929197e-03 1.291516152253568842e-03
1.923063035822113317e-03 1.919364864382367992e-03
3.602385438924485348e-03 3.589408258073909994e-03
2.211606451854982759e-03 2.206715248757096237e-03
1.466983262262091647e-03 1.464831222370334592e-03
5.399599791652844559e-04 5.396684223861842808e-04
1.098765756575489569e-03 1.097558470387666749e-03
1.074604508656634228e-03 1.073449733806608984e-03
5.820404680516674638e-03 5.786527569871694615e-03
2.049092322969931640e-04 2.048672445035126127e-04
5.396103369912865931e-05 5.395812190597077881e-05
9.191900670793887694e-06 9.191816179755945730e-06
1.070490308794624472e-05 1.070478849299612319e-05
7.851280086463393768e-05 7.850663660473432422e-05
1.581155385513263896e-06 1.581152885460910732e-06
4.557607282924584996e-04 4.555530104510048420e-04
8.911356611353127797e-07 8.911348670125462381e-07
6.414574858989547605e-04 6.410460181927389155e-04
4.369263311982549150e-06 4.369244221520659962e-06
3.098469170720904824e-05 3.098373165608885542e-05
1.283035242127232838e-03 1.281389062694692285e-03
1.001765059033315726e-03 1.000761525799815765e-03
6.568736492750934172e-03 6.525588193639736759e-03
1.091831508117971708e-02 1.079910547696780014e-02
2.311111528302261381e-02 2.257699163339745366e-02
2.260961564611838753e-02 2.209842092645318556e-02
3.074309666418549927e-02 2.979795867168204618e-02
1.653333301571917281e-03 1.650599790565830671e-03
4.362268013292599535e-04 4.360365075070619803e-04
1.097557651336364843e-04 1.097437188056564180e-04
1.918933900087408794e-04 1.918565669356118335e-04
6.333645291461242141e-07 6.333641279954974315e-07
4.257954442665292435e-04 4.256141425061711375e-04
4.440749710087095114e-06 4.440729989829107130e-06
1.437716612887887592e-04 1.437509909981990268e-04
8.180569661803421158e-07 8.180562969631422301e-07
4.664453821771459575e-07 4.664451646058514112e-07
2.151299043288622487e-05 2.151252762412885966e-05
7.989450218273541756e-04 7.983067086794514225e-04
1.390983863297955321e-02 1.371635502218402324e-02
2.331519912800194064e-02 2.277160061762355941e-02
2.394362319969497652e-03 2.388629349050207760e-03
2.188047381378311132e-03 2.183259830035154652e-03
3.257746345312884789e-03 3.247133434062485311e-03
4.948937965086774859e-03 4.924445978104497953e-03
3.919781962968142512e-03 3.904417272330931981e-03
2.604449985224194328e-03 2.597666825498660091e-03
1.094725146017432472e-03 1.093526722872109657e-03
2.582005486763174536e-03 2.575338734429499354e-03
2.469607488650432583e-03 2.463508527502434198e-03
1.382106382520325270e-02 1.363004201994291037e-02
2.560058624527744120e-04 2.559403234511642010e-04
4.566424946992966058e-05 4.566216424625000746e-05
5.231358095276326432e-06 5.231330728168805064e-06
1.627967796810710041e-06 1.627965146531562626e-06
1.238239982399664196e-04 1.238086658574262891e-04
3.226403394344431511e-06 3.226392984665568525e-06
4.931704981452644278e-04 4.929272810050236040e-04
6.670509323289159220e-06 6.670464827594526830e-06
6.306592778213380860e-04 6.302615466966360021e-04
9.112951772021894744e-06 9.112868726131895608e-06
4.542465095085566163e-05 4.542258755194165639e-05
2.798003441936262620e-03 2.790174618675175626e-03
1.642903266122255988e-03 1.640204134980420862e-03
8.955159627778571177e-03 8.874964743819576188e-03
1.024714706504528151e-02 1.014214304207261552e-02
1.668329712285900740e-02 1.640496471996941152e-02
1.397699711081875316e-02 1.378164066258291687e-02
2.972618501591659662e-02 2.884253894031609325e-02
1.621845702063419567e-03 1.619215318582117955e-03
8.031834103083241661e-04 8.025383067177296577e-04
1.430565862719316303e-04 1.430361210850558586e-04
5.860545817070945995e-05 5.860202357098205888e-05
8.995498035515468850e-08 8.995497226325620368e-08
2.433243214531332125e-04 2.432651147277225981e-04
7.720960912498361938e-06 7.720901299260950315e-06
1.009012826194814760e-04 1.008911015506472249e-04
3.333112135626415998e-06 3.333101025989907203e-06
2.822471554858326881e-06 2.822463588512649038e-06
2.151427805209591251e-05 2.151381518793580951e-05
9.325925515180816293e-04 9.317228226509346317e-04
7.881855083017808017e-03 7.819731443468114565e-03
2.612422792212060196e-02 2.544175263759369462e-02
2.916864973367446455e-03 2.908356872094588780e-03
2.704322875286054462e-03 2.697009513072258936e-03
3.593031471881012132e-03 3.580121596723084484e-03
5.619660150902488702e-03 5.588079570690847146e-03
6.348869634904577737e-03 6.308561489263564415e-03
7.928259130059340035e-03 7.865401837225970139e-03
6.041546420783040425e-03 6.005046137628563922e-03
1.458338537260868428e-02 1.437071024368266788e-02
1.727511351573713869e-02 1.697668396875553348e-02
5.008586153650696621e-02 4.757726801065281785e-02
3.623220464584332723e-03 3.610092738049350009e-03
1.694067512420403473e-04 1.693780525946739538e-04
5.503157231696959527e-05 5.502854384301791727e-05
1.287743668926685534e-05 1.287727086089116940e-05
4.040006233486026694e-04 4.038374068449366357e-04
2.008955574836387592e-06 2.008951538933885926e-06
3.598870429165432899e-04 3.597575242328840905e-04
2.064694601996118484e-06 2.064690339032319078e-06
2.821084838689524909e-04 2.820288986722816415e-04
4.912901605525477858e-05 4.912660239503622103e-05
6.804755623875882330e-05 6.804292576884875732e-05
4.721465631073172228e-03 4.699173393367767244e-03
3.721521595916758851e-03 3.707671872927884114e-03
1.362045116065577037e-02 1.343493447083596130e-02
1.421387001282853682e-02 1.401183591208695137e-02
1.549344002885827409e-02 1.525339334493044582e-02
1.308407071224972421e-02 1.291287780584657319e-02
2.691464260448619278e-02 2.619024461795897013e-02
1.251784090675843279e-03 1.250217127266174027e-03
3.503965726583538939e-04 3.502737949002231849e-04
4.843235152246209199e-05 4.843000582978809759e-05
1.207395916189641192e-05 1.207381338140656953e-05
7.852372785592375503e-07 7.852366619616538891e-07
1.407542711685047933e-04 1.407344594036526229e-04
1.895371323146838183e-05 1.895335398822311953e-05
2.732000431721172211e-04 2.731254049085279694e-04
7.998415837664549634e-05 7.997776091105428167e-05
3.705289567049364777e-05 3.705152275341607691e-05
6.049111321179647169e-05 6.048745403701887089e-05
6.273030837589780272e-03 6.233679921700427569e-03
1.138619010010891511e-02 1.125654477511309724e-02
9.812223580778936527e-02 8.849426264786994234e-02
3.286640202576441259e-03 3.275838198755249338e-03
2.672271371437543851e-03 2.665130337154939313e-03
4.062698347531487099e-03 4.046192829668451667e-03
4.986436053048793997e-03 4.961571508537649181e-03
4.931600315825112116e-03 4.907279634150065427e-03
7.622887645977603939e-03 7.564779229914405864e-03
6.454326112986290276e-03 6.412667787413513232e-03
1.404293454017165391e-02 1.384573052967210706e-02
2.048988526576940930e-02 2.007004986756501588e-02
6.584635891265978869e-02 6.151061593060497962e-02
7.863768871357593865e-03 7.801930010495461594e-03
9.764681526233736589e-04 9.755146625702859880e-04
3.446437131466147325e-04 3.445249338576032499e-04
1.057471434573362836e-05 1.057460252115013371e-05
1.279430277809721482e-04 1.279266583626143927e-04
1.626953719439447242e-06 1.626951072461041957e-06
1.693378366784273684e-04 1.693091613754964361e-04
1.394782027746905547e-07 1.394781833205215045e-07
2.770733160773063315e-04 2.769965464548242639e-04
9.333069895287721390e-05 9.332198833351017578e-05
2.527551943285409044e-04 2.526913091402808488e-04
7.196567567150661572e-03 7.144776982402096556e-03
3.177826352803773957e-03 3.167727772475199648e-03
9.145538501683822888e-03 9.061897627198041080e-03
6.261212676110614050e-03 6.222009891935126151e-03
6.778354564904267784e-03 6.732408474296709168e-03
9.717382284767178691e-03 9.622954766298871115e-03
2.520756223920120678e-02 2.457214104515800454e-02
2.358442648036418021e-03 2.352880396312340919e-03
9.233871032127445718e-04 9.225344594703649946e-04
7.389227348272685162e-05 7.388681341464640659e-05
1.356476951459775822e-06 1.356475111430056078e-06
6.214928138631195606e-07 6.214924276098018402e-07
1.587791135415928746e-05 1.587765924609031850e-05
3.632851564657586866e-06 3.632838367047096008e-06
2.707646039387172446e-05 2.707572725916426479e-05
3.046218296135766288e-06 3.046209016689858614e-06
3.173044304763924844e-05 3.172943622662325165e-05
1.525012504515770213e-04 1.524779938201877222e-04
1.950399534558019607e-02 1.912358951113978314e-02
2.915694318077467068e-02 2.830681584512774809e-02
1.458818751918191103e-01 1.246003536823376279e-01
4.304346757577645708e-04 4.302494017476698606e-04
5.064564872495620589e-04 5.061999890760848515e-04
7.025495453043785954e-04 7.020559694407711888e-04
1.700592539236770156e-03 1.697700524252262382e-03
1.781319531173657751e-03 1.778146431901516918e-03
1.492746897586935857e-03 1.490518604286680511e-03
4.716666984100358929e-04 4.714442289356468693e-04
1.340795777708986064e-03 1.338998044391463910e-03
2.196056075062160096e-03 2.191233412777342585e-03
4.661873556743196395e-02 4.444542906152582074e-02
1.005273535135229853e-03 1.004262960254786617e-03
3.127131513349109665e-06 3.127121734397607803e-06
3.615012257540090767e-11 3.615012257409407862e-11
1.590532904645751226e-06 1.590530374850830536e-06
1.271779938999838180e-04 1.271618196578513959e-04
6.061282969524884976e-07 6.061279295609761503e-07
1.423854388250644205e-04 1.423651652118750066e-04
1.185265071368037998e-07 1.185264930882709052e-07
2.257305206780889644e-04 2.256795664101233720e-04
3.585121690575374552e-06 3.585108837477838354e-06
3.086843371538750100e-05 3.086748085518746298e-05
6.443642893193528981e-03 6.402122359458525119e-03
5.095240083873759946e-04 5.092643936722528316e-04
7.045561264026682993e-03 6.995921330501529353e-03
2.026598032546612655e-03 2.022490932961090813e-03
2.605874193658857391e-03 2.599083613345680097e-03
5.122199325011188992e-03 5.095962399086043614e-03
2.979753333826777595e-02 2.890964034522259737e-02
7.166510279156819256e-04 7.161374392198692875e-04
2.005621920276315500e-05 2.005581695083444538e-05
2.964776353632079340e-06 2.964767563733252433e-06
3.131137618839392055e-08 3.131137520799163881e-08
2.964776340047120139e-06 2.964767550148373701e-06
1.827567512816636244e-07 1.827567178816334812e-07
2.574134346008064943e-07 2.574133683391301959e-07
3.967271996480951835e-06 3.967256257233857477e-06
2.064861562989615436e-13 2.064861562989189073e-13
6.234741683959424552e-12 6.234741683920552718e-12
4.647249896762500817e-05 4.647033927446471061e-05
1.511025830575698781e-01 1.282705924509000839e-01
1.464703113163211001e-01 1.250167592192210908e-01
1.559282642245786721e-01 1.316146406404886393e-01
1.711858720286426770e-04 1.711565674258604748e-04
1.906718367941039841e-04 1.906354810447575556e-04
4.246762988312543629e-04 4.244959488724653492e-04
1.339237352950863697e-03 1.337443796263324816e-03
4.919390725966108456e-04 4.916970685454636085e-04
7.352782614320153756e-04 7.347376273102809328e-04
9.414728561493882289e-05 9.413842190355016753e-05
3.309085022992409213e-04 3.307990018623469756e-04
8.490021389231430500e-05 8.489300584599534768e-05
1.397621435429572193e-02 1.378087978661850059e-02
5.964339404177486788e-05 5.963983670732204843e-05
8.984948343269252003e-10 8.984948335196322844e-10
1.597074817550591265e-06 1.597072266902618327e-06
7.469454014395693574e-08 7.469453456468261256e-08
3.751278028687339607e-06 3.751263956600490977e-06
5.983980452392858154e-07 5.983976871590653085e-07
1.569851518122225987e-04 1.569605074743330787e-04
5.871822127496883588e-08 5.871821782713932941e-08
4.420925308695414094e-04 4.418970850636907521e-04
5.790632706137243836e-06 5.790599174710106530e-06
9.879823581230950769e-08 9.879822605121810527e-08
4.860924617512939194e-03 4.837296029375795677e-03
1.319825305508222401e-04 1.319651111624516406e-04
5.426966344259267008e-03 5.397514380557544636e-03
1.187307640036240229e-03 1.185897940604151851e-03
1.385265194241446169e-03 1.383346234583069474e-03
3.657243007541578165e-03 3.643867581125366430e-03
3.441893265676652935e-02 3.323426973153550262e-02
9.283885584538079799e-04 9.275266531383400933e-04
3.733854001085918376e-05 3.733714584428904343e-05
5.825857903785009661e-06 5.825823963164694526e-06
9.000405318623547278e-14 9.000405318622736960e-14
2.861081563290680690e-06 2.861073377502968909e-06
1.827772393177499208e-07 1.827772059102307093e-07
2.510049475374978312e-11 2.510049475311974937e-11
2.847749071752266195e-13 2.847749071751455372e-13
1.212918526060458553e-11 1.212918526045746855e-11
2.680859756037222175e-06 2.680852569028190768e-06
1.866443933186198376e-02 1.831607803628922809e-02
1.530149205858800376e-01 1.296013546639768754e-01
1.531103558042981594e-01 1.296675747497793851e-01
1.603209173739625903e-01 1.346181208263336482e-01
4.826950900672469539e-04 4.824620955172719515e-04
5.388503392043037573e-04 5.385599795162431588e-04
1.078534933512186739e-03 1.077371695909380613e-03
4.745320534283231292e-03 4.722802467310141007e-03
2.520044277781904180e-03 2.513693654619922942e-03
3.886908116131563250e-03 3.871800061428313719e-03
1.367895553749602644e-03 1.366024415503634725e-03
2.732442604823977651e-03 2.724976362235320346e-03
6.203497297539276078e-04 6.199648959667217966e-04
4.931679350546917806e-02 4.688464738380809099e-02
3.743457708375993662e-04 3.742056360814553697e-04
5.110147325936892002e-05 5.109886189879964325e-05
1.148431087462309581e-05 1.148417898522683075e-05
1.372926789211164994e-05 1.372907939931479715e-05
3.840248889526652581e-09 3.840248874779141435e-09
4.657584221578342561e-08 4.657584004647435019e-08
4.761352487856752283e-05 4.761125783081616102e-05
5.995564599123524451e-08 5.995564239655575508e-08
4.219865970005180398e-04 4.218085243124699841e-04
3.064613289009451707e-06 3.064603897154840489e-06
8.967180430433335957e-06 8.967100020108464845e-06
3.129082236712777462e-03 3.119291081068665834e-03
5.053850317822666111e-04 5.051296177519169978e-04
1.230388157266068538e-02 1.215249607090662654e-02
2.544498493038143370e-03 2.538024020457069901e-03
1.732930363117571098e-03 1.729927315474156374e-03
3.185205960141566494e-03 3.175060423133045043e-03
4.598616286721554647e-02 4.387143569196547133e-02
4.585247436088956373e-03 4.564222942038795652e-03
3.657068258338810277e-03 3.643694110092660955e-03
1.181146751500491736e-05 1.181132800424005871e-05
1.095236091797242986e-04 1.095116137587565482e-04
5.827864279964637807e-06 5.827830315962571932e-06
2.861093894185079342e-06 2.861085708326808023e-06
2.419218446768624385e-10 2.419218446183362565e-10
5.307229346947123204e-11 5.307229346665456573e-11
3.213227882814548520e-06 3.213217557981121705e-06
1.521231776143622816e-01 1.289817164468714528e-01
1.523177701182693022e-01 1.291170670244673746e-01
1.874471161826900822e-01 1.523106948174831610e-01
1.733822255503118248e-01 1.433208294135326355e-01
2.036237780296014654e-01 1.621611350505530735e-01
1.113221394813302290e-04 1.113097468625915348e-04
1.543327272958381637e-04 1.543089087051235995e-04
2.205243759190223289e-04 2.204757449186478492e-04
1.436661085407253419e-03 1.434597090332929850e-03
4.489787787753225464e-04 4.487771968315319520e-04
1.892885207279236060e-03 1.889302192871299482e-03
2.396093622070733376e-04 2.395519495606160474e-04
3.974486688568364058e-04 3.972907034124603448e-04
2.340677654405842211e-05 2.340622866687023832e-05
2.404814353864958947e-03 2.399031221788403868e-03
2.310916710409375115e-05 2.310863307048950714e-05
3.362991333118697627e-04 3.361860362048034608e-04
1.332450647009659483e-05 1.332432892762392284e-05
2.494771079632099225e-05 2.494708840804701696e-05
2.902959157837668377e-03 2.894531985965594859e-03
5.141155130525869317e-08 5.141154866211108878e-08
5.947086167798766598e-08 5.947085814120427479e-08
6.079472445237474135e-08 6.079472075637621480e-08
2.028173626288366180e-06 2.028169512800107599e-06
2.232040949471949373e-09 2.232040944489942700e-09
8.484621606804917014e-10 8.484621599606036521e-10
1.507651442111616023e-03 1.505378429240714728e-03
1.887281129459258389e-05 1.887245511158642256e-05
2.443012286052552353e-03 2.437043977022748577e-03
1.591885495504395459e-04 1.591632085561315733e-04
1.578361301186929856e-04 1.578112178747221402e-04
8.563553144376599875e-04 8.556219700130943562e-04
1.767132813661588531e-02 1.735905229850393319e-02
6.225779847616901062e-05 6.225392244269791137e-05
8.071844771335321965e-07 8.071838255867520681e-07
2.965731513814227471e-06 2.965722718250815637e-06
1.919476226114685959e-09 1.919476222430296952e-09
5.825857999019231239e-06 5.825824058397806490e-06
4.135652760185273463e-11 4.135652760014237070e-11
5.825884923925439436e-06 5.825850982990292319e-06
2.381320853675349028e-04 2.380753784774534249e-04
7.598741298610714283e-03 7.541000429287502207e-03
1.548230805289288747e-01 1.308528942644616722e-01
1.554728397781663107e-01 1.313010358694789437e-01
1.991849652413074934e-01 1.595103148631266121e-01
7.294400968999198431e-02 6.762318114033834260e-02
3.904356085697078399e-02 3.751916121257880404e-02
2.182580245104487750e-04 2.182103879451855648e-04
2.901604368645757377e-04 2.900762437854542859e-04
1.939068378706446474e-04 1.938692380088716683e-04
1.467777041496813335e-03 1.465622672053268263e-03
6.719286237916235202e-04 6.714771357161530190e-04
1.913071414544032260e-03 1.909411572306886741e-03
2.164235920306369282e-04 2.163767528594494815e-04
2.068174430588164830e-03 2.063897085112825942e-03
3.101500106931737975e-06 3.101490487628824747e-06
5.121164707569684366e-03 5.094938379607626827e-03
1.718032733529586160e-09 1.718032730577949722e-09
3.342826174832231722e-04 3.341708726148717528e-04
6.956500204752685032e-06 6.956451811857586147e-06
3.093471821389652023e-03 3.083902253479920124e-03
2.035208062481766878e-03 2.031065990624176306e-03
2.181654914658065847e-05 2.181607318476399358e-05
5.499063919153045470e-08 5.499063616756005331e-08
5.568174963942284715e-08 5.568174653896560222e-08
1.316139367447766534e-09 1.316139365715543625e-09
2.252475887410909126e-09 2.252475882337261595e-09
1.862800336314566764e-09 1.862800332844541613e-09
2.044886055734062266e-09 2.044886051552503383e-09
1.779832726036578293e-11 1.779832726004900184e-11
2.209746977397709244e-12 2.209746977392826132e-12
1.036411103870694558e-05 1.036400362390932324e-05
6.213224519458027061e-12 6.213224519419422606e-12
1.117227140358958316e-10 1.117227140234138700e-10
7.827107410497201150e-04 7.820981049455655353e-04
1.021496460201975903e-13 1.021496460201871521e-13
2.494308184660788037e-12 2.494308184654566411e-12
1.963938981700243523e-11 1.963938981661672996e-11
5.829908671763140773e-06 5.829874683928019923e-06
5.825857919577268960e-06 5.825823978956770018e-06
5.825887847618482338e-06 5.825853906649269250e-06
3.877863787819441684e-04 3.876360005063753372e-04
1.519110092551766156e-01 1.288340545222502742e-01
1.520085232239327400e-01 1.289019320912118405e-01
1.520600462542568421e-01 1.289377885874101182e-01
1.520520564531987473e-01 1.289322285815520108e-01
1.622081282284569270e-01 1.358966513650773922e-01
5.354138228654975202e-04 5.351271549037821176e-04
1.867786327873487487e-02 1.832900070207576365e-02
3.957140773145783772e-04 3.955574876835934268e-04
6.733459163876321166e-04 6.728925216645161847e-04
4.358177880220436874e-04 4.356278508776872732e-04
1.365076154318775083e-02 1.346441825247877803e-02
1.972949414379974228e-03 1.969056884988271746e-03
1.042115338833828758e-02 1.031255295039501356e-02
2.818008876596365692e-03 2.810067702567789830e-03
3.180658219072693416e-03 3.170541632366138864e-03
4.549439170438857212e-03 4.528741773673333922e-03
5.496302431743994160e-02 5.194209027532045025e-02
2.170994348948570001e-03 2.166281132485403226e-03
1.979163937731122716e-02 1.939993038806969022e-02
6.660953563757907600e-04 6.656516733520054067e-04
2.071141616959090454e-03 2.066851989361590675e-03
4.192500889757944105e-02 4.016730252651732475e-02
4.390104807024244665e-05 4.389912076822078286e-05
3.276862937805154023e-03 3.266125107091993190e-03
1.225699586908291909e-08 1.225699571884897169e-08
7.286496902769772931e-11 7.286496902238843178e-11
2.316196497533461198e-09 2.316196492168694895e-09
5.300970934012202555e-13 5.300970934009392443e-13
5.478162128601225856e-06 5.478132118340918849e-06
4.630061385609494625e-04 4.627917638766043261e-04
6.286992642765498957e-04 6.283040015116480052e-04
4.094515424396076293e-04 4.092838918740014415e-04
3.684607905893855353e-05 3.684472142539653498e-05
2.080167442527497496e-05 2.080124171561607905e-05
4.176318392179835716e-05 4.176143975826706873e-05
6.009884007932764278e-08 6.009883646745706383e-08
1.575749356908304986e-07 1.575749108609701309e-07
9.870109193137445444e-07 9.870099451231897265e-07
1.183521936814438624e-06 1.183520536090263786e-06
1.253933722406462518e-08 1.253933706682964772e-08
1.173489515956213679e-04 1.173351808191807824e-04
1.178258336780339949e-01 1.039429065961102600e-01
1.556376314172678021e-01 1.314145591040905003e-01
1.543512350667810562e-01 1.305269313001403697e-01
1.642747522494827084e-01 1.372885580228537794e-01
8.981958998431931185e-02 8.175203123936808369e-02
5.045098783743541537e-02 4.790568566366235764e-02
9.021048844797277533e-03 8.939669522537059543e-03
1.961371253162001727e-02 1.922901481234699089e-02
2.048902827391843855e-03 2.044704824595749374e-03
3.682033229631766214e-03 3.668475860927653855e-03
2.394566628923405858e-03 2.388832679583052180e-03
6.278609447639729724e-02 5.884400081679821287e-02
3.769113927606186892e-03 3.754907707806912076e-03
5.314895733386771487e-02 5.032414566819042728e-02
1.272692099795699749e-02 1.256494647986875803e-02
1.854344940567823063e-02 1.819958988981728101e-02
2.010643660505105623e-02 1.970216781209811752e-02
1.138523092173460011e-01 1.008899609032238298e-01
3.310538430861907373e-03 3.299578766159693907e-03
4.801629487545313463e-02 4.571073030188666647e-02
6.021801888178594710e-04 6.018175678380547223e-04
1.296250955843599763e-02 1.279448290438345293e-02
8.840675188135579694e-04 8.832859434357367978e-04
1.682472800056039391e-03 1.679642085333110874e-03
3.062448643390764985e-04 3.061510784221424270e-04
9.108165064154764227e-05 9.107335477446405205e-05
1.078289616372307648e-03 1.077126907875531345e-03
3.010163242917836724e-04 3.009257134642935138e-04
6.317462199673469416e-04 6.313471166809039642e-04
2.350939762924522571e-04 2.350387071147632496e-04
4.862995490871068784e-04 4.860630618356645300e-04
6.724199301662605851e-04 6.719677816037758272e-04
3.067310488823769615e-04 3.066369649460284593e-04
4.270427614195456477e-06 4.270409377643447988e-06
7.296913944537108824e-05 7.296381495005969161e-05
1.892644963124152203e-05 1.892609142074587662e-05
2.473465215557560853e-07 2.473464603754543662e-07
2.662421238718533093e-05 2.662350353850009339e-05
5.144596592418854754e-05 5.144331923677867652e-05
9.206370018410042658e-05 9.205522445920884093e-05
4.233434053145128437e-08 4.233433873925489577e-08
1.520602237307136784e-01 1.289379120896789743e-01
1.520834159718651712e-01 1.289540505581938112e-01
1.521094606355608003e-01 1.289721726207195829e-01
1.520833890893096840e-01 1.289540318524193263e-01
1.521885157970213898e-01 1.290271714565211503e-01
2.022153324664782042e-04 2.021744414257936834e-04
3.288789627384469672e-02 3.180628255252553049e-02
4.693402318260495379e-03 4.671374292939442507e-03
2.142444169846581536e-02 2.096543499637485569e-02
3.947681728275446653e-03 3.932097537247687159e-03
8.244266926356163747e-03 8.176298989203153664e-03
4.882046665154155841e-03 4.858212285513413033e-03
5.550356669580754077e-02 5.242292077985158394e-02
3.591361850263860567e-03 3.578463970324330043e-03
3.789509067897153805e-02 3.645905278140406519e-02
3.388963015859177731e-03 3.377477945536316601e-03
1.501199564800729342e-03 1.498945964667371383e-03
7.885813461074542242e-04 7.879594855680255349e-04
7.163518057353536472e-02 6.650358147773234585e-02
5.520544213407000246e-04 5.517496572565781885e-04
8.802334411495981586e-03 8.724853320404174842e-03
1.128360783663351786e-03 1.127087585605242390e-03
5.222788834051908177e-03 5.195511310846810844e-03
4.641184841150179478e-04 4.639030781477207098e-04
4.660313144898359174e-04 4.658141293037508079e-04
3.890824387142197507e-04 3.889310535701039399e-04
1.536886860121601604e-04 1.536650657999520078e-04
3.254091206189403413e-03 3.243502096611204383e-03
8.529257837154647411e-04 8.521983013229381468e-04
8.883060797079833258e-04 8.875169920167371796e-04
8.798128031101201804e-04 8.790387325416037199e-04
8.632509333627899194e-04 8.625057311888381650e-04
7.111313787600855160e-04 7.106256709222282496e-04
3.544227485029570056e-04 3.542971330183006381e-04
2.486007667065766356e-07 2.486007049042354136e-07
2.175704993880663531e-05 2.175657656958459695e-05
6.366742792009702733e-08 6.366742386655564994e-08
8.245533673304064228e-07 8.245526874421508953e-07
1.637824380705442434e-06 1.637821698236740365e-06
1.427822287687532799e-06 1.427820249011047626e-06
5.034625734144106147e-06 5.034600386687823326e-06
2.841545685168179146e-03 2.833471303287281307e-03
1.520460061292511489e-01 1.289280181493948629e-01
1.519554652295864727e-01 1.288650018164464173e-01
1.520971598991332496e-01 1.289636138497507467e-01
2.045175541805938373e-04 2.044757267506258213e-04
1.804913098058583324e-05 1.804880520945667828e-05
5.795411871494135301e-06 5.795378284695375113e-06
1.168885646966080034e-03 1.167519353310396673e-03
1.168217519860920736e-04 1.168081046643549794e-04
1.008155060621016832e-03 1.007138683994761091e-03
3.006615610142177909e-03 2.997575872715027134e-03
8.748110727723476879e-03 8.671581286418966056e-03
3.176882140444593685e-03 3.166789560310317823e-03
3.598915689236194260e-02 3.469393747853889709e-02
3.287174821264078357e-03 3.276369302958525784e-03
2.126270378848639855e-02 2.081060121608948460e-02
2.821150743326966085e-03 2.813191851810391796e-03
1.914931986379322547e-03 1.911265021866863888e-03
1.213026971108038463e-03 1.211555536675402913e-03
6.104643605714855231e-02 5.731976870186902828e-02
2.036764313189316268e-04 2.036349472302568056e-04
1.786038574758228720e-02 1.754139236852984840e-02
8.853638020266138640e-04 8.845799329646748376e-04
1.816643313477191157e-02 1.783641384193177318e-02
2.938609727494540750e-04 2.937746184781488048e-04
2.096911495479900078e-03 2.092514457660024207e-03
3.674690205068329276e-04 3.673339870258006791e-04
1.156103862176718975e-04 1.155970204562704916e-04
2.991736547290526748e-03 2.982786059722132913e-03
9.058558605087084579e-04 9.050352856686905232e-04
8.548218745879531321e-04 8.540911541506790569e-04
8.757269474570678362e-04 8.749600497705653122e-04
6.803544107808634110e-04 6.798915286565944795e-04
2.806409324474311472e-05 2.806330565141346617e-05
3.478156349304399159e-08 3.478156228328683340e-08
2.168801059833791170e-08 2.168801012796810838e-08
6.620763061209818254e-07 6.620758677759466595e-07
3.291760024277455897e-09 3.291760013441772030e-09
5.781576943052093534e-07 5.781573600388898659e-07
5.284713590899711777e-07 5.284710798079938504e-07
6.172219074851799023e-05 6.171838111968719527e-05
1.517047096789148342e-01 1.286903907401509839e-01
1.516790827112148021e-01 1.286725385790992715e-01
1.520581427133924635e-01 1.289364639479460284e-01
1.520510900219617656e-01 1.289315560450950415e-01
1.501408194862283163e-01 1.275985538102321071e-01
8.110544219405312991e-06 8.110478438477778702e-06
2.551134332182286533e-05 2.551069249318478209e-05
2.863457246965690307e-06 2.863449047578285188e-06
1.046595989945723042e-03 1.045500626779552510e-03
3.681375956324706351e-04 3.680020703431525586e-04
5.558331678546962230e-03 5.527436627498223676e-03
7.342885722747227685e-04 7.337493925673495157e-04
1.184068599960420029e-03 1.182666581511007719e-03
8.711762011084643901e-04 8.704172531350866339e-04
1.719452767105967075e-02 1.689887588922883363e-02
2.903173024167189295e-03 2.894744610558937052e-03
1.136421110244931545e-02 1.123506580846828258e-02
2.279759954624082600e-03 2.274562649173375150e-03
2.597735103249205948e-03 2.590986875582552626e-03
5.398306704450342745e-04 5.395392532922811506e-04
5.369884683484938553e-02 5.081528068345677468e-02
2.372991051184862888e-05 2.372934740319572821e-05
7.846459794011603067e-03 7.784892862712562700e-03
2.143446605488162941e-04 2.142987169153105103e-04
9.295580618678928736e-03 9.209172799640568882e-03
2.510155925262448065e-04 2.509525836985534997e-04
6.281270731134280978e-04 6.277325294934500482e-04
3.650976415379532315e-04 3.649643452500966434e-04
1.270579974063839766e-03 1.268965600593347778e-03
2.342340708327781892e-03 2.336854148333892232e-03
1.039305203628330477e-03 1.038225048322041506e-03
8.843895993838536045e-04 8.836074544203553066e-04
8.596923623688790522e-04 8.589532914109636926e-04
1.127944212203329948e-05 1.127931489621871448e-05
1.776934978249432855e-07 1.776934662499641059e-07
1.268866699901578318e-07 1.268866538899308003e-07
1.202430958003544676e-08 1.202430943545142584e-08
3.752329498562181818e-07 3.752328090564515475e-07
2.129802291189753288e-05 2.129756930611757777e-05
7.322665642501287053e-08 7.322665106286965974e-08
5.928099433843568476e-08 5.928099082419939741e-08
9.007653522078768252e-03 8.926515700104950893e-03
1.520449776645549089e-01 1.289273024315399085e-01
1.492868193104648356e-01 1.270002648906294607e-01
1.520321673955829511e-01 1.289183874725843837e-01
3.695637839394689921e-03 3.681980100354724159e-03
1.338788494346186788e-06 1.338786701991554274e-06
8.055285504507075128e-06 8.055220616882516647e-06
1.437890833017783798e-05 1.437870157717307104e-05
8.082026410989640006e-06 8.081961091838732312e-06
5.039674782866262331e-03 5.014276460949203956e-03
7.138814483376033481e-04 7.133718216153227308e-04
9.895728104119242211e-03 9.797802669408587142e-03
1.104214913963493276e-03 1.102995623387273937e-03
1.748475857285933851e-03 1.745418689462422150e-03
2.653978533919676679e-03 2.646934931861170352e-03
1.869223379011617642e-02 1.834283418605181515e-02
2.927432931524135383e-03 2.918863067955563325e-03
3.575019763282795068e-03 3.562238996974932421e-03
1.174112043226459247e-03 1.172733504136409940e-03
6.084997587053748687e-04 6.081294867490304092e-04
3.919627153889578832e-05 3.919473519119324084e-05
3.434237968494060350e-02 3.316298064251597955e-02
9.790723201111290038e-05 9.789764618503282452e-05
4.234129215676905866e-02 4.054850713526418626e-02
4.023464056002643528e-04 4.021845229701648781e-04
1.706722194544768936e-02 1.677593188051251794e-02
1.092263618502478896e-05 1.092251688104355927e-05
7.380697717077952654e-04 7.375250247198864538e-04
8.658918650539178556e-04 8.651420963319512644e-04
1.121152070003055912e-03 1.119895088038983747e-03
1.686280005489300708e-03 1.683436465232387731e-03
9.873687040148717599e-04 9.863938070572037409e-04
2.606536833144084873e-04 2.605857429717831357e-04
8.414160435070723435e-06 8.414089636974896524e-06
8.473971903738574182e-11 8.473971903020492230e-11
5.376346181821674525e-05 5.376057130839006842e-05
6.848937084126563643e-08 6.848936615047171344e-08
5.928240757698469917e-06 5.928205613659988781e-06
1.666479315067353521e-05 1.666451543534278200e-05
1.550696099885265973e-04 1.550455634045845999e-04
3.456169471203307503e-05 3.456050020129171043e-05
1.519994557605138519e-01 1.288956212090214548e-01
1.520566559080929747e-01 1.289354293021408027e-01
1.520569866204633525e-01 1.289356594403675838e-01
1.520327148016015206e-01 1.289187684316564220e-01
1.518463197651184760e-01 1.287890149389078753e-01
1.685991277479538064e-04 1.685707020820764431e-04
1.098926519047918951e-02 1.086850124105251218e-02
3.701596131769306218e-04 3.700225950377033167e-04
9.482372153043466118e-03 9.392456771394651696e-03
3.007569236982279371e-04 3.006664689710755126e-04
3.424573298662394322e-02 3.307296275883279957e-02
5.644814561827477505e-04 5.641628168683735043e-04
9.513251437576933367e-03 9.422749484662373831e-03
5.727497036286615219e-04 5.724216614056547867e-04
7.472997662851397138e-04 7.467413093444498886e-04
2.624885229689476619e-03 2.617995207220434519e-03
6.073464546329643624e-03 6.036577574734120107e-03
4.346059633350650778e-03 4.327171399014010517e-03
6.548898131039485732e-03 6.506010064308753206e-03
1.706515629718516076e-03 1.703603434124042419e-03
3.327648917164222498e-03 3.316575669848318298e-03
2.462410001234420715e-04 2.461803654933002617e-04
1.742102042553232699e-02 1.711752847286551402e-02
3.250231316006049336e-05 3.250125675969973684e-05
6.907617346837625254e-04 6.902845829096592280e-04
2.531759323462457953e-05 2.531695225409738575e-05
7.801232118728354092e-05 7.800623526502650687e-05
1.148613205262633749e-05 1.148600012139680754e-05
9.058711650275740046e-04 9.050505624599456062e-04
9.075887478186524596e-04 9.067650304834854423e-04
1.184919381280459885e-03 1.183515347340325773e-03
1.315609185713845480e-03 1.313878358184310865e-03
1.272363538536987887e-03 1.270744629562789571e-03
3.691706496246164064e-04 3.690343626560721284e-04
2.858325242483546582e-04 2.857508240164364989e-04
1.110130135429993363e-03 1.108897746512403507e-03
4.149993271029021533e-03 4.132770826879435602e-03
2.174045436917998138e-05 2.173998172182380168e-05
1.680537276420752946e-04 1.680254855867008995e-04
4.460437825822251984e-03 4.440542320224226056e-03
3.130759287018490544e-02 3.032742749885965206e-02
1.919062778774172778e-02 1.882234759285408149e-02
1.511273973529279890e-01 1.282879071222582101e-01
1.520105447933192966e-01 1.289033390649575728e-01
1.522390747754651663e-01 1.290623388869754917e-01
3.654255295298502039e-04 3.652919937122180443e-04
7.425598377669428984e-05 7.425046982556764011e-05
2.429001377979733123e-06 2.428995477932039013e-06
6.194341052662482656e-06 6.194302682801406162e-06
5.321221815664358452e-06 5.321193500262746770e-06
2.792748115056460366e-05 2.792670120636118770e-05
3.631554331964538486e-05 3.631422450095878274e-05
3.105634767270411614e-02 3.009185094193624066e-02
1.790039040453977534e-02 1.757996642790483552e-02
5.236190001911385922e-02 4.962013144550218163e-02
2.099883498402736488e-03 2.095473987695872179e-03
2.555354645463879526e-03 2.548824808099785753e-03
2.757020326626094444e-03 2.749419165544665124e-03
3.680471163462348521e-03 3.666925295477270821e-03
2.286230407363233196e-03 2.281003557887681128e-03
8.126400268370654462e-04 8.119796430238477095e-04
1.944386767658947600e-05 1.944348961259924984e-05
1.834397393981588803e-05 1.834363743843598276e-05
1.784846072536255437e-07 1.784845753968705045e-07
4.852808665129477008e-04 4.850453689935441365e-04
1.243504704384513520e-06 1.243503158080563691e-06
1.042179902653289853e-03 1.041093763703795395e-03
5.284794265238251994e-07 5.284791472333208973e-07
1.134064964315118428e-04 1.133936353980789769e-04
7.530855480845250480e-04 7.525184102417912559e-04
9.104016420342212791e-04 9.095728108844026863e-04
9.083771025112163467e-04 9.075519535508496478e-04
9.087073172934868664e-04 9.078815683049841576e-04
4.151513245069102720e-04 4.149789738846704277e-04
6.575531892453597912e-03 6.532294272784923243e-03
1.066708534392695872e-03 1.065570667295349678e-03
3.100842606937659774e-03 3.091227382064659635e-03
2.309619591003557026e-03 2.304285248348409646e-03
1.639298885419342156e-02 1.612425877061971283e-02
4.698478523099926078e-03 4.676402822667894386e-03
2.346829915112917317e-02 2.291753808608228138e-02
6.076377810487981757e-02 5.707154137530074528e-02
1.260843542123493699e-01 1.101870898352041855e-01
1.516938648272200818e-01 1.286828362010011551e-01
1.520456793195251177e-01 1.289277907197892425e-01
1.520471613257207699e-01 1.289288220585110001e-01
1.518467786743646353e-01 1.287893344805831619e-01
1.482788763390067380e-04 1.482568897138383682e-04
9.107542367550787595e-05 9.106712894271020179e-05
1.268971651746054335e-02 1.252868761216703250e-02
8.144981170230302867e-03 8.078640451966895980e-03
1.180370658457589698e-03 1.178977383566242026e-03
6.377809844416076901e-03 6.337133386004546037e-03
6.551897521588480842e-03 6.508970160455083455e-03
3.249694652852063576e-02 3.144089499484310768e-02
9.114922578573569608e-04 9.106614397212230844e-04
2.962486832277274294e-03 2.953710504045858019e-03
1.214003897020226284e-03 1.212530091558246086e-03
1.953200317673104390e-03 1.949385326192146087e-03
2.527652315839061092e-03 2.521263289609294595e-03
3.152212776324931146e-03 3.142276330937705028e-03
9.902852412220729521e-04 9.893045763630905955e-04
9.393416520812955398e-04 9.384592893419607586e-04
1.149744465704486979e-04 1.149612274470845219e-04
1.339997246271031289e-04 1.339817687009029834e-04
2.236457268863248577e-04 2.235957094751703342e-04
5.020744791242663348e-04 5.018224003416783948e-04
5.115087908079443988e-07 5.115085291667012886e-07
4.778187031676744490e-04 4.775903924545775838e-04
4.502550748956083560e-05 4.502348019323614578e-05
8.655674312102764993e-04 8.648182242323045445e-04
8.937173911365581822e-04 8.929186603613382348e-04
9.095524570506205442e-04 9.087251713784937372e-04
9.058342982642328661e-04 9.050137624883210479e-04
8.954423379870851338e-04 8.946405210064253257e-04
1.882484721510883401e-06 1.882481177762156633e-06
1.022483053241667343e-04 1.022378506082250680e-04
3.657893518560560004e-04 3.656555500061247320e-04
5.071748417130373700e-04 5.069176153929706979e-04
1.572953861860154840e-03 1.570479678008614155e-03
1.490296383388166161e-02 1.468086550284767623e-02
2.151575564953160397e-03 2.146946287541457062e-03
1.783407210566041040e-02 1.751601797779051700e-02
8.451419894690490042e-02 7.737154912326787981e-02
1.272458887943328787e-01 1.110543725792731418e-01
1.448468977858117235e-01 1.238662739876383312e-01
1.474148191648878559e-01 1.256836902554712698e-01
1.843165366740046052e-02 1.809192781048546417e-02
1.723736878333213850e-04 1.723439751450641299e-04
7.601836116923529275e-06 7.601778329011181107e-06
1.405719645826080687e-05 1.405699885348854003e-05
5.930204616374300350e-05 5.929852943106379555e-05
3.637764646227570757e-07 3.637763322894408735e-07
2.264042642682027355e-10 2.264042642169438522e-10
3.372046592920413536e-10 3.372046591783343665e-10
2.533866073613824091e-06 2.533859653136545170e-06
2.069286565817744696e-03 2.065004618926270970e-03
1.467238316690654652e-03 1.465085528412689341e-03
6.021306447279408530e-03 5.985050315947359860e-03
