1.749437308694467511e-03 1.746376777797415455e-03
9.541358585764276711e-04 9.532254833398062571e-04
1.095128646926239258e-03 1.093929340172920860e-03
2.912034212111306360e-03 2.903554268858799838e-03
4.997432719495332673e-03 4.972458385709450403e-03
2.852035448866002687e-03 2.843901342664414446e-03
1.306456612480299661e-03 1.304749783600006076e-03
1.937835055346930112e-03 1.934079850645198601e-03
4.531955216680828499e-04 4.529901354872228523e-04
6.407431746147975978e-04 6.403326227989821666e-04
8.684518188957909498e-05 8.683763980396166427e-05
1.565849432194725012e-04 1.565604243750294534e-04
5.788381292167647059e-04 5.785030756369295138e-04
1.925495454090186617e-03 1.921787921346464721e-03
1.723819456101766514e-03 1.720847902584531595e-03
5.453191205576216234e-03 5.423453911251642674e-03
1.137506910209664518e-03 1.136212988238889752e-03
1.674916258681392964e-03 1.672110914207797661e-03
8.172252421991154552e-04 8.165573851026280451e-04
3.210553418155063198e-03 3.200245764904235870e-03
5.804378911649143774e-04 5.801009830194144099e-04
2.159814634065225589e-03 2.155149834811703139e-03
1.485406698315837326e-03 1.483200265256435797e-03
2.983135862593683154e-03 2.974236763018990766e-03
3.138110773217092728e-03 3.128263033992111693e-03
6.577962313540894335e-03 6.534692725342529894e-03
1.139275242762216936e-02 1.126295761974507870e-02
1.947681390135145088e-02 1.909746762160357408e-02
6.141952578315811907e-03 6.104228996841531800e-03
3.814268908620369481e-03 3.799720261313101286e-03
4.838560993224518686e-03 4.815149320739365094e-03
2.565454152161257984e-03 2.558872597154416423e-03
5.535452802513661811e-04 5.532388678740775669e-04
1.468685228349726887e-03 1.466528192049754284e-03
7.930723077503606597e-03 7.867826708971558183e-03
9.171498615412140452e-04 9.163086976726889446e-04
2.120919493467218395e-04 2.120469663517441446e-04
1.090807034548441046e-04 1.090688048549779055e-04
6.173902688740010762e-04 6.170090981299007583e-04
1.447375250783049802e-03 1.445280355666470409e-03
3.065504701809259724e-03 3.056107382732444876e-03
1.149533433657352020e-02 1.136319162506391374e-02
1.167957529822280082e-03 1.166593405030811464e-03
5.793767229842290614e-04 5.790410455970931326e-04
5.265888212624256128e-04 5.263115254757470178e-04
2.004765174378682867e-03 2.000746090974281355e-03
3.220425138757700492e-03 3.210054000683357830e-03
1.832605825965013136e-03 1.829247381851652286e-03
5.733007408496364156e-04 5.729720671101777010e-04
1.069134838514910948e-03 1.067991789211984732e-03
1.733246255283533272e-04 1.732945841025387954e-04
3.526280142907202040e-04 3.525036677742575983e-04
6.304122482591536668e-05 6.303725062988781494e-05
1.096385092009487228e-04 1.096264885982489203e-04
9.695898428012113919e-04 9.686497383379481015e-04
1.603752279014317031e-03 1.601180257641873338e-03
2.188705499687510544e-03 2.183915067923148257e-03
4.551993286915610032e-03 4.531272644031485511e-03
1.837550992640858694e-03 1.834174398990303300e-03
2.913769204390418734e-03 2.905279153413964886e-03
1.234695072020132543e-03 1.233170600099261745e-03
4.032942231659703003e-03 4.016677608615798999e-03
4.426535174031690748e-04 4.424575752666996689e-04
1.520161748084261546e-03 1.517850856343922914e-03
1.853662983547500667e-03 1.850226917090926375e-03
3.782244722771198504e-03 3.767939347628267849e-03
3.140743062963360314e-03 3.130878795975807968e-03
7.068599860216184805e-03 7.018634756232336458e-03
1.110504608288710726e-02 1.098172403438406157e-02
1.700939640112853271e-02 1.672007683519780713e-02
8.559613552861146391e-03 8.486346568686822106e-03
5.745321958374447792e-03 5.712313233969068191e-03
5.976091037228836549e-03 5.940377373143589969e-03
2.987809284198408855e-03 2.978882279879666722e-03
1.166362519380861884e-03 1.165002117854245511e-03
1.665349641475327496e-03 1.662576252046965575e-03
4.299966793876126847e-03 4.281477079447689425e-03
4.155198800383911630e-04 4.153472232676840644e-04
1.575049120457828794e-04 1.574801042484643429e-04
7.544426193723076715e-05 7.543857010057151947e-05
4.120326071986333888e-04 4.118628363292384828e-04
2.292418710388183668e-03 2.287163526844445717e-03
6.239732440817844471e-03 6.200798179884849624e-03
1.539752509077335976e-02 1.516044131185236531e-02
1.906709212926690740e-03 1.903073672904031241e-03
5.658679612962088214e-04 5.655477547465872883e-04
6.328470064445681532e-04 6.324465111110023127e-04
1.922539767550225870e-03 1.918843608392413859e-03
4.109181879098068590e-03 4.092296503382560936e-03
2.197884114294309469e-03 2.193053419714442384e-03
9.562245703129656745e-04 9.553102048840954883e-04
1.798767310732692342e-03 1.795531746894531849e-03
5.624768543950643684e-04 5.621604741833342248e-04
6.707698102038239405e-04 6.703198780655430762e-04
1.747974091281439884e-04 1.747668549939060780e-04
1.252014370969149737e-04 1.251857616970638361e-04
1.443094877894772737e-03 1.441012355068166688e-03
2.075621264285968260e-03 2.071313060653212027e-03
3.597482056131220702e-03 3.584540178987034604e-03
7.322697083192965077e-03 7.269075190620762073e-03
3.314491978006790709e-03 3.303506120934519234e-03
2.681472121674406076e-03 2.674281828935089114e-03
1.685815501866022277e-03 1.682973527959690440e-03
4.043259154335647129e-03 4.026911209746528511e-03
4.782764064246603918e-04 4.780476581037178957e-04
2.218235365639979924e-03 2.213314797502603966e-03
2.642250719924659017e-03 2.635269231057716776e-03
4.920720438055126850e-03 4.896506948425633290e-03
5.984416869536188059e-03 5.948603624267799136e-03
1.180956519104074329e-02 1.167009936103930237e-02
1.667602623441954285e-02 1.639793638344849355e-02
2.937357922720868278e-02 2.851077207059157792e-02
1.623993909632541824e-02 1.597620347447305938e-02
1.057091461214276946e-02 1.045917037640555630e-02
1.165641766625232986e-02 1.152054559344221039e-02
5.582519143158626643e-03 5.551354623174894164e-03
2.111664406172120319e-03 2.107205279607826057e-03
5.302333331686875234e-03 5.274218592926557467e-03
4.202684249827523186e-03 4.185021694923774481e-03
5.151152275926118747e-04 5.148498838949141327e-04
5.136335803024460767e-05 5.136071983569646466e-05
1.099333519553670783e-04 1.099212666134949330e-04
1.383363963692710568e-03 1.381450267836666903e-03
1.510628321401880775e-02 1.487808342147666114e-02
1.555579917595623432e-02 1.531381628795355429e-02
2.039244003356649459e-02 1.997658842304388810e-02
1.438818352281133429e-03 1.436748154030272539e-03
9.885089552602774852e-04 9.875318053056477297e-04
8.131882605181273149e-04 8.125269853710828443e-04
3.343077528561887689e-03 3.331901361199912388e-03
3.303201058958037638e-03 3.292289921722136008e-03
2.939608502494966014e-03 2.930967204347025446e-03
1.408120482382901103e-03 1.406137679089994753e-03
2.530809113971251457e-03 2.524404119199891335e-03
1.885281503129138331e-03 1.881727216783097472e-03
3.637149761869510733e-03 3.623920903479243335e-03
9.850197223268606066e-04 9.840494584734877682e-04
3.412577700872972044e-03 3.400932014308476452e-03
1.192126094825569872e-03 1.190704930199605821e-03
5.593504557855959354e-03 5.562217264617204393e-03
4.327783815876313535e-03 4.309054103119352996e-03
7.399646780862837239e-03 7.344892008381303898e-03
5.368992866915917039e-03 5.340166782510922736e-03
6.647243344922492206e-03 6.603057500835876094e-03
3.715672746829608297e-03 3.701866522868075930e-03
1.378852412077716250e-02 1.359840072334790942e-02
2.706390573550050260e-03 2.699066023613449702e-03
5.490270107839489294e-03 5.460127041982453487e-03
6.281011194763380309e-03 6.241560093134637319e-03
1.329958292062528857e-02 1.312270401476270040e-02
1.437218091863447580e-02 1.416562133427651422e-02
2.250743854108653436e-02 2.200085375140574742e-02
3.059655053566244162e-02 2.966040163098109667e-02
4.586255482476702533e-02 4.375918088971226388e-02
3.227731727875011308e-02 3.123549206803701364e-02
2.551916281075971085e-02 2.486793514019764936e-02
3.488067486733754247e-02 3.366401338813662658e-02
1.625992052325627574e-02 1.599553550783366571e-02
8.518091501586996100e-03 8.445533618757586694e-03
1.282437776903588497e-02 1.265991310387294330e-02
7.040184703787857531e-03 6.990620503124408795e-03
1.042477099701531089e-03 1.041390341198128889e-03
8.434983218006189554e-04 8.427868323817385050e-04
2.715839548267092157e-03 2.708463763815160356e-03
1.726026332509875486e-02 1.696234663504700424e-02
2.110328000759028114e-02 2.065793158051152170e-02
2.477209141701606013e-02 2.415843490384305889e-02
2.708371741120823087e-02 2.635018966239804569e-02
1.107220785561443752e-02 1.094961406881650792e-02
5.202399913543377143e-03 5.175334948682941416e-03
5.465810157657186551e-03 5.435935076977638052e-03
3.141871205062073732e-03 3.131999850392875370e-03
5.163345695060527103e-03 5.136685556293827185e-03
3.130361366708564897e-03 3.120562204422383436e-03
3.180014780873220790e-03 3.169902286866648541e-03
4.007768987643735119e-03 3.991706775385415844e-03
2.346928523915353670e-03 2.341420450418986270e-03
1.645173767429806977e-03 1.642467170704767698e-03
2.695916183644733993e-03 2.688648219575496320e-03
3.731283946475937616e-04 3.729891698487014583e-04
2.281867126831104917e-02 2.229797950985980617e-02
3.596368789906303088e-03 3.583434921433291138e-03
6.907759535930305637e-03 6.860042394124069541e-03
3.536908682409851349e-03 3.524398959382145109e-03
4.438066405870751130e-03 4.418369972447832444e-03
1.480303849376952540e-03 1.478112549890472308e-03
2.486057367904769434e-03 2.479876886668255960e-03
5.026873729202897996e-03 5.001604269713548143e-03
2.350820218040877447e-03 2.345293862343327852e-03
9.514171396261816849e-03 9.423651938904370820e-03
8.536440347649880411e-03 8.463569533840895748e-03
1.102164719124935216e-02 1.090017048444097761e-02
1.317433684156981907e-02 1.300077369035467466e-02
2.271864234007691524e-02 2.220250563030057994e-02
3.058476126199295361e-02 2.964933364053985027e-02
4.440532950884511221e-02 4.243349622005600230e-02
3.590264396759482168e-02 3.461364412373094807e-02
3.540520301866168645e-02 3.415167461786903363e-02
4.153114572724419390e-02 3.980630966182659852e-02
2.556165407896756475e-02 2.490825591971476682e-02
9.324104174862591146e-03 9.237165256198900942e-03
2.606769245459699975e-03 2.599973999560625457e-03
5.899293526945069074e-03 5.864491862828013352e-03
5.838862542783320245e-03 5.804770226989801850e-03
1.464240374041230613e-03 1.462096374168258195e-03
1.513987121607972795e-02 1.491065551564024934e-02
2.079311273460281162e-02 2.036075919740891124e-02
3.206098193412229569e-02 3.103307537154217921e-02
2.829992183060223154e-02 2.749903625498403489e-02
2.577576757090248999e-02 2.511137737703330111e-02
7.152671484165649615e-04 7.147555413229610350e-04
3.982244355151906166e-04 3.980658528141492328e-04
4.287170782724894643e-04 4.285332799392869594e-04
1.375313886348870137e-03 1.373422398062886050e-03
1.947962399083687885e-03 1.944167841575443999e-03
1.866846084514569085e-03 1.863360970211301810e-03
9.986337295845302327e-04 9.976364602586663445e-04
1.312044125292959008e-03 1.310322665506243262e-03
5.636377909363565275e-04 5.633201033769848903e-04
1.322994850769722980e-03 1.321244535394559697e-03
9.234941362852125716e-04 9.226412948654593923e-04
1.276450360517125205e-03 1.274821034994260945e-03
1.069318649387787559e-03 1.068175207013858947e-03
1.170555635293869974e-02 1.156853630340687680e-02
3.232326441859843628e-03 3.221878507633097518e-03
1.342755252210040863e-02 1.324725335536664286e-02
4.732026447510010239e-03 4.709634373210076427e-03
2.776675738439905294e-03 2.768965810283464425e-03
3.496007131633693723e-03 3.483785065769259923e-03
4.732184038837366873e-03 4.709790473059939468e-03
8.760557215855820177e-04 8.752882479582591762e-04
2.785630794558647053e-03 2.777871055635053755e-03
3.219488115326726418e-03 3.209123011601996197e-03
8.841844024235672242e-03 8.763665818486759615e-03
9.750516115370189835e-03 9.655443550854096377e-03
2.137497091427365339e-02 2.091808153268760739e-02
4.206433113104421362e-02 4.029492317754208158e-02
6.670428058061916854e-02 6.225481953284120462e-02
4.122577738439624218e-02 3.952621266344844703e-02
3.597513580253984544e-02 3.468092540652865929e-02
5.853913326361723235e-02 5.511230314036169586e-02
4.111118870691341659e-02 3.942105887001796927e-02
2.736321110448338562e-02 2.661446578253486364e-02
8.467057674830649749e-03 8.395366609161741475e-03
1.168808283015707571e-02 1.155147154991246344e-02
1.248080609951760043e-03 1.246522904742822452e-03
8.975108630608817639e-03 8.894556055677588918e-03
1.990664510954780544e-02 1.951037059003032231e-02
3.119772665365916006e-02 3.022442850530272437e-02
3.585086847809739602e-02 3.456558370746355691e-02
1.975228721356564812e-02 1.936213436339846022e-02
1.583405717014929603e-02 1.558333980368173909e-02
8.964492772812695685e-04 8.956456559745314561e-04
4.872589431580749307e-04 4.870215218803874003e-04
5.421174750216754780e-04 5.418235836649516355e-04
6.510542318159826198e-04 6.506303602032171033e-04
3.320089128592691209e-03 3.309066136770891751e-03
8.450178033498883384e-04 8.443037482619100307e-04
2.112825464478493189e-04 2.112379061334158296e-04
4.632812639348548320e-04 4.630666344053417779e-04
1.512959508935822115e-04 1.512730604288254092e-04
6.686183025671325365e-04 6.681712521326047894e-04
1.940993537954472216e-03 1.937226082040091092e-03
1.110429825977273709e-04 1.110306520537431658e-04
5.901842779082872026e-03 5.867011030893859620e-03
2.600255298797419633e-03 2.593493971178495363e-03
2.665565316233146822e-03 2.658460077778041896e-03
6.713051012419298490e-03 6.667985958523955058e-03
3.457321250958482906e-03 3.445368180726153962e-03
1.574618962493239908e-03 1.572139537616196528e-03
2.210751085070116698e-03 2.205863664709978213e-03
8.208570490849411132e-04 8.201832427899086652e-04
4.202937804318510029e-04 4.201171335699813180e-04
6.174063665796911127e-04 6.170251759581979857e-04
5.396684007058851233e-04 5.393771587231646668e-04
4.367173365211817621e-03 4.348101162010001818e-03
4.166044290977314116e-03 4.148688365942929807e-03
1.639948574690701377e-02 1.613054261414400767e-02
4.474728472950093711e-02 4.274496523883791060e-02
7.444558169554583993e-02 6.890343706155764580e-02
2.798245140059463579e-02 2.719943381420799472e-02
3.304014410037697802e-02 3.194849297820330503e-02
4.146424778043412973e-02 3.974496393643689451e-02
3.539012665197040219e-02 3.413766558752789892e-02
2.916693440047442645e-02 2.831622433815284695e-02
5.828554876939932676e-03 5.794582824986431978e-03
4.542105902503544394e-03 4.521475176473986959e-03
4.447940424471909281e-04 4.445962007069944374e-04
7.552427712168993494e-03 7.495388547821455263e-03
2.872503586638083112e-02 2.789990818085596666e-02
2.993285171218640697e-02 2.903687610056266549e-02
3.146689338623514381e-02 3.047672800685445604e-02
1.428514914187046202e-02 1.408108365586497983e-02
1.154903945902505114e-02 1.141565914659893426e-02
3.168294907918054967e-04 3.167291098655701151e-04
4.727886145428604752e-04 4.725650854688191282e-04
5.368396143456363213e-04 5.365514175741055219e-04
8.931613813495859790e-04 8.923636440964517053e-04
1.402587658202830842e-03 1.400620406063888016e-03
6.631406063927636901e-04 6.627008509289167466e-04
2.173176212023246261e-04 2.172703942538396023e-04
1.205561006982310739e-04 1.205415669248155068e-04
1.992641185913510965e-05 1.992601479724552996e-05
4.770061892513655349e-04 4.767786543467814248e-04
2.492397684828683707e-03 2.486185638609344356e-03
1.970053768201771277e-04 1.969665657016810803e-04
1.038527334085773612e-03 1.037448795062130341e-03
2.372925869626206236e-03 2.367295092443464938e-03
2.325126774934241618e-03 2.319720560414725418e-03
7.670190708048728497e-03 7.611358882550891235e-03
2.569875573366005826e-03 2.563271312903422569e-03
1.851078799332454101e-04 1.850736150060320305e-04
4.103072890391780631e-04 4.101389369677393938e-04
8.858820975464513307e-04 8.850973104556979871e-04
3.317242706932894904e-04 3.316142297015224919e-04
8.395896293566113824e-04 8.388847186108881618e-04
1.059632214770031208e-03 1.058509394339452814e-03
4.744179603262793296e-03 4.721672363154778493e-03
5.210227725149610065e-03 5.183081252201692662e-03
1.930521358668516388e-02 1.893252231505762953e-02
6.779630982235911041e-02 6.319997019682979666e-02
1.043597017087103812e-01 9.346875436797937031e-02
5.668256598195233614e-02 5.346965269565395751e-02
4.666208727480247037e-02 4.448473688596119024e-02
8.934625417923325319e-02 8.136350104337310152e-02
7.118505778355517510e-02 6.611774533190709069e-02
8.985478942292203508e-02 8.178090624068437564e-02
1.856456111653264490e-02 1.821991818708317001e-02
2.316429085019372849e-02 2.262770647960135953e-02
2.302153938331596809e-03 2.296854025575821058e-03
1.343918634324401014e-02 1.325857461367557430e-02
3.986086975834077922e-02 3.827198082044937222e-02
3.462439139800987248e-02 3.342554291832729174e-02
2.853839619714378106e-02 2.772395613963863151e-02
7.737461186860936611e-03 7.677592881242757163e-03
2.794530913785519405e-03 2.786721510757416646e-03
5.954710641503072228e-04 5.951164783620668895e-04
5.248278088758526454e-04 5.245523646468831791e-04
6.069394994134000906e-04 6.065711238574519404e-04
1.343481853286271170e-03 1.341676909796161565e-03
3.600124432577286610e-03 3.587163536647246589e-03
5.406864954070834863e-04 5.403941535207678519e-04
7.856803444347020861e-05 7.856186150743389534e-05
2.145527095745307264e-05 2.145481062880121438e-05
4.967099179660533168e-06 4.967074507586272384e-06
1.302476055182061614e-04 1.302306410794629307e-04
8.110845515583289811e-03 8.045059700605632774e-03
2.806473951327911564e-05 2.806395188367516593e-05
1.019177961017777613e-02 1.008790723855534054e-02
8.392497763496621025e-04 8.385454361625591969e-04
6.435464730642493887e-04 6.431323210012559934e-04
2.313317369936486890e-03 2.307965932682436855e-03
1.441624650632313291e-03 1.439546368999002459e-03
4.978061604454069169e-05 4.977813793480691755e-05
1.490385667821162677e-04 1.490163542877277877e-04
3.786513040881557286e-04 3.785079272780680643e-04
6.702942680453199519e-05 6.702493386047424836e-05
1.912024276338357485e-04 1.911658692655026812e-04
1.726391598431391977e-04 1.726093555636278574e-04
1.524391201909818666e-03 1.522067433373358678e-03
2.876689954996270848e-03 2.868414609899094456e-03
1.071152251773547365e-02 1.059678580308751929e-02
5.819688362380986968e-02 5.481000636028660056e-02
1.043194878605169101e-01 9.343693231303637492e-02
1.077986103427350240e-01 9.617806995091020272e-02
7.651926981041044795e-02 7.066407115809206219e-02
1.177516221632291804e-01 1.038861776411572901e-01
1.325151407275701743e-01 1.149548782055224427e-01
1.534784760343617105e-01 1.299228334285315589e-01
6.576373098008603257e-02 6.143886266766490634e-02
6.337712645691591373e-02 5.936046629898000110e-02
8.224460772287979504e-03 8.156819017293075874e-03
1.681692005613577567e-02 1.653411125596131528e-02
6.701444743920557945e-02 6.252351127362353045e-02
3.293185802739222873e-02 3.184735075425591116e-02
2.397639591501018325e-02 2.340152835393686723e-02
5.242826184127899903e-04 5.240077461488201922e-04
5.996952768897418989e-05 5.996593134472295427e-05
2.731436489286797990e-03 2.723975743991790491e-03
2.176152234424030742e-03 2.171416595876642097e-03
2.814119956538124225e-03 2.806200685408338173e-03
5.365751565125474395e-03 5.336960275266827529e-03
1.014827985553772884e-02 1.004529227151141658e-02
4.791968951571494960e-03 4.769005985138670065e-03
1.347019120744146967e-03 1.345204660232496730e-03
2.692303131710974216e-03 2.685054635557953574e-03
5.429584216525141886e-04 5.426636178048708245e-04
1.779564530427544091e-03 1.776397680509588222e-03
5.414348677554306488e-02 5.121196961532965830e-02
5.623271759930635778e-03 5.591650574644601961e-03
4.476559719232642981e-02 4.276163850034080810e-02
9.985373448795201168e-03 9.885665765883297831e-03
7.860394903178065037e-03 7.798609095144157059e-03
2.873244397883206042e-02 2.790689064183533852e-02
7.625339063987207969e-03 7.567193268146438917e-03
1.321139813498201998e-03 1.319394403091391854e-03
4.519203976152669396e-03 4.498780771574594980e-03
7.704116238521727979e-03 7.644762831505073387e-03
4.007065578881341926e-03 3.991009004327886363e-03
9.290290841182047288e-03 9.203981337268296592e-03
4.522254615157910579e-03 4.501803828353593585e-03
1.312352954293365126e-02 1.295130251526939967e-02
2.057966611100081611e-02 2.015614345376054092e-02
2.925084810633193921e-02 2.839523599139223697e-02
5.901514528449425256e-02 5.553235791154428891e-02
8.983461058643761599e-02 8.176435332722072069e-02
1.013090034513008802e-01 9.104548927100518385e-02
7.075662690227749185e-02 6.575012665168938897e-02
1.767364679387803672e-01 1.455006888393048370e-01
1.512494654850933262e-01 1.283730646755668892e-01
2.155330941282795620e-01 1.690785794637697514e-01
1.549628279940315212e-01 1.309493499341237155e-01
1.717929518146571466e-01 1.422801335214640417e-01
2.265371095893470021e-01 1.752180475682511840e-01
1.596930053359653934e-01 1.341911493827327162e-01
1.632839143541416349e-01 1.366222776673309824e-01
8.189338975318380398e-02 7.518686246791693450e-02
6.426350540065854655e-02 6.013370727427807400e-02
3.989060102899991481e-03 3.973147502395442746e-03
9.544701622779907559e-04 9.535591489873117277e-04
2.066412031143528133e-04 2.065985025275282735e-04
1.262620366358727802e-04 1.262460945339773501e-04
1.667609958853450108e-04 1.667331866555963520e-04
3.177730774587854065e-04 3.176720977300277553e-04
9.448493930030540293e-04 9.439566526275957638e-04
1.286559123974143016e-04 1.286393600536194870e-04
1.250358135413134764e-05 1.250342501458466863e-05
1.677629841163372131e-05 1.677601696744532525e-05
5.874669052572639824e-06 5.874634540836162954e-06
1.767821279357530313e-04 1.767508760149955288e-04
9.357349705752097437e-04 9.348593706400523022e-04
3.405520174341166790e-05 3.405404198664588637e-05
6.381964758656480906e-03 6.341235284475747400e-03
1.265432302761696935e-03 1.263830983848824099e-03
4.627231364864776292e-03 4.605820094760787811e-03
5.762915512639640164e-02 5.430803560581413947e-02
4.862371787912294317e-03 4.838729128508408722e-03
1.366230960306012054e-05 1.366212294435643086e-05
3.262090367674820644e-04 3.261026244318133201e-04
1.315492189122612402e-04 1.315319137152648249e-04
3.573501988264426679e-05 3.573374289099825470e-05
1.196082595406342209e-04 1.195939534048838819e-04
2.709122552472151258e-05 2.709049159022108180e-05
4.440867214857536853e-04 4.438895084695537252e-04
5.353984415899636778e-04 5.351117900987067359e-04
2.197614371013527270e-03 2.192784862089841927e-03
8.730210379485849395e-03 8.653993806215766471e-03
6.047771193889719954e-02 5.682015829753297304e-02
8.970376999930074202e-02 8.165700364721328874e-02
1.195628473098966221e-01 1.052675728530469701e-01
1.475699802453600273e-01 1.257930811757440870e-01
1.592187892774440394e-01 1.338681664184689091e-01
1.726918624636435973e-01 1.428693831024815952e-01
1.471968827436584970e-01 1.255299604542081393e-01
2.972789077343996333e-01 2.089041587506419440e-01
2.273628882656878458e-01 1.756690053051721823e-01
2.141448809025761346e-01 1.682868508857976175e-01
1.439475234405179493e-01 1.232266339358594892e-01
9.094078326298148454e-03 9.011376065693302989e-03
7.799406482387150020e-04 7.793323408239400188e-04
5.896398996781326493e-04 5.892922244668402382e-04
4.621907570394790423e-05 4.621693950098897466e-05
1.636787614830519837e-03 1.634108541134457341e-03
5.482719777096008032e-04 5.479713755480591919e-04
5.425622692071290420e-04 5.422678953911618535e-04
8.213121824935074337e-04 8.206376287923951426e-04
1.477777263104204869e-03 1.475593437464857178e-03
1.439719191375186263e-04 1.439511912240184902e-04
5.222389458147323434e-05 5.222116724630797594e-05
4.606294161650006377e-05 4.606081982190969576e-05
3.557799617529248038e-06 3.557786959591129336e-06
4.273405729686504013e-04 4.271579530033452416e-04
1.416418278402910985e-03 1.414412037663517144e-03
5.306567015299451169e-06 5.306538855645963371e-06
8.753083810332962234e-02 7.986919048425832057e-02
1.301755794913695774e-03 1.300061226764104381e-03
8.906445137888965250e-04 8.898512661389542874e-04
6.740401948356352681e-03 6.694968929930946409e-03
1.490037157474630983e-05 1.490014955367324417e-05
2.882257813022422491e-05 2.882174738921415065e-05
9.252286678491672975e-04 9.243726197613573795e-04
8.824745231110375679e-05 8.823966469826435930e-05
8.363506887985989281e-06 8.363436939738523473e-06
5.135275111866700518e-05 5.135011401361955100e-05
1.308558226394433951e-05 1.308541103148115367e-05
1.097722778003686110e-04 1.097602278473951322e-04
2.223858482606444036e-05 2.223809027140937581e-05
1.190055508839147280e-04 1.189913885627735498e-04
2.286983112214133575e-04 2.286460083038578380e-04
6.259924423261324471e-04 6.256005757882829657e-04
4.666489847310738293e-02 4.448728572360196448e-02
2.058874696407101551e-02 2.016485046252047136e-02
1.125370035321589940e-01 9.987242636816182073e-02
8.515630920402003645e-02 7.790471220676936648e-02
1.828953258802506199e-01 1.494446256514075366e-01
3.129365943821520446e-01 2.150072822786524840e-01
3.930383556331597528e-01 2.385592066343416029e-01
2.875401991977798999e-01 2.048608330430809477e-01
2.805513319754607826e-01 2.018422821022555769e-01
1.937544426371956841e-01 1.562136585955453405e-01
5.221830039512515009e-03 5.194562530550959727e-03
3.731538416762470410e-03 3.717614037806696303e-03
6.837246843018099070e-04 6.832572048578863452e-04
2.316285761363815485e-04 2.315749243390985781e-04
5.800638456975967154e-04 5.797273716325112647e-04
5.076487936732248813e-04 5.073910863755069474e-04
7.544649625514731435e-04 7.538957451717553330e-04
1.390441177178027531e-03 1.388507850510835350e-03
1.135904811915588661e-03 1.134614532173855699e-03
1.338185756143937376e-03 1.336395015025990856e-03
2.154381951943932887e-04 2.153917815784446761e-04
2.023831956327175894e-04 2.023422366748430759e-04
8.572113948066371468e-05 8.571379136690985255e-05
4.134246534460855188e-03 4.117154540053153712e-03
6.475113201211626793e-04 6.470920492114776027e-04
3.312558432412223168e-04 3.311461128075408595e-04
2.099360323234344006e-03 2.094953009467573520e-03
3.172468480776209653e-04 3.171462025150057710e-04
2.960952001344811075e-04 2.960075277669384284e-04
3.756383217421715038e-03 3.742272802545587324e-03
4.831026520579526085e-03 4.807687703336982997e-03
2.193773488454611682e-05 2.193725362033425096e-05
7.142893963303162397e-02 6.632684621593235019e-02
1.190874721355652833e-04 1.190732903095456392e-04
1.925080109814411057e-04 1.924709516471490825e-04
1.629570187126016775e-04 1.629304637226539857e-04
1.480679322870588830e-05 1.480657398758017142e-05
4.235203867255303805e-05 4.235024497737331352e-05
1.390037426535711848e-05 1.390018104495240191e-05
5.971610556080979710e-05 5.971253954754644555e-05
1.456223167251670717e-04 1.456011108660386572e-04
3.959050842095161379e-03 3.943376758524867222e-03
4.761877594935798839e-03 4.739202116706647469e-03
6.018784565418205251e-02 5.656526888969041350e-02
9.944100814979991987e-02 8.955249404795134760e-02
1.549084931919866848e-01 1.309118519289748928e-01
2.640040608360487151e-01 1.943059166981246089e-01
3.499547784298313036e-01 2.274864314839589730e-01
3.655602966545959398e-01 2.319259661643997550e-01
3.139200121805960086e-01 2.153742381331304467e-01
1.618085075475317325e-01 1.356265144327720995e-01
7.203422703893583301e-02 6.684529717383888570e-02
6.935865220486449323e-02 6.454802956918913315e-02
1.318395050618318114e-03 1.316656885108823290e-03
3.403129762904940898e-04 3.401971633686623844e-04
1.032327473856218123e-05 1.032316816856085296e-05
6.718668959456997047e-03 6.673528446870226338e-03
2.441543924000900978e-03 2.435582787268075321e-03
2.619009499825498966e-03 2.612150289065322609e-03
2.317523837444478499e-03 2.312152920707355019e-03
1.318910183440036993e-03 1.317170659368055267e-03
8.614004573132060883e-04 8.606584465653466980e-04
1.839960936328652872e-04 1.839622390703931460e-04
1.983444083031279178e-04 1.983050677988228096e-04
5.125621444895254498e-05 5.125358724943290481e-05
1.829113216343363846e-03 1.825767561185161984e-03
8.702459527680384693e-04 8.694886247497293471e-04
1.660225937447220527e-04 1.659950302430883331e-04
1.526107782787953712e-02 1.502817733141094056e-02
2.564701587853729413e-04 2.564043818430255216e-04
5.499748578457601400e-02 5.197276234195137568e-02
8.253756959807524371e-03 8.185632455855953657e-03
2.823305540561082580e-06 2.823297569506907402e-06
3.218131694882452618e-06 3.218121338510847109e-06
4.594690426276333041e-03 4.573579246163017413e-03
3.633754700714738941e-06 3.633741496541513887e-06
3.404454003201594651e-05 3.404338100130995480e-05
1.888760717373460149e-06 1.888757149956412761e-06
4.312971632932737909e-06 4.312953031208431536e-06
7.220620133711656786e-06 7.220567996356541055e-06
3.674274303830151770e-06 3.674260803538491801e-06
8.561782658598706929e-06 8.561709354476413218e-06
6.197879939581950340e-06 6.197841525866204634e-06
7.381612767922247799e-06 7.381558279715191993e-06
3.832606057606856546e-06 3.832591368737663605e-06
7.748623562567150418e-05 7.748023150896007048e-05
3.322750186370517639e-02 3.212343498360264310e-02
2.160465880083045909e-01 1.693704598182744769e-01
2.925783770715941201e-01 2.069762703417462046e-01
2.473741261928288360e-01 1.861801678831632167e-01
3.555002405216038941e-01 2.291198195106856628e-01
3.020638960349314450e-01 2.108212987471295707e-01
1.954548321303502256e-01 1.572522407272468337e-01
1.273118662210454555e-01 1.111035549403600886e-01
8.742473700729944119e-02 7.978165236650397452e-02
4.362830568392432606e-02 4.172487662707437955e-02
1.271217457198973609e-03 1.269601463375486178e-03
6.665003217161957760e-04 6.660560990373480322e-04
2.282730193044281257e-03 2.277519335910045423e-03
2.853520163950347670e-03 2.845377586624276561e-03
2.832105196933963186e-03 2.824084377087462960e-03
3.248868943221291244e-03 3.238313793811063365e-03
1.718387644475305627e-03 1.715434788378620255e-03
6.689656214724628907e-04 6.685181064697508745e-04
3.012880126073337757e-04 3.011972381407929025e-04
2.863894887572877466e-04 2.863074698180170861e-04
3.648417084793816869e-04 3.647085990071355518e-04
5.239132755219365854e-03 5.211684243192553183e-03
3.378099258671364352e-04 3.376958103211220494e-04
2.714680621033151360e-04 2.713943671945730305e-04
1.141585379553224598e-04 1.141455057835343571e-04
5.316643355298602713e-06 5.316615088602035172e-06
7.907578358327762739e-06 7.907515828532269916e-06
2.693596639634694446e-05 2.693524085006123773e-05
1.268259432994798207e-04 1.268098584795860284e-04
2.486802658546435526e-06 2.486796474358973173e-06
1.890211358904329148e-02 1.854482369091019558e-02
1.053700835539589880e-04 1.053589806994508231e-04
3.709082201121884602e-03 3.695324910347205435e-03
1.823366897393639146e-04 1.823034430709388038e-04
4.981694793653710946e-04 4.979213065351999114e-04
7.598507084693810996e-04 7.592733353702196385e-04
1.634096304011264488e-04 1.633829276938186033e-04
1.523761148312521927e-04 1.523528963508811269e-04
4.667561649605731839e-05 4.667343788288203172e-05
1.087350022659598322e-03 1.086167692587820506e-03
2.040694704136013224e-05 2.040653059787258213e-05
4.290155851673762904e-04 4.288315307950597757e-04
1.539567146980060086e-01 1.302540446974027877e-01
2.614795511696058616e-01 1.931079954897473305e-01
2.604284036147641590e-01 1.926054502054296569e-01
3.430307499599113408e-01 2.253606545418521123e-01
1.310473537950014589e-01 1.138739448583291763e-01
1.159314419037667937e-01 1.024913426818803430e-01
2.089714916336836981e-01 1.653024073180769660e-01
1.833663870906643290e-01 1.497431551759809687e-01
2.439802930818371907e-01 1.844539096695380076e-01
6.263984692139515364e-02 5.871609649905933787e-02
7.780038355860979804e-02 7.174748387674299843e-02
1.104506314306852354e-03 1.103286380108508668e-03
5.826634455624813726e-03 5.792684786545339477e-03
3.658489621651350200e-03 3.645105075339619572e-03
4.579535672676145718e-03 4.558563525698832407e-03
3.594643904401176576e-03 3.581722439601728140e-03
1.230069194423601001e-03 1.228556124200531159e-03
1.513593463317100757e-03 1.511302498144904407e-03
6.852737769107469139e-04 6.848041767614253868e-04
4.547092169831427975e-04 4.545024565111333860e-04
1.660124539088613936e-04 1.659848937740085407e-04
4.225550756920635337e-03 4.207695477721322581e-03
2.419607233337988847e-04 2.419021783421626819e-04
2.589112742365196233e-05 2.589045707317269408e-05
3.766395635014921416e-05 3.766253777654126808e-05
1.479935489035719271e-06 1.479933298826667619e-06
8.685699380148775156e-03 8.610258006426459165e-03
1.142241874358780477e-03 1.140937157859241808e-03
7.481073550051101306e-07 7.481067953404955592e-07
7.487574284169675517e-04 7.481967907303579447e-04
7.008603207756301063e-05 7.008112002567063142e-05
2.440012481146462708e-05 2.439952944537381163e-05
2.264160728687063102e-05 2.264109464449009962e-05
1.087503747979364405e-07 1.087503629712924232e-07
7.447893839962671817e-08 7.447893285251444776e-08
5.194903521889979534e-08 5.194903252019753663e-08
4.371354084996384254e-08 4.371353893909019048e-08
6.579305259037131772e-06 6.579261971779439781e-06
1.502518695983936007e-05 1.502496120359618256e-05
2.820031561495435553e-05 2.819952035715357131e-05
3.171827892053187043e-05 3.171727287131418901e-05
1.723038246636208470e-01 1.426152166699090618e-01
1.723426944363236069e-01 1.426406901107515890e-01
1.773687986347698142e-01 1.459091079056282769e-01
2.233947177520973215e-01 1.734895178325580878e-01
2.568831441452389397e-01 1.908941943992953361e-01
1.037658316430238314e-01 9.299848382645546641e-02
1.242225718659092926e-01 1.087913245049282884e-01
2.169680772662226087e-01 1.698929307136210487e-01
2.639495246940203876e-01 1.942801731078211136e-01
3.009026551582556497e-01 2.103602472769675324e-01
2.397558648249581426e-01 1.822729901069945480e-01
8.259600758760091144e-02 7.577390711818988989e-02
9.468918435067925909e-03 9.379258018737957059e-03
2.562902621028942830e-03 2.556334151184065651e-03
2.821586538459682283e-03 2.813625187865665452e-03
2.261758022759090617e-03 2.256642473405575701e-03
3.993325907097343246e-03 3.977379255297048763e-03
7.582780063202783187e-04 7.577030207854092885e-04
1.100473879015922149e-03 1.099262836257525839e-03
1.555588801956611796e-04 1.555346816304534478e-04
1.915123355199826116e-04 1.914756585453262952e-04
1.266169421958763001e-04 1.266009103458252667e-04
3.123796485165763223e-04 3.122820674717689923e-04
5.896373048643085681e-05 5.896025376491797858e-05
7.887875048970494369e-06 7.887812830397706801e-06
1.634467030034319503e-04 1.634199881787092587e-04
1.614607283357696105e-06 1.614604676401016725e-06
1.124145776933240296e-04 1.124019406560460672e-04
1.095702965185162468e-06 1.095701764620174645e-06
7.651573366096807275e-05 7.650987900347040239e-05
8.794749240476882670e-08 8.794748467000741100e-08
1.055917874731471481e-05 1.055906725105889689e-05
2.801827240138710258e-06 2.801819389902826516e-06
7.298262491320778639e-06 7.298209226685386100e-06
4.136784479621234695e-05 4.136613349762926172e-05
1.657734343824321388e-02 1.630253512277374944e-02
2.622009856225993550e-03 2.615134920539847335e-03
8.799854745526499008e-04 8.792111001172262181e-04
3.449165651858680445e-03 3.437268908164718608e-03
4.233976637168825052e-03 4.216050079004734011e-03
1.300265419651938648e-02 1.283358518036512366e-02
7.935100782927366481e-02 7.305442538575221412e-02
1.723083279389930889e-01 1.426181680618615055e-01
1.722725373870517274e-01 1.425947102492785834e-01
1.781071353484949549e-01 1.463849836864478671e-01
2.908072007597947706e-04 2.907226319317810317e-04
4.035529515488466695e-02 3.872674530784681046e-02
6.714995353101512951e-03 6.669904190509338276e-03
3.975035856994230121e-02 3.817026756350331423e-02
1.101138114011847302e-01 9.798875993988905020e-02
1.609825418885053316e-01 1.350671630956209457e-01
2.909646053350558592e-01 2.063042037772710446e-01
1.349870149701629940e-01 1.167655207596079853e-01
2.465649217028739459e-01 1.857706610885295762e-01
4.040136842612823860e-03 4.023814136905786744e-03
2.061475654115985394e-04 2.061050685928733986e-04
2.848482837563664203e-04 2.847671452116074474e-04
1.424587723638376922e-04 1.424384778620142755e-04
1.230382346639957323e-03 1.228868505921034164e-03
6.573202369457216985e-05 6.572770299563318510e-05
2.404868057426009912e-04 2.404289718388647227e-04
1.509186852724106065e-06 1.509184575079149661e-06
3.047429048927275508e-06 3.047419762103467342e-06
9.481659824666731886e-10 9.481659815676544214e-10
2.209628918684744211e-04 2.209140672688915538e-04
7.994434079505236728e-05 7.993794969742721646e-05
1.581960883463776391e-05 1.581935857461408149e-05
2.775053057784130544e-04 2.774282965836778921e-04
1.689912824370454398e-04 1.689627243835057204e-04
6.211358891982725686e-03 6.172777912697712498e-03
6.258881324086663423e-05 6.258489588132373858e-05
7.691852416523204707e-03 7.632687822925631263e-03
2.949682753696017401e-04 2.948812690861272253e-04
5.993122646556343219e-03 5.957205127499676754e-03
1.355956997404025345e-02 1.337570803615936027e-02
2.074737067943732292e-05 2.074694022604721400e-05
5.143932670164747873e-05 5.143668069731595745e-05
3.638505262949354017e-04 3.637181390894503145e-04
1.434629510655525877e-03 1.432571348822682215e-03
9.463186014118395476e-05 9.462290495223017967e-05
1.434049940622085604e-03 1.431993441389887425e-03
1.003724953545022912e-02 9.936503157213333673e-03
1.624440862874041158e-01 1.360560051176545326e-01
1.720735106233351741e-01 1.424642175650961406e-01
1.723543612158263683e-01 1.426483353857108116e-01
1.723206759468454974e-01 1.426262605880677659e-01
2.637982631863893257e-01 1.942087395262337979e-01
8.160917746095407849e-03 8.094317167636873311e-03
1.451951970794360114e-01 1.241135518244997488e-01
1.804785042141426529e-02 1.772212551658052318e-02
1.705032672950567429e-01 1.414319031367671786e-01
1.080992991465111602e-01 9.641384067054424578e-02
2.180239515157584018e-01 1.704895080812126318e-01
2.733010937879006841e-01 1.986076059222378065e-01
2.812603811590289049e-01 2.021529791493066885e-01
2.106441138799323987e-01 1.662731711676704860e-01
8.734986941630833168e-02 7.971986972926221882e-02
2.939248299575467072e-03 2.930609119008909750e-03
2.917980685785107227e-03 2.909466074502492158e-03
3.474461874023143226e-03 3.462389988709102615e-03
8.385731804735294462e-03 8.315411306834346108e-03
2.640526345765229627e-03 2.633553966382549353e-03
4.173764924070667154e-03 4.156344610429264612e-03
6.935153029031149337e-04 6.930343394277541655e-04
3.696806118017628945e-04 3.695439480470207798e-04
8.707216157691190716e-05 8.706458001559023616e-05
1.733406782549899283e-03 1.730402083476109297e-03
1.795809010206456655e-04 1.795486517206342696e-04
2.192955205845316662e-04 2.192474300591832216e-04
4.511608790868839995e-04 4.509573329480655334e-04
4.528076989659454558e-04 4.526026641537026027e-04
3.061402850522548509e-04 3.060465631781229823e-04
8.009325452745322542e-05 8.008683959803242040e-05
3.762331453961070609e-04 3.760915940164123944e-04
1.174706062546424980e-05 1.174692263203091084e-05
1.813599929062288630e-03 1.810310784359593856e-03
6.602843920019612961e-04 6.598484165236398946e-04
6.187923948176215807e-07 6.187920119135936830e-07
1.680056538428514586e-04 1.679774279431282889e-04
2.892174695544038124e-02 2.808527950848585530e-02
4.881586950132524999e-03 4.857757058980820969e-03
1.244741917233072384e-02 1.229248092827901762e-02
2.007357260886939374e-02 1.967062429158584341e-02
1.402621429598604197e-01 1.205886742121680955e-01
1.691486252540117530e-01 1.405373678286896411e-01
1.701169251730566545e-01 1.411771569427212880e-01
1.719628017709114443e-01 1.423915965780096493e-01
1.334017119515992778e-02 1.316221102764375366e-02
1.006916302498550402e-02 9.967774980961768838e-03
1.485879531818205671e-06 1.485877323980222570e-06
3.235364274999644185e-02 3.130688455080204297e-02
3.976345201845697436e-04 3.974764069729273233e-04
1.026140024098314008e-01 9.208436891926652379e-02
4.501727880362262069e-02 4.299072341273953157e-02
7.566840972540865573e-02 6.994270149503634126e-02
1.195821311701362050e-01 1.052822450749445471e-01
1.002202296981620222e-01 9.017613525740966751e-02
2.072117540913070155e-01 1.642750430577107346e-01
1.209223888539268932e-01 1.063001647277865835e-01
1.643305798355060516e-03 1.640605344408153097e-03
1.485065738682895056e-03 1.482860318434685212e-03
1.417118554417296341e-03 1.415110329420022533e-03
3.665374431138863649e-03 3.651939461418417243e-03
9.119512958126638983e-04 9.111196406467295160e-04
1.499923820924501565e-03 1.497674049455924869e-03
4.049683144737199216e-04 4.048043151379922353e-04
7.098371814100358111e-04 7.093333125859236504e-04
2.052623682327203041e-04 2.052202355929078027e-04
1.133340741054302816e-03 1.132056279818969202e-03
4.626479803880216373e-04 4.624339372342645312e-04
3.780497641101185878e-04 3.779068424859748738e-04
1.445093689321611235e-03 1.443005393550694012e-03
8.865018012864355965e-03 8.786429468495947012e-03
3.831399766595242756e-02 3.684603524880582237e-02
1.470172252774850329e-02 1.448558188246559623e-02
1.121246632628141449e-01 9.955272315101468261e-02
3.500160905388720323e-02 3.377649641752604459e-02
1.454974219607273467e-01 1.243279221635094078e-01
4.225496550368241372e-02 4.046948339396502087e-02
2.389631580969521496e-02 2.332528190041852426e-02
9.819681130416667292e-03 9.723254992913606121e-03
9.926094057185511424e-03 9.827566713953418340e-03
2.121423608750218695e-02 2.076419227472590598e-02
6.835360037429796635e-03 6.788637890588504128e-03
4.687359058747138374e-02 4.467645709290949535e-02
1.486147349226394077e-01 1.265283954865130400e-01
1.682934262085518107e-01 1.399707489035385277e-01
1.699278121822898890e-01 1.410523508292302886e-01
1.691769487525479898e-01 1.405561087633257489e-01
3.307599085053385818e-04 3.306505063882640987e-04
1.252664991174470312e-02 1.236973295373328986e-02
2.368109400018967193e-04 2.367548605805921296e-04
7.120703261527709660e-02 6.613659112140396479e-02
4.717690511746892444e-04 4.715464851370429933e-04
8.423748772353904790e-02 7.714153338556566097e-02
3.523188426269166680e-03 3.510775569582169457e-03
6.073471892572796047e-04 6.069783186489808875e-04
1.579754278684145693e-03 1.577258655103124744e-03
1.965506372725383810e-01 1.579184842602974204e-01
2.073718774936184339e-01 1.643687819183901333e-01
2.066614661712800061e-01 1.639525045712169060e-01
1.653558364903504833e-03 1.650824109637362511e-03
1.445910319211417185e-03 1.443819662560215074e-03
1.742396612332113189e-03 1.739360666377446837e-03
3.180483239116994876e-03 3.170367765482690579e-03
1.178220514304801660e-03 1.176832310724472896e-03
1.275867574802059656e-03 1.274239736733628458e-03
9.430042944843451116e-05 9.429153687744035455e-05
4.832512079294465948e-05 4.832278547564500541e-05
8.429844656942072956e-06 8.429773594661131965e-06
1.169356124407573954e-03 1.167988730661884524e-03
4.920558473643457449e-06 4.920534261747765160e-06
1.344939619943398814e-05 1.344921531317585916e-05
2.743628590437252330e-05 2.743553315458829565e-05
3.346358609241510039e-05 3.346246628082093319e-05
2.167023252870244618e-04 2.166553653892396491e-04
2.917500932930579965e-03 2.908989121236929196e-03
1.772932496261444061e-04 1.772618167297814167e-04
4.711013705150777402e-04 4.708794340137765805e-04
2.453512490554207639e-03 2.447492767012902307e-03
3.934150682781857068e-03 3.918673141187023999e-03
1.269041314063689167e-04 1.268880267478009096e-04
2.113144005758657074e-04 2.112697467999749817e-04
3.880268412956460779e-04 3.878762764660802242e-04
2.097931689843491286e-03 2.093530372468241710e-03
2.207554358137488876e-03 2.202681061893356929e-03
5.873013636451320657e-02 5.528090744711888771e-02
1.251196166799813103e-01 1.094646982018358528e-01
1.499007920272211192e-01 1.274305445768329215e-01
4.008174091930519385e-03 3.992108632379295918e-03
1.027825665875780952e-03 1.026769240276347939e-03
3.610986464001776918e-05 3.610856071769344796e-05
1.972112749169226045e-03 1.968223520473790216e-03
4.440126308077738175e-05 4.439929160861421525e-05
3.677456985838321174e-02 3.542220087011410667e-02
8.461222221654767579e-05 8.460506298839925315e-05
3.475179760371752136e-02 3.354411016702777554e-02
1.853475519770095281e-03 1.850040148267708285e-03
5.496574689828356386e-05 5.496272566495147521e-05
4.105959149191902188e-06 4.105942290291367297e-06
2.062883718762570893e-03 2.058628229525435397e-03
1.841872373030071508e-01 1.502622989176928825e-01
1.729768013038641139e-01 1.430558275145476232e-01
9.129651381757588778e-04 9.121316328322345846e-04
4.178112342756275721e-04 4.176366680481406616e-04
7.562310981326225831e-04 7.556592126588397530e-04
7.220244019722469762e-04 7.215030827352036371e-04
1.033229772983054176e-03 1.032162209219275465e-03
3.344332206398748343e-04 3.343213750608072811e-04
6.730221461122054593e-05 6.729768502312897670e-05
7.363121964181162047e-06 7.363067748616102297e-06
1.343374203752281133e-06 1.343372399098029729e-06
2.283730803296117433e-03 2.278515376914193920e-03
2.583547393910444576e-06 2.583540719193308085e-06
6.563579608838720876e-06 6.563536528261439552e-06
5.515826902520845805e-05 5.515522659056659830e-05
3.698214573892596004e-04 3.696846894789140728e-04
6.028207595128409714e-04 6.024573666447412962e-04
6.091510815344175489e-03 6.054404311330720094e-03
6.033444459921096870e-04 6.029804214716001642e-04
2.431537996495788771e-03 2.425625619467386071e-03
2.769878852358002679e-03 2.762206623501262462e-03
3.477556103157639251e-03 3.465462706707030452e-03
1.390686460287613878e-04 1.390493059404531231e-04
1.450428446726294545e-03 1.448324704047221747e-03
3.117652882958387339e-04 3.116680907008525614e-04
3.748681552579872719e-03 3.734628939197220249e-03
3.799626718902527744e-03 3.785189555699529796e-03
1.680513256943380954e-02 1.652272008875756495e-02
4.662780148810397041e-02 4.445364961648994029e-02
1.205581627782913862e-01 1.060238921658143846e-01
2.489893058773040872e-04 2.489273102028628239e-04
5.037878793738915416e-05 5.037624991511511227e-05
1.691156223386967264e-04 1.690870222449777265e-04
3.023869631954922196e-03 3.014725844403863021e-03
8.959219942996842975e-04 8.951193180798143250e-04
5.785078372457762470e-03 5.751611240682284222e-03
2.663966163596509488e-05 2.663895196439301742e-05
1.065376933416432728e-03 1.064241905406176957e-03
1.020145590260565734e-06 1.020144549563540455e-06
3.688706574835163808e-10 3.688706573474508053e-10
1.701834481376707318e-03 1.698938240774704525e-03
9.840059610905314141e-04 9.830376933590697849e-04
6.316765365308693592e-02 5.917750118505058637e-02
4.266788008786234071e-02 4.084733209667014420e-02
3.028746238688638103e-04 3.027828908310801017e-04
1.308640393051710557e-04 1.308469139083877971e-04
2.580687858602758030e-04 2.580021863620403973e-04
1.916967694143470837e-04 1.916600217629431911e-04
6.652363783710236794e-04 6.647938389319154760e-04
1.434963765354588011e-04 1.434757853253800072e-04
6.864400389250670752e-05 6.863929189323631158e-05
6.182622160884531585e-05 6.182239912716689626e-05
3.665629011863836466e-05 3.665494643503310578e-05
8.086242272051418281e-03 8.020854957969107690e-03
3.408415856713513846e-07 3.408414694983648661e-07
2.214256910603306725e-06 2.214252007669640736e-06
2.184156390684728998e-05 2.184108685293339403e-05
9.288604285047532603e-06 9.288518006877968683e-06
4.950508267796003203e-04 4.948057514585051933e-04
7.013137720519509741e-04 7.008219310450812187e-04
1.546131408861464284e-03 1.543740886527996455e-03
2.548782813796028265e-04 2.548133184412838142e-04
3.019406154411556110e-03 3.010289340886257783e-03
2.242532011124769714e-03 2.237503061303850512e-03
3.056106067604626164e-04 3.055172089174980972e-04
6.436236179785322390e-04 6.432093666169124476e-04
2.091363815986346201e-04 2.090926435725264576e-04
2.909768133680032398e-03 2.901301383088252753e-03
1.351248680801505220e-03 1.349422807804137462e-03
4.504796586389434553e-03 4.484503394104688914e-03
9.785840572059782000e-03 9.690077896358010451e-03
1.063812850919407249e-01 9.506430727412795711e-02
4.300410724518419279e-04 4.298561371278464033e-04
8.549936574062948387e-04 8.542626432520898866e-04
2.704303504612991498e-03 2.696990247167929591e-03
7.749502923370561736e-02 7.148954967777272629e-02
9.488281900840650821e-05 9.487381625906352598e-05
4.023895427748043485e-02 3.861978083613527152e-02
6.378582434951067721e-05 6.378175571812272858e-05
1.001716979039988381e-02 9.916826099790183174e-03
3.928131656177295540e-05 3.927977353994213043e-05
1.183013451337115012e-05 1.182999456128854632e-05
4.316690530134200360e-06 4.316671896317067530e-06
7.081319723622658737e-04 7.076305214719841915e-04
5.453581089879333890e-04 5.450606935208944558e-04
1.284257941045272543e-02 1.267764756453894186e-02
4.644985932785966436e-04 4.642828343354388427e-04
6.003019866535486007e-04 5.999416241783683823e-04
1.888748829570015319e-03 1.885181457428813240e-03
1.276343153675511648e-03 1.274714101829577248e-03
3.388258621149951681e-03 3.376778324666154622e-03
4.887329550371170665e-04 4.884940951357777438e-04
3.817944492931704009e-04 3.816486822916593169e-04
1.616473449872977953e-04 1.616212151231563522e-04
9.794682319484486423e-05 9.793722961467089903e-05
4.721934504933576401e-03 4.699637839464694371e-03
4.738881613291853084e-05 4.738657043302404835e-05
5.636252042273981477e-05 5.635934368903141103e-05
3.484930874747836003e-05 3.484809427315818425e-05
3.994204461158176213e-04 3.992609094230422664e-04
2.532584753838310401e-03 2.526170768302936354e-03
3.167707799133138210e-03 3.157673426432449412e-03
2.620771622637639922e-02 2.552087183657412647e-02
1.494660235779523248e-02 1.472320143575318180e-02
6.704733628431289172e-02 6.255199098149115400e-02
2.984479112647058646e-02 2.895407956908793018e-02
2.027021476558114182e-02 1.985933315893835885e-02
2.482267674609670884e-03 2.476106021801258768e-03
1.088005994899582558e-02 1.076168424450208230e-02
1.413466001887547438e-02 1.393487140502627786e-02
5.777480972173993853e-03 5.744101685790161359e-03
5.404666177711347184e-03 5.375455761218850444e-03
6.832581944621008915e-03 6.785897768591047513e-03
1.517253434578612337e-02 1.494232854731206324e-02
1.067640070094557888e-03 1.066500214775286271e-03
1.942076343507960186e-03 1.938304682983947027e-03
9.175291490093277075e-03 9.091105516165098877e-03
1.338713859007374385e-01 1.159498379377532779e-01
7.109645799440149003e-03 7.059098736046652209e-03
1.595361524501462958e-01 1.340843685115499784e-01
2.323359787898226798e-03 2.317961787194204246e-03
5.673542082853887114e-02 5.351651285194746616e-02
3.310267369971212206e-05 3.310157791270605313e-05
3.585213138482671230e-05 3.585084600950187825e-05
6.184659499905011495e-05 6.184276999773714281e-05
5.263524423565391075e-02 4.986477529990697433e-02
8.920503136993726892e-03 8.840927760776612007e-03
2.186070368840505734e-02 2.138281332265281123e-02
6.385981647871096173e-04 6.381903571710400994e-04
5.004607525057003193e-04 5.002102915409017275e-04
1.893305188647625373e-03 1.889720584110265262e-03
1.050821564070938789e-03 1.049717338111422248e-03
3.809247959004136500e-03 3.794737588990959153e-03
4.031997741538618650e-04 4.030372040959841152e-04
2.456472321271541289e-04 2.455868895645024123e-04
1.993850232545421749e-04 1.993452688670439680e-04
2.146330731603230313e-04 2.145870058042287853e-04
6.126739110714495701e-03 6.089202178583737364e-03
1.388285647424699037e-04 1.388092913720814564e-04
6.394087237315459126e-05 6.393678393799475258e-05
9.261262580890324751e-05 9.260404871044402696e-05
2.810144278630844026e-05 2.810065309522176842e-05
3.145967228015705982e-04 3.144977517035730933e-04
5.975680410686599886e-03 5.939971654315936121e-03
8.689290516171059575e-03 8.613786746496638821e-03
1.792310314541118235e-02 1.760186551905013400e-02
1.296789438230952218e-01 1.128623153520217359e-01
5.211891382608312834e-02 4.940253264767244940e-02
4.311438671638728043e-02 4.125553637445708577e-02
8.786378896147289258e-03 8.709178442040626036e-03
1.579577315906671373e-02 1.554626670937402089e-02
4.010623193283297666e-02 3.849772209298278625e-02
2.478295315578709149e-02 2.416875838866515414e-02
2.833937465881943701e-02 2.753625450276649816e-02
2.496573440385679507e-02 2.434244650953287792e-02
2.473141276197888400e-02 2.411976998477551037e-02
8.404777588421955686e-03 8.334137302111115780e-03
4.896389769434194433e-03 4.872415136659974735e-03
5.279069271137954919e-03 5.251200698768481584e-03
3.779251771645609354e-02 3.636424332110744367e-02
9.849937929978416339e-04 9.840235802255972719e-04
5.728603691655076435e-02 5.400434689094634616e-02
6.982893650004691008e-06 6.982844889200963621e-06
2.217719895919646571e-03 2.212801614382888665e-03
3.816218431748939473e-07 3.816216975396627566e-07
4.004254619779935816e-11 4.004254619619595256e-11
9.269193084171254218e-11 9.269193083312074641e-11
3.691236161660556335e-04 3.689873639220441208e-04
2.500747191926646555e-04 2.500121818274853914e-04
1.103663542078316823e-02 1.091482809937188193e-02
1.627014003768667214e-03 1.624366829200207763e-03
9.091909774785639524e-04 9.083643492450354986e-04
2.480142718246091792e-03 2.473991610343222614e-03
2.014247670929969394e-03 2.010190477250122475e-03
5.256856199878412288e-03 5.229221662772212155e-03
1.679509229132681615e-03 1.676688477881939712e-03
1.298980027933478590e-03 1.297292678820508504e-03
1.635001552272083826e-03 1.632328322196151650e-03
1.676038145863978585e-03 1.673229041997587518e-03
1.368492811001343137e-02 1.349765085263719515e-02
1.531249810314542397e-04 1.531015337716383495e-04
6.040265931976064801e-05 6.039901083850774657e-05
9.801334639654118281e-05 9.800373978046933562e-05
3.014448356832394148e-05 3.014357487843434181e-05
4.966315240588646453e-04 4.963848811881755923e-04
3.944524994919686167e-03 3.928965717484140217e-03
4.063517210025417194e-03 4.047005037909244540e-03
1.883524496669504097e-02 1.848047851373962880e-02
1.152929414008647263e-01 1.020004790640015035e-01
5.340933100093133573e-02 5.055677436296428934e-02
6.061659354455865845e-02 5.694222213161242996e-02
2.429579373117354141e-02 2.370550813814581090e-02
2.579369277390613710e-02 2.512837818699147768e-02
6.971852458619813564e-02 6.485785191572182584e-02
3.792044793000953762e-02 3.648248755879697491e-02
4.591565848581572601e-02 4.380741079162966262e-02
4.622458681265522590e-02 4.408787438665452696e-02
6.521101764334577555e-02 6.095854082126501983e-02
3.306595194383794151e-02 3.197259476588574373e-02
3.685929058760489818e-02 3.550068328498339615e-02
2.097316454290855739e-02 2.053329091196464187e-02
3.159207204361144661e-02 3.059401302760271155e-02
7.074964035839755418e-04 7.069958524228912551e-04
1.017514716129698862e-02 1.007161354154293906e-02
3.882581487968123265e-06 3.882566413529112606e-06
3.475209735699790630e-04 3.474002027429080614e-04
4.418892238887424730e-07 4.418890286226562649e-07
6.341933980571484801e-11 6.341933980169283738e-11
1.201303253496053557e-10 1.201303253351740526e-10
4.749501816823995101e-04 4.747246040073193566e-04
1.146054315904193729e-03 1.144740875409191094e-03
1.755991550979384141e-02 1.725156487708274372e-02
2.542727914452092442e-03 2.536262449205158379e-03
1.511705141217301214e-03 1.509419888783318335e-03
2.730791615152008099e-03 2.723334392306623383e-03
3.432648924704110975e-03 3.420865846063838710e-03
6.630547415579357041e-03 6.586583256549110969e-03
3.954870064579579618e-03 3.939229067351872164e-03
5.035087528108455127e-03 5.009735421692741893e-03
8.326763019597099164e-03 8.257428037212568780e-03
1.099794581298285147e-02 1.087699100087754361e-02
3.728759286071121892e-02 3.589722827936505517e-02
8.887698733870556854e-04 8.879799614992152108e-04
3.742996980169805083e-04 3.741595977530449177e-04
8.849968374007301740e-05 8.849185154605092101e-05
3.561335734190727094e-05 3.561208903068610701e-05
3.672171990618586625e-04 3.670823505905718392e-04
5.579994708553189225e-04 5.576881074458440828e-04
1.136045755585974020e-03 1.134755155627189182e-03
1.218734616464263107e-02 1.203881475810580221e-02
7.796222082825818300e-02 7.188411295178409599e-02
4.941349166385442665e-02 4.697179850544061508e-02
6.715507907335678539e-02 6.264527442800797707e-02
3.376055316956969726e-02 3.262077821925435384e-02
3.562386466319751588e-02 3.435480492965570232e-02
8.343748080364489506e-02 7.647566760078627901e-02
4.256843575566666288e-02 4.075636403298234234e-02
5.799604358287265005e-02 5.463250251160618742e-02
5.824545813238955067e-02 5.485292473933760932e-02
1.064522687972813547e-01 9.512018326519271205e-02
7.943258617541722189e-02 7.312305042890214490e-02
1.568353334707710267e-01 1.322380116458830857e-01
5.069632439715245770e-02 4.812620708977113915e-02
6.641328053137836307e-02 6.200255670043880452e-02
3.560806499367942957e-03 3.548127156442002026e-03
1.723119698079297879e-02 1.693428283140209142e-02
1.073233356546323155e-05 1.073221838247947179e-05
3.052153230161807631e-04 3.051221666227768928e-04
7.297096510274351742e-09 7.297096457026733935e-09
7.132051677880697131e-09 7.132051627014535616e-09
1.854621088029950160e-05 1.854586691836148510e-05
3.063601682552940381e-03 3.054216027283599214e-03
3.903948132335723943e-03 3.888707321315756481e-03
9.164642018112087452e-02 8.324735384910630920e-02
5.904368349424107820e-03 5.869506783818426859e-03
3.567182369964331211e-03 3.554457579903747000e-03
7.497883236317096425e-03 7.441664983291651839e-03
6.820682125095451145e-03 6.774160420443854635e-03
9.847821762588099964e-03 9.750842169120395656e-03
7.706676153783943890e-03 7.647283296444641783e-03
1.116491377761825825e-02 1.104025847795660903e-02
1.269556894800108644e-02 1.253439147708763739e-02
1.962540233959903999e-02 1.924024592260789937e-02
5.564185624196230778e-02 5.254584007591110717e-02
1.088953893793060713e-02 1.077095687964989973e-02
1.488426319162408033e-03 1.486210906254832641e-03
4.591975067941979718e-04 4.589866444439519647e-04
8.515966061572498107e-05 8.515240844792880002e-05
6.264728805334333732e-04 6.260804122633895465e-04
8.112892039969326046e-04 8.106310138244106085e-04
5.711859077038226179e-03 5.679233742922282398e-03
2.165675189559193581e-02 2.118773699292470988e-02
1.198175436807330935e-01 1.054612999070487084e-01
8.583829630835010382e-02 7.847008319522999487e-02
1.094227567494178849e-01 9.744941705477561111e-02
4.188334341614075029e-02 4.012912896042637040e-02
4.723953792121320799e-02 4.500796397820346767e-02
1.048244147576725682e-01 9.383625682838400706e-02
4.532860852248983552e-02 4.327392577190469769e-02
5.624177757126397337e-02 5.307864002688843924e-02
4.779429442966069003e-02 4.550999984963159661e-02
8.416743622896956378e-02 7.708327890761190737e-02
8.932122020225297110e-02 8.134293982383360155e-02
2.194894582873738731e-01 1.713138359880890249e-01
1.686860939546356297e-01 1.402310956609634784e-01
2.372829376169160176e-01 1.809797451328027662e-01
2.833904614454783866e-02 2.753594460816502845e-02
8.904611593746572518e-02 8.111690517391713373e-02
4.716921153576566507e-04 4.714696219059660918e-04
5.629498765511899020e-04 5.626329639876808883e-04
3.839109511704500360e-05 3.838962124086071675e-05
8.887152856585798979e-06 8.887073875099901817e-06
1.667857841787536669e-04 1.667579666809495512e-04
2.079754282107057137e-02 2.036500503367630679e-02
4.126502702038167825e-02 3.956222456538884685e-02
1.597162990749908806e-01 1.342070028847789365e-01
1.236482352572270760e-03 1.234953463964048176e-03
1.075133875651394528e-03 1.073977962800821322e-03
9.096409750783103834e-04 9.088135283747689197e-04
1.778021865774662971e-03 1.774860504019490056e-03
1.685942955806200632e-03 1.683100552155968174e-03
1.130077541563287652e-03 1.128800466313342006e-03
7.940652475569903637e-04 7.934347079396126190e-04
9.600521366112990717e-04 9.591304365062871574e-04
2.043095278593929590e-03 2.038921040276516893e-03
4.224478867904415264e-02 4.046016650850705471e-02
9.517112007747244784e-04 9.508054465650443710e-04
1.006223756782863039e-04 1.006122508157991652e-04
4.740095989420772035e-04 4.737849138421880001e-04
1.159387494121107777e-04 1.159253076184955353e-04
5.570224911252790161e-04 5.567122170696595616e-04
3.399922568025840613e-02 3.284327833340126152e-02
4.139888670867458015e-02 3.968501888795690491e-02
5.698421994599883744e-02 5.373701862314486655e-02
2.475486149389589108e-01 1.862682981807619598e-01
1.780569791119303302e-01 1.463526913014639441e-01
1.739446518306764500e-01 1.436879099301812124e-01
5.218393254014529886e-02 4.946076972479086092e-02
3.220297760560222877e-02 3.116594583893531056e-02
1.251996703268966893e-01 1.095247128769330780e-01
7.162435635553084101e-02 6.649430793218677471e-02
5.519991045621638198e-02 5.215288034184207416e-02
4.160567624144144439e-02 3.987464394593379785e-02
6.686231900945710516e-02 6.239174930613469727e-02
1.121073917011334575e-01 9.953932442710208828e-02
2.306475062568149603e-01 1.774492341143274476e-01
2.417688822570730756e-01 1.833166898292385993e-01
2.658862554574565329e-01 1.951907546162686968e-01
6.363000296393847566e-02 5.958122568674766029e-02
9.628057775529458295e-02 8.701062810240126066e-02
1.927654944343549172e-05 1.927617785807704794e-05
1.004441586749383984e-04 1.004340696459264849e-04
1.255084128850283910e-04 1.254926605233234798e-04
5.868373247341211095e-05 5.868028869295510128e-05
9.039813101706169370e-04 9.031641279614791148e-04
1.781583642108053034e-01 1.464179614725353573e-01
1.725222453114547416e-01 1.427583201841489680e-01
1.788228089890540051e-01 1.468452119743183237e-01
4.798111978871311242e-04 4.795809791015132571e-04
5.216748649755339811e-04 5.214027203107867315e-04
2.935943046518137535e-04 2.935081070360897855e-04
6.679771976515025238e-04 6.675310041149201722e-04
5.103753814128321768e-04 5.101148983828799038e-04
3.654263858454488744e-04 3.652928494019767858e-04
1.560854535630937473e-04 1.560610908942797420e-04
2.365300977534216364e-04 2.364741512662783926e-04
1.258437705186165971e-04 1.258279338640382506e-04
1.516841769016569544e-02 1.493833679494236365e-02
2.696083724650550663e-04 2.695356837905517962e-04
5.247608563974941361e-04 5.244854824410870699e-04
8.094459980080076153e-04 8.087907951843163832e-04
3.369512495932845100e-04 3.368377134486820099e-04
4.597232442931730931e-03 4.576097896797386676e-03
3.490931671713000395e-02 3.369065632347310879e-02
2.205496387671460334e-01 1.719074956068274429e-01
2.323713221237652948e-01 1.783748907782186088e-01
2.378293543275337152e-01 1.812665525476821471e-01
2.156340089547795491e-01 1.691359831368696165e-01
1.674061723874609720e-01 1.393813458340406597e-01
4.291009151934751381e-02 4.106881556514873494e-02
2.862812575407251009e-02 2.780855616988152021e-02
8.743749887236758334e-02 7.979218266331229714e-02
5.252576475735342559e-02 4.976680879400859764e-02
3.859197727677057821e-02 3.710263656663979892e-02
2.627813854787794390e-02 2.558759798233647617e-02
3.437192819610548206e-02 3.319049874818725404e-02
6.053710708993278317e-02 5.687236575511479125e-02
1.896736646104502932e-01 1.536975655636927118e-01
2.765282430385624379e-01 2.000603738405681842e-01
3.043428659407821923e-01 2.117182858917332766e-01
1.637771182829411143e-01 1.369541738098766226e-01
1.853567851808215761e-01 1.509996473682523321e-01
2.242143738067232592e-02 2.191871652645691407e-02
3.409883053600401190e-04 3.408720323356478161e-04
1.285744077760187681e-04 1.285578763976838175e-04
4.968162468755519108e-05 4.967915642372359346e-05
2.425642554654119584e-02 2.366805136624629963e-02
1.821311123402138687e-01 1.489593702579302681e-01
1.794927563607648935e-01 1.472751067747799791e-01
1.782677833384280763e-01 1.464883807620313561e-01
1.905185324493451635e-03 1.901555593372786322e-03
2.122583514846553346e-03 2.118078154069055058e-03
2.650713872420433492e-03 2.643687588386991506e-03
7.308523411952537983e-03 7.255108897489479999e-03
4.307525290959212001e-03 4.288970516826958422e-03
6.123257114046249880e-03 6.085762836361531883e-03
2.261785536587266904e-03 2.256669862773751523e-03
1.189281962029231166e-03 1.187867570444022967e-03
6.121462574558679754e-04 6.117715344153507257e-04
4.139814582395293097e-02 3.968433934629166104e-02
7.169897444705265830e-04 7.164756701768507010e-04
1.810832542050191474e-03 1.807553427554843464e-03
1.360742948743809931e-03 1.358891327371253895e-03
3.586470169400591407e-02 3.457842486640588103e-02
3.839530705412699807e-02 3.692110745034630354e-02
1.774201920058100790e-01 1.459422674744315640e-01
2.674416148831422202e-01 1.959165975118392633e-01
2.752054504124666345e-01 1.994674104757380162e-01
2.765706720174979649e-01 2.000793353972875332e-01
1.695716691659703290e-01 1.408171181822370222e-01
7.381103795913597498e-02 6.836296863453096562e-02
3.797345104495314372e-02 3.653146806068969382e-02
2.071861156360014708e-02 2.028935069847680184e-02
1.834218431959450460e-02 1.800574859398052646e-02
4.864139992198491733e-03 4.840480134334786654e-03
4.069830269602082821e-03 4.053266751178713663e-03
2.952496225976740125e-03 2.943778992012333149e-03
2.709964916510289572e-03 2.702621006661572872e-03
2.537894593027701338e-03 2.531453684062382175e-03
4.421647071145543006e-02 4.226137442927843657e-02
2.315981549784071059e-01 1.779604495890048377e-01
3.003318159677118571e-01 2.101326162852483193e-01
2.144623130448098103e-01 1.684682293282798171e-01
3.149979915860867674e-01 2.157742568828183716e-01
1.182394364006975618e-01 1.042588720803429569e-01
3.448249094591061131e-02 3.329344876407580589e-02
2.270405132642083919e-04 2.269889658695451134e-04
1.823334139815550037e-01 1.490879401273858818e-01
1.822881904545372023e-01 1.490592060753475612e-01
2.810831248793133064e-01 2.020754017873936659e-01
1.820804097638413777e-01 1.489271341440729923e-01
1.684268452905633706e-01 1.400592430760320140e-01
3.057192310119137319e-04 3.056257667637032188e-04
3.623256354661991228e-04 3.621943556000831611e-04
3.341852005485997264e-04 3.340735208003340088e-04
2.440285643607944654e-03 2.434330649585545684e-03
8.616787508590063177e-04 8.609362605893243958e-04
1.442641900907186674e-03 1.440560685252933624e-03
1.655693435566880217e-04 1.655419303491622175e-04
2.006749547140199751e-05 2.006709276702750170e-05
3.864955318277779549e-06 3.864940380398166882e-06
8.214226165870858968e-05 8.213551430755818309e-05
1.747516347904174772e-04 1.747210966565555584e-04
9.797408252417878771e-04 9.787809331571423275e-04
2.508274876022890607e-02 2.445360447486014110e-02
4.642425019596133767e-02 4.426903918970412355e-02
2.228321996259378379e-01 1.731780104358040251e-01
2.513614918939330867e-01 1.881788922867893010e-01
2.440427206469188703e-01 1.844858711461687950e-01
2.438528006993118946e-01 1.843886122904135616e-01
2.680339931526950492e-01 1.961917716673160783e-01
6.971597371055383852e-02 6.485565672014320659e-02
4.535857580700462105e-02 4.330117540776483309e-02
1.375043942997572488e-02 1.356136484545829302e-02
1.390825891239403722e-03 1.388891494579661901e-03
4.755326908694388656e-03 4.732713774685835817e-03
1.428671478905793992e-03 1.426630376711155021e-03
1.215159538974996088e-03 1.213682926269834270e-03
1.810866990133588785e-03 1.807587750877633331e-03
1.447227545878430497e-03 1.445133078308881219e-03
1.149304700315179246e-04 1.149172610185762575e-04
6.277248709070776516e-04 6.273308323935223273e-04
1.092618829325640445e-01 9.732372387059470831e-02
1.991974644046403120e-01 1.595178345794023844e-01
1.824751093032665195e-01 1.491779437880274561e-01
3.167902002314125220e-01 2.164341692687540841e-01
1.633228874755976168e-01 1.366485219022308961e-01
2.089342796267777691e-01 1.652807464236172030e-01
2.883508644219116845e-02 2.800362423206253018e-02
1.835369684937993018e-01 1.498511496899054274e-01
1.818553273574048945e-01 1.487839672691360082e-01
2.005536729653159267e-01 1.603318972254370312e-01
7.076503823145319227e-02 6.575734759555415532e-02
1.558835625021508242e-03 1.556405656515671976e-03
5.879120665698694135e-04 5.875664259718509780e-04
8.051003912100932912e-04 8.044522045701666757e-04
7.225222868038259872e-04 7.220002483488977474e-04
5.165322939484206545e-03 5.138642378415044648e-03
1.052626349371628281e-03 1.051518327140236759e-03
3.748877100963766279e-03 3.734823021445635594e-03
8.535286349672942295e-04 8.528001238365851043e-04
5.817246539995407639e-04 5.813862504264698510e-04
1.936882848323704916e-04 1.936507696806891827e-04
3.948414648187682156e-04 3.946855650364279990e-04
1.212583974890778498e-03 1.211113614994616637e-03
3.286187412810477604e-02 3.178197135689337510e-02
3.876450859496641255e-02 3.726182146835718689e-02
1.609095266836403915e-01 1.350176509060872221e-01
2.518560602771446333e-01 1.884245851788199366e-01
2.734369071993441591e-01 1.986691649806014148e-01
2.760918865453006465e-01 1.998651567291575004e-01
9.767004013354561864e-02 8.813060339385721254e-02
7.098816756832025676e-02 6.594884763361233415e-02
4.709242846181836001e-02 4.487473164338687953e-02
3.292181560320503464e-02 3.183796966059360134e-02
8.738889305698734023e-04 8.731252487069008717e-04
5.659376269340712662e-05 5.659055983943132910e-05
1.143023110323678344e-04 1.142892460140604988e-04
2.043228992348153738e-06 2.043224817563438592e-06
6.638139399068981204e-07 6.638134992579513374e-07
3.606072749762102981e-07 3.606071449386035225e-07
4.540889827133326063e-08 4.540889620936521631e-08
1.670164583440650861e-07 1.670164304495677292e-07
8.137416357049758429e-05 8.136754181600079270e-05
7.869501652689076280e-04 7.863308747062909207e-04
8.317317595751397286e-02 7.625539875865439132e-02
1.460065304076971215e-01 1.246886234860033332e-01
3.054687239414882738e-01 2.121575826350470817e-01
2.426612189023792943e-01 1.837767517431908582e-01
3.986302837464789084e-01 2.397241806266806330e-01
3.406834887370832621e-01 2.246182492390129126e-01
2.016180315842300008e-01 1.609682009243304512e-01
1.820864538920360931e-01 1.489309772010595223e-01
1.869183863882598329e-01 1.519799032182690413e-01
2.494430379096735729e-04 2.493808160805119790e-04
1.042414527134900208e-04 1.042305864330262001e-04
5.171355487239188975e-04 5.168681195481649587e-04
4.354613474327279836e-04 4.352717208476200800e-04
3.316012263218127976e-04 3.314912669485146728e-04
2.499068893869881014e-03 2.492823548533573078e-03
8.574752209235153881e-04 8.567399571690175733e-04
1.617863681147791582e-03 1.615246198257014407e-03
1.210171228302362161e-03 1.208706713900551235e-03
2.188444190788982596e-03 2.183654902812784751e-03
2.475217272884146637e-04 2.474604602829348328e-04
7.228949759292603756e-03 7.176692044670226860e-03
2.224035076970599586e-02 2.174571756734643493e-02
3.549541164113541314e-02 3.423548739356176152e-02
2.112039804815880606e-01 1.665968591103210161e-01
2.178303167330454537e-01 1.703802698450265496e-01
2.328988283739980569e-01 1.786569641160170585e-01
2.522310373692880914e-01 1.886105411569009016e-01
2.415856523386804289e-01 1.832220249227746733e-01
4.623520141416042478e-02 4.409750756435244085e-02
4.576805273116552053e-02 4.367333808036277104e-02
7.451248182184505922e-03 7.395727082711998218e-03
7.746211597211927289e-04 7.740211217801049428e-04
7.622042374665340082e-04 7.616232821669221068e-04
5.227726885475457501e-05 5.227453594191566516e-05
1.689333802449260850e-04 1.689048417579651102e-04
4.943691976931808050e-05 4.943447576028180541e-05
2.380184246297910634e-05 2.380127593527447502e-05
3.128070851217322814e-06 3.128061066390072406e-06
2.350200597057686659e-05 2.350145362629222417e-05
7.145556321302051869e-05 7.145045731550642913e-05
5.384764815868224488e-05 5.384474858947002244e-05
1.736854886237610991e-03 1.733838221341763627e-03
4.272608534082683249e-03 4.254353350397166791e-03
7.009742450437139727e-02 6.518377558222535062e-02
1.970030311947189861e-01 1.581928368948115615e-01
3.038838909541513034e-01 2.115384717727167851e-01
4.647175314022734538e-01 2.487551474096504345e-01
2.945874769536097060e-01 2.078056953757161929e-01
3.377541801668165200e-01 2.236762939466581668e-01
1.140986356759524645e-01 1.010801370128387305e-01
6.259360315401342467e-02 5.867564399821130483e-02
3.065391298769468142e-03 3.055994674954896472e-03
3.750343934378946344e-03 3.736278854752813228e-03
2.991969032682601989e-03 2.983017153990070395e-03
3.669298907568392491e-03 3.655835153095309941e-03
3.735248532952113905e-03 3.721296451349193068e-03
6.424467669821729010e-03 6.383193884981144470e-03
2.557443823875113834e-02 2.492038634752344328e-02
3.657985249774209444e-03 3.644604393686643688e-03
2.923988302702875981e-03 2.915438595108532562e-03
1.727625846083673603e-03 1.724641155019617216e-03
9.988762049931440914e-04 9.978784513202426827e-04
5.428693250963021605e-02 5.133986146832507369e-02
3.553959354509939050e-02 3.427653083574851850e-02
1.789795239553804151e-01 1.469458539600858316e-01
1.969386732153611819e-01 1.581538322075343728e-01
2.099486240496947764e-01 1.658701993093346927e-01
2.282983641109593287e-01 1.761782210552191585e-01
7.506670714852783921e-02 6.943169662640499840e-02
5.074501558170379373e-02 4.816995897531643062e-02
1.776272834885956470e-02 1.744721383046418661e-02
1.769019035030026596e-02 1.737724751567040760e-02
8.768385640022964816e-04 8.760697181349749252e-04
1.951441605379626576e-04 1.951060792945705962e-04
1.216588879558745391e-04 1.216440870708558857e-04
5.182086735312764968e-06 5.182059881289833030e-06
8.105413070863724278e-06 8.105347373142674159e-06
1.030347238707362877e-06 1.030346177091930617e-06
3.917458371878946662e-06 3.917443025398851377e-06
1.428124326790435557e-06 1.428122287251342830e-06
2.516860979581397066e-06 2.516854644992206559e-06
2.549321395480453702e-06 2.549314896440876124e-06
3.064479180138622360e-06 3.064469789105976997e-06
2.524300730523857490e-04 2.523663521106045242e-04
9.124830151591143725e-04 9.116503899061604872e-04
3.225329407809418049e-03 3.214926658020537693e-03
2.808536664120021564e-01 2.019748844749379713e-01
4.235727365885180173e-01 2.441588734074319478e-01
4.945706354832917206e-01 2.499705220009447171e-01
4.847161839203201761e-01 2.497664049660425212e-01
4.628232789489240551e-01 2.486178914118904737e-01
1.474603231396333092e-01 1.257157762391882261e-01
5.347047703867709861e-02 5.061138512393340699e-02
3.100650005188830636e-03 3.091035974734152991e-03
1.696328112324351411e-04 1.696040359417885107e-04
1.561464409504889237e-03 1.559026238402738771e-03
1.991863235825634161e-03 1.987895716675400389e-03
1.140409946844871819e-03 1.139109411998009188e-03
1.380390269347087431e-02 1.361335496390006158e-02
1.477339314346421979e-03 1.475156782896708436e-03
7.853899274711861889e-03 7.792215540894542603e-03
9.601840045917679322e-04 9.592620512690940102e-04
2.002159347613765347e-03 1.998150705560528158e-03
2.110492389105879298e-03 2.106038210981405270e-03
4.160703255779370918e-02 3.987588739952840217e-02
1.722741782157471424e-01 1.425957857358361447e-01
1.991645892503798032e-01 1.594980556391072946e-01
1.977485455124617930e-01 1.586440582601676141e-01
2.785659410859617213e-01 2.009669575528542085e-01
2.548258557685426640e-01 1.898896390003725620e-01
8.313086565515065418e-02 7.622012483057594157e-02
6.141859707085130932e-02 5.764635300469972412e-02
4.606655555575385474e-02 4.394442801498249507e-02
4.181259855698922501e-02 4.006430515890128941e-02
7.604384146835922601e-04 7.598601481010658137e-04
1.022536863451067640e-04 1.022432305287356035e-04
2.597341141734555854e-05 2.597273679924490489e-05
3.461651305696812184e-06 3.461639322667050035e-06
2.436403923972928662e-05 2.436344563332121290e-05
2.061434657017707339e-05 2.061392161889255797e-05
3.134191057537118473e-05 3.134092826001266704e-05
1.097820509719600210e-05 1.097808457620884522e-05
4.338675128092261422e-06 4.338656303990394177e-06
2.759383596202963492e-06 2.759375982005132291e-06
3.069510513013978502e-06 3.069501091119188802e-06
6.221196282750077005e-06 6.221157579466888162e-06
1.372230690814302300e-04 1.372042389107421109e-04
3.468252290728811912e-03 3.456223516776666185e-03
2.710282798273796478e-01 1.975719513611912392e-01
2.599261077126066577e-01 1.923645262419810542e-01
3.618735252806039027e-01 2.309210769815920328e-01
1.647441040364526765e-01 1.376034842216791454e-01
2.973837365430097024e-01 2.089466497827274782e-01
1.755445876209985323e-01 1.447286853779720939e-01
2.107768614734153168e-01 1.663499761408320232e-01
1.298924091667691405e-02 1.282052053708544054e-02
1.329968506212856521e-03 1.328199689985338355e-03
7.948449061981498935e-04 7.942131277732407662e-04
1.021018900127658230e-03 1.019976420533240304e-03
7.021279408381219094e-04 7.016349571928163532e-04
1.028545465027905226e-02 1.017966407291610517e-02
1.978508264941580743e-03 1.974593769987138467e-03
1.060638680424961372e-02 1.049389136320825339e-02
3.722171977074618943e-03 3.708317412847699206e-03
4.588264099271600373e-03 4.567211931826935765e-03
5.878975408672592121e-03 5.844413056816814833e-03
1.087131199047883384e-01 9.689457746535545812e-02
1.619125846292389370e-01 1.356968995679184720e-01
1.743397122632907581e-01 1.439453769912437398e-01
2.254118337975583586e-01 1.746013389815802841e-01
1.075435447322334453e-01 9.597793071865955150e-02
9.187193093388490439e-02 8.343147924036438401e-02
7.108086246443066913e-02 6.602837345574336103e-02
8.416377712958866483e-03 8.345542299151676585e-03
1.571151868595144566e-02 1.546466686653244493e-02
5.503798013899528080e-03 5.473506221321723479e-03
3.510274380025666286e-04 3.509042177403359883e-04
2.624772307370875187e-05 2.624703413074219943e-05
5.201651881521486781e-05 5.201381309698521369e-05
1.260298309046256611e-06 1.260296720694428728e-06
1.312854602216363791e-06 1.312852878629157138e-06
6.436041135085563152e-07 6.436036992823014077e-07
1.312068519755262589e-06 1.312066798231462077e-06
9.663552674129605528e-07 9.663543335704576473e-07
2.117091252651878729e-06 2.117086770576506820e-06
2.480807880245832073e-06 2.480801725838093193e-06
1.830407126255061626e-06 1.830403775864813771e-06
1.983400830846414635e-04 1.983007442960834472e-04
1.814538179436175347e-01 1.485283298973020250e-01
1.818028105645138615e-01 1.487505486353573603e-01
2.205498038321484777e-01 1.719075878617493114e-01
2.137032585861062262e-01 1.680341758557860332e-01
2.233489313821408750e-01 1.734641862325966011e-01
1.769453683859551207e-01 1.456357049927137493e-01
2.998294198671226929e-01 2.099317388492673575e-01
2.661718797090822930e-01 1.953244101612160999e-01
2.614104889747521643e-01 1.930750452287331442e-01
7.351644727449543892e-02 6.811177925463177130e-02
9.957757516181322752e-03 9.858600581430256721e-03
4.628889127395660066e-04 4.626746465940288029e-04
4.448974574439690222e-04 4.446995236963289296e-04
5.771394579415304584e-04 5.768063679876173945e-04
1.879358610832105800e-02 1.844038722951018075e-02
8.945436397428728134e-03 8.865415565088284947e-03
1.158408651274313306e-02 1.144989545240841615e-02
6.194543378209955813e-03 6.156171010545431060e-03
5.470124401248718099e-03 5.440202140283581511e-03
9.572571595388013055e-02 8.656230325899719191e-02
1.379481521904653285e-01 1.189184594977015508e-01
1.454648337412780823e-01 1.243048158859004076e-01
1.616396971047616982e-01 1.355123054246425984e-01
2.249862235439742675e-01 1.743674227593950965e-01
1.024029696381424520e-01 9.191660144743213356e-02
9.021375839286252529e-02 8.207523618949674749e-02
5.227188794515636588e-02 4.953953767580538542e-02
4.844464163110019130e-03 4.820995330082362279e-03
8.071230765822117945e-03 8.006085999746963625e-03
1.493979169112590565e-03 1.491747195354848265e-03
6.485260477275006262e-05 6.484839891240424831e-05
2.179468095752002502e-05 2.179420594940198398e-05
2.084488872086882441e-05 2.084445421148304012e-05
6.330442275817356010e-07 6.330438268367415678e-07
8.077726502638411453e-07 8.077719977671866231e-07
1.580668424735957049e-06 1.580665926223288073e-06
2.137901031644478075e-06 2.137896461023656862e-06
3.057526030439805904e-06 3.057516681974379059e-06
2.407234892994613987e-06 2.407229098214783733e-06
1.735385015715433779e-06 1.735382004154280999e-06
1.450036988739317315e-07 1.450036778478590547e-07
9.290998427585465264e-03 9.204675775804069260e-03
1.818149576847950533e-01 1.487582788468712336e-01
1.759621553142210471e-01 1.449994752113950014e-01
2.057377420412566937e-01 1.634097235410220117e-01
1.291006064838363075e-02 1.274339098243868797e-02
1.133977781313791171e-02 1.121118725228657624e-02
4.971711497672468005e-02 4.724532345511581882e-02
2.324626383831868426e-01 1.784237601391145400e-01
2.245303747336827582e-01 1.741164855556347479e-01
2.609860047003768613e-01 1.928723100509117105e-01
1.478801578834233743e-01 1.260116167877971538e-01
4.993294630429869624e-02 4.743964717767071987e-02
7.763346548193399707e-04 7.757319593230665045e-04
1.269646488943070419e-03 1.268034486736184909e-03
6.281506812776021902e-03 6.242049484937070049e-03
2.369136243365671177e-02 2.313008177969383058e-02
1.149690904919349783e-02 1.136473013150807003e-02
1.668377298531177957e-02 1.640542470428636018e-02
3.935384675310232318e-03 3.919897422767566059e-03
8.236907026953088976e-03 8.169060389582418966e-03
1.015489448516083415e-01 9.123675665113334388e-02
1.193313558656875634e-01 1.050913833729441998e-01
2.130293230034827068e-01 1.676478305441605476e-01
1.096604734417499505e-01 9.763505400628119668e-02
1.064436613288498867e-01 9.511340829175898848e-02
1.119030354972588709e-01 9.938074614375809468e-02
9.336522872891393765e-02 8.464816279331152660e-02
7.417497380686123576e-02 6.867304706761268029e-02
3.306044048951110870e-02 3.196744776415059996e-02
4.317033421397718090e-02 4.130665645783069412e-02
4.577453608383709460e-02 4.367922793014659272e-02
1.799273411630936690e-03 1.796036026821134710e-03
2.358883571966114703e-04 2.358327138795505539e-04
3.269017633836748425e-04 3.267948986207714788e-04
1.608373691567578748e-05 1.608347822908261446e-05
2.555040447620324446e-04 2.554387624451426959e-04
2.166189998721695153e-05 2.166143074930589524e-05
1.998223336740018866e-05 1.998183407774984069e-05
1.138424673101957467e-04 1.138295072028324789e-04
2.076225190558657243e-04 2.075794119454466122e-04
5.437112478048759020e-04 5.434156258838863853e-04
1.816509822363636395e-01 1.486539028889279357e-01
1.818366251382962373e-01 1.487720668966109605e-01
1.818672267702836909e-01 1.487915385971698978e-01
1.818143005904460929e-01 1.487578606912530188e-01
1.938217769866242279e-01 1.562548957523715309e-01
3.717843693736017606e-03 3.704021332004964803e-03
4.345447794550301099e-03 4.326564878015138650e-03
6.697317967550964202e-03 6.652463899592482924e-03
7.434783717949293436e-02 6.882023628622453704e-02
1.794046446150335261e-01 1.472186181055870624e-01
2.887908190564560384e-01 2.053906818851573002e-01
1.485790102561012072e-01 1.265032879674185817e-01
1.750601901804840765e-01 1.444141199944568299e-01
1.041051342374845791e-03 1.039967554477385378e-03
8.359725491114810420e-03 8.289840480828016001e-03
8.441293007837434581e-03 8.370037580193268739e-03
1.344230955355638947e-02 1.326161386742275537e-02
9.301476344715243691e-03 9.214958882523946807e-03
2.341518887169191654e-02 2.286691780179491221e-02
1.094921468825811595e-02 1.082932938596854917e-02
2.730511625485904093e-02 2.655954688116767340e-02
9.769360218098938065e-02 8.814956227389196541e-02
1.582068990370252004e-01 1.331774761341137092e-01
1.846599122151466044e-01 1.505606290358409427e-01
9.007299888155624601e-02 8.195985375403941342e-02
1.055678673348888486e-01 9.442329272125216111e-02
3.046545446078805300e-03 3.037264006923781883e-03
1.611679281843632003e-02 1.585704180768391855e-02
2.914024335012867142e-03 2.905532797187819830e-03
1.438426083921629656e-03 1.436357014322723648e-03
3.387323557681902529e-04 3.386176161593459715e-04
1.563298695138203801e-03 1.560854792327982929e-03
2.404959085177997221e-04 2.404380702357859279e-04
1.488039875010159206e-05 1.488017732383463012e-05
6.789041887960839676e-05 6.788580977063274151e-05
2.865906376390705158e-03 2.857692957032468249e-03
1.609018164352690045e-02 1.583128769820521184e-02
4.894805937392291919e-05 4.894566346140644618e-05
1.146981602134210671e-04 1.146850045454647301e-04
2.123546689824890271e-04 2.123095744770503652e-04
3.447726368613678667e-04 3.446537686902395483e-04
1.273833978809674715e-02 1.257607448753973907e-02
1.808862065442105038e-01 1.481663868262557138e-01
1.816937850735645121e-01 1.486811535392058570e-01
1.818026314308365810e-01 1.487504346356599561e-01
4.363818825853122969e-04 4.361914534378635898e-04
2.058601904044170868e-03 2.054364062244836385e-03
5.319559089383890443e-04 5.316729318493345268e-04
3.969767531305728276e-04 3.968191625880467281e-04
4.769175699539498006e-03 4.746430662686419895e-03
1.346068335334946013e-02 1.327949335701032046e-02
1.540655473026791011e-01 1.303293544370050516e-01
2.390143119590024401e-01 1.818864706377671114e-01
2.123511896611094685e-01 1.672581619106209838e-01
2.585003536565732007e-01 1.916779208159997694e-01
2.766960338155963900e-03 2.759304268643035518e-03
9.534479220643495012e-03 9.443572926634611828e-03
1.001043766422625957e-02 9.910228801996899539e-03
1.594755110643574988e-02 1.569322672014336964e-02
6.296089161378389323e-03 6.256448422650363016e-03
1.273074851881044779e-02 1.256867656096125399e-02
7.539082042909395556e-03 7.482244284859676520e-03
1.541055977647100457e-02 1.517307442384681869e-02
1.268633435346148974e-01 1.107690356018331823e-01
1.007069390849332780e-01 9.056505150507682123e-02
9.337637951905777833e-02 8.465723126697066725e-02
8.804785845488412310e-02 8.029543307639280814e-02
8.812574986880264416e-02 8.035960207886387596e-02
3.027915783707710220e-03 3.018747509714483739e-03
1.940693191382753674e-02 1.903030290751960008e-02
3.235393516957207199e-02 3.130715804861519680e-02
1.535926985843778965e-02 1.512336268785347340e-02
1.176399339480103251e-02 1.162560185420810979e-02
4.441996000514161769e-02 4.244682715828324016e-02
8.938474777669271065e-03 8.858578446318241678e-03
1.684964272714013864e-03 1.682125168113691180e-03
5.733727454631129712e-03 5.700851824107139136e-03
6.714531748741858590e-03 6.669446812136996423e-03
3.229553503598785874e-02 3.125253345272713951e-02
8.709039461326369483e-03 8.633192092987429858e-03
2.533914103823589961e-02 2.469706896968029003e-02
6.659571282216489307e-02 6.216072385587263771e-02
1.439289899146175000e-01 1.232134357767754318e-01
1.807535056001944029e-01 1.480816758134348987e-01
1.817891821662982188e-01 1.487418754136066723e-01
1.817857672683275416e-01 1.487397020869929976e-01
1.811356387389301548e-01 1.483255191175699428e-01
5.209482718566877692e-06 5.209455579856682942e-06
1.505394241464395964e-03 1.503128029642161832e-03
6.740503612169449854e-05 6.740049268279993779e-05
5.832725254040143715e-04 5.829323185651231554e-04
2.453345372479872472e-04 2.452743482128205807e-04
4.764161172167479322e-03 4.741463940493090973e-03
3.070389793951757915e-02 2.976116859083726557e-02
1.351690775913082510e-01 1.168983980544231471e-01
1.399410781388775171e-01 1.203575727882060936e-01
2.734446920787640400e-01 1.986726924527139615e-01
6.763448018089691233e-03 6.717703788996289525e-03
9.182638315723251274e-03 9.098317469285861769e-03
1.002429139543623698e-02 9.923804977455619528e-03
1.590273021353217839e-02 1.564983338528778967e-02
8.852847849840739941e-03 8.774474934788310115e-03
1.562693570772638943e-02 1.538273458811297532e-02
1.447803052320232112e-02 1.426841715537154227e-02
3.345204162687357569e-02 3.233300253786749318e-02
9.748676314669885157e-02 8.798309415787829157e-02
8.842994156910066739e-02 8.061008700318611497e-02
8.536921342230387177e-02 7.808131082196100026e-02
3.044717404553356696e-03 3.035447100479766579e-03
1.513370731457942603e-03 1.511080440487108959e-03
1.677862061605585233e-04 1.677580539495807804e-04
3.949824563450611906e-03 3.934223449368574183e-03
1.960672759983080049e-03 1.956828522311340312e-03
3.905543541857302119e-03 3.890290271499959041e-03
1.306259325001196897e-03 1.304553011577044407e-03
2.772298170194929627e-03 2.764612533050463637e-03
2.055737086501085130e-03 2.051511031532269203e-03
1.221277210975074213e-04 1.221128059172469586e-04
5.630565610385854193e-04 5.627395283476567837e-04
5.059301282250635613e-03 5.033704752786053067e-03
2.844209765541392404e-02 2.763314473637382140e-02
3.054831470057915808e-03 3.045499474747459783e-03
9.801253497171414503e-03 9.705188927055598963e-03
8.417263807015397392e-02 7.708760507046484578e-02
1.444675977293796154e-01 1.235967109356817667e-01
1.669508176589153126e-01 1.390782421419349268e-01
1.754126692221316119e-01 1.446430646984986634e-01
1.177996027454230980e-02 1.164119281047251535e-02
1.999427659470802611e-05 1.999387682361147944e-05
7.466996016660822694e-07 7.466990441057871184e-07
3.234242893358375143e-04 3.233196860649051080e-04
1.506636259285842396e-05 1.506613559757664384e-05
6.194973343939695403e-04 6.191135574466483235e-04
1.003986420574564466e-04 1.003885621701294600e-04
1.835681580201900878e-04 1.835344607515511514e-04
6.191922095611498630e-03 6.153582196373377083e-03
2.207689702384784541e-02 2.158950764164626474e-02
9.489796044174134138e-02 8.589233754573903645e-02
2.087291313076322097e-01 1.651612810511934315e-01
