0.000000000000000000e+00 0.000000000000000000e+00
2.104930957592380386e-02 2.060623614230072675e-02
2.126947125563581897e-01 1.674556718069263594e-01
7.657410905985899408e-02 7.071051488154780906e-02
3.018260373331943525e-02 2.927161416519684714e-02
1.023074042086969671e-01 9.184059925277526792e-02
3.413725074138678206e-01 2.248373185958365827e-01
3.828348114566509364e-01 2.362723185936014547e-01
4.846321263220930153e-01 2.497638284586198854e-01
2.302793812580861132e-01 1.772507878254791225e-01
2.563734011862539922e-02 2.498006691026731854e-02
3.065013346462690952e-05 3.064919403394551095e-05
9.066768149947940545e-06 9.066685943663255055e-06
5.955226250963384251e-06 5.955190786243684176e-06
1.737935468393137989e-07 1.737935166351168634e-07
1.774443576150495225e-05 1.774412089650445859e-05
1.193458479966189389e-08 1.193458465722757972e-08
1.182952028937737372e-05 1.182938035182709735e-05
4.518405055654195089e-05 4.518200895811725655e-05
7.715397292407288887e-02 7.120123738610431574e-02
6.800731588163118346e-02 6.338232086820722033e-02
2.461106765942715213e-01 1.855402114605814168e-01
2.235312270002375312e-01 1.735650175560058128e-01
2.637462589182307804e-01 1.941841698248683579e-01
4.038121077124263714e-01 2.407478893772741213e-01
4.347212894311361930e-01 2.457386899464664987e-01
4.575351085301301302e-01 2.481967329924521792e-01
4.042984551119491177e-01 2.408412143060403854e-01
2.880095723293342180e-01 2.050600585760082306e-01
7.464712047251394200e-02 6.907492787767592624e-02
2.785782345098905197e-02 2.708176512356257754e-02
2.392790663486650191e-02 2.335536191893961347e-02
1.398731316103411781e-01 1.203086386638573535e-01
5.014926870452009189e-02 4.763431955292193182e-02
1.040541543566848338e-02 1.029714276527963525e-02
1.915243423593329941e-01 1.548427686431579908e-01
1.975137091055247929e-01 1.585020438209029381e-01
9.431102286302986762e-03 9.342156595968277230e-03
5.247206357464332576e-04 5.244453040008550991e-04
2.215835915536956723e-04 2.215344922656498300e-04
0.000000000000000000e+00 0.000000000000000000e+00
0.000000000000000000e+00 0.000000000000000000e+00
0.000000000000000000e+00 0.000000000000000000e+00
1.864719002715511942e-02 1.829947233124628453e-02
1.739138327872664924e-01 1.436678115525092114e-01
7.009456972801109131e-02 6.518132102265608574e-02
2.802091773623253609e-02 2.723574590545182333e-02
1.246072178453006413e-01 1.090802591061544313e-01
3.820258826999793911e-01 2.360821076472809643e-01
5.546352140722011770e-01 2.470149933832847533e-01
4.644323052504143456e-01 2.487349390902003077e-01
4.371952687785990443e-02 4.180812984743598887e-02
4.492305035146040414e-04 4.490286954693160589e-04
1.576347703308536487e-03 1.573862831226810347e-03
6.032937915803360815e-04 6.029298281813766543e-04
3.513002856454501923e-04 3.511768737547556413e-04
1.935955935561120491e-04 1.935581143022677164e-04
3.143578927062202783e-03 3.133696838591533071e-03
7.186966491379609455e-04 7.181801242644788186e-04
2.439862863182568417e-06 2.439856910251777472e-06
1.164891484207630274e-04 1.164755786990632368e-04
1.572082017951748067e-02 1.547367599240075629e-02
6.490350206536654731e-02 6.069103748501750856e-02
2.047774432037824388e-01 1.628436419587040995e-01
2.035222209190824250e-01 1.621009265112466347e-01
3.276387465663190279e-01 2.202915983147704093e-01
5.340830227610350311e-01 2.488383475594707628e-01
5.223361599217439810e-01 2.495010959599502920e-01
5.046274958316633308e-01 2.499785862823279414e-01
3.216786070732654546e-01 2.182014808246691417e-01
1.546412094477426225e-01 1.307273057882820111e-01
1.138504242060880620e-02 1.125542322968974343e-02
8.863038951670797454e-05 8.862253417076208643e-05
6.103593599622108075e-06 6.103556345767278686e-06
3.675918420468617738e-05 3.675783296706278428e-05
3.509048543904176001e-04 3.507817201735828659e-04
3.522739310550890984e-04 3.521498341325880938e-04
3.532246688158633329e-04 3.530999011492032746e-04
3.859655061198627576e-04 3.858165367479484222e-04
7.197148604720733558e-04 7.191968709916890003e-04
1.285501855228690475e-04 1.285336603726710809e-04
1.877399330242282509e-05 1.877364083959830399e-05
0.000000000000000000e+00 0.000000000000000000e+00
0.000000000000000000e+00 0.000000000000000000e+00
