6.774241373080718276e-01 2.185206755004864831e-01
4.908170796781348710e-01 2.499156739743622901e-01
1.413147634775059058e-01 1.213449011008024686e-01
2.157978825148721413e-01 1.692291564169695894e-01
2.574972162996865266e-01 1.911923998975989802e-01
3.707636096252744928e-01 2.332979554029115665e-01
1.581936452567732909e-01 1.331684158571474486e-01
2.002201938909044243e-01 1.601320678491930660e-01
1.332520932556942872e-01 1.154959728986700435e-01
1.036716833516153208e-01 9.292386542265772265e-02
2.615219785186992038e-02 2.546826039938657193e-02
3.238834973816856911e-03 3.228344921829237688e-03
4.665550844556925342e-03 4.643783479873779887e-03
8.709988149121246706e-03 8.634124255563414146e-03
8.731683023535862995e-03 8.655440735112358494e-03
6.264166108932861694e-03 6.224926331892558992e-03
6.430220937132756324e-03 6.388873195832416030e-03
1.444311681203617678e-02 1.423451318879005549e-02
7.153264091342559361e-02 6.641572219737650051e-02
1.671594798128046566e-01 1.392171881215172047e-01
2.217009280181334030e-01 1.725496265340318303e-01
1.991345846849294221e-01 1.594800018672901110e-01
2.163841804108682931e-01 1.695620668787851115e-01
2.584179757344611250e-01 1.916381255517645710e-01
1.965677342089555690e-01 1.579288600769129802e-01
2.169091314867820641e-01 1.698595601644319608e-01
1.448378929329795228e-01 1.238598777037142884e-01
1.883440779492734363e-01 1.528705862507114543e-01
2.947895141703572031e-01 2.078886565055619862e-01
2.457075681901591258e-01 1.853353591242374310e-01
1.735568374713843676e-01 1.434348616383158415e-01
1.462618891193153692e-01 1.248693489105644622e-01
5.941365683576115692e-02 5.588367421716356614e-02
1.218304723785459953e-01 1.069878083785663347e-01
9.615757844042022162e-02 8.691129854889464990e-02
3.140316936683010957e-02 3.041701032054829404e-02
2.094124927880138543e-01 1.655589006523238982e-01
2.501033893294747901e-01 1.875516839753839649e-01
2.789861261529624423e-02 2.712028002943787583e-02
8.415838272422855246e-03 8.345011938595277290e-03
1.759435575648983854e-02 1.728479440200391196e-02
5.608142163632616750e-01 2.463016310881224191e-01
6.064214782334691467e-01 2.386744689706032374e-01
4.332076401498494156e-01 2.455387806656479932e-01
1.377729898245424744e-01 1.187915930993489882e-01
2.028194631506104462e-01 1.616837285179086314e-01
2.396973124962508972e-01 1.822425108783255476e-01
3.919698135305531572e-01 2.383294788113765328e-01
2.205830933615213207e-01 1.719261922845836954e-01
1.459641404191698855e-01 1.246586101308627403e-01
1.887105385183152073e-01 1.530988711704426852e-01
1.055489565562121590e-01 9.440837432610699187e-02
1.300680766896500536e-02 1.283763062322755902e-02
1.061340150976404842e-02 1.050075721815658600e-02
1.928132778758664956e-02 1.890955818633428820e-02
2.215373224614177600e-02 2.166294439370803487e-02
2.126567157477479708e-02 2.081344278724861149e-02
1.982668580786705326e-01 1.589571110662828524e-01
4.012967445725396792e-02 3.851928368520878693e-02
8.389895737278304025e-03 8.319505386795903942e-03
1.795662686108151843e-02 1.763418641285340385e-02
7.383720190336205691e-02 6.838526951844420276e-02
1.217018385205276554e-01 1.068905010212510692e-01
2.309592833883602481e-01 1.776170928050953557e-01
1.973873268616816723e-01 1.584255700560813218e-01
1.813544000564943359e-01 1.484649816366433450e-01
1.464233133613016824e-01 1.249835266655997396e-01
1.768524179232951465e-01 1.455756401979793058e-01
7.343130011372714372e-02 6.803914427733487313e-02
1.501113416133094403e-01 1.275779267323617627e-01
3.592750249163911280e-01 2.301964813877176719e-01
8.607498231508671493e-02 7.866607973454423086e-02
4.488227792483499845e-03 4.468083603766278590e-03
4.511362787353985168e-04 4.509327547934072720e-04
4.659184871032335151e-04 4.657014070666089418e-04
3.408306222198578600e-04 3.407144567068150979e-04
3.634540209826882229e-04 3.633219221573197430e-04
4.397550740873175596e-04 4.395616895621319922e-04
1.279636286301696381e-02 1.263261596049496463e-02
1.566803265765531403e-02 1.542254541029396131e-02
3.191764032277783457e-03 3.181576674640041510e-03
8.709896405413851753e-03 8.634034110020810671e-03
1.444359247261593204e-01 1.235741883746585557e-01
6.735531782809808243e-01 2.198792943085700613e-01
