5.000049999999999217e-01 5.000050000000000328e-01 1.222583662532917259e+01
5.000049999999999217e-01 1.500015000000000098e+00 1.502466377930485208e+01
5.000049999999999217e-01 2.500024999999999942e+00 1.267271350089492188e+01
5.000049999999999217e-01 3.500035000000000451e+00 1.618275810307774876e+01
5.000049999999999217e-01 4.500045000000000073e+00 1.722001497892227206e+01
5.000049999999999217e-01 5.500055000000000582e+00 1.704662305529693711e+01
5.000049999999999217e-01 6.500065000000000204e+00 1.462457356166569511e+01
5.000049999999999217e-01 7.500075000000000713e+00 1.650658820570903274e+01
5.000049999999999217e-01 8.500085000000000335e+00 1.812505233561977391e+01
5.000049999999999217e-01 9.500094999999999956e+00 2.600355843958450563e+01
5.000049999999999217e-01 1.050010500000000135e+01 2.055009043023966697e+01
5.000049999999999217e-01 1.150011500000000098e+01 2.600355843958450563e+01
5.000049999999999217e-01 1.250012500000000060e+01 2.600355843958450563e+01
5.000049999999999217e-01 1.350013500000000022e+01 2.600355843958450563e+01
5.000049999999999217e-01 1.450014500000000162e+01 2.600355843958450563e+01
5.000049999999999217e-01 1.550015500000000124e+01 2.600355843958450563e+01
5.000049999999999217e-01 1.650016500000000264e+01 2.600355843958450563e+01
5.000049999999999217e-01 1.750017500000000226e+01 2.600355843958450563e+01
5.000049999999999217e-01 1.850018500000000188e+01 2.600355843958450563e+01
5.000049999999999217e-01 1.950019500000000150e+01 2.600355843958450563e+01
5.000049999999999217e-01 2.050020500000000112e+01 2.600355843958450563e+01
5.000049999999999217e-01 2.150021500000000074e+01 2.600355843958450563e+01
5.000049999999999217e-01 2.250022500000000036e+01 2.600355843958450563e+01
5.000049999999999217e-01 2.350023499999999999e+01 2.600355843958450563e+01
5.000049999999999217e-01 2.450024500000000316e+01 2.600355843958450563e+01
5.000049999999999217e-01 2.550025500000000278e+01 2.600355843958450563e+01
5.000049999999999217e-01 2.650026500000000240e+01 2.600355843958450563e+01
5.000049999999999217e-01 2.750027500000000202e+01 2.600355843958450563e+01
5.000049999999999217e-01 2.850028500000000165e+01 2.600355843958450563e+01
5.000049999999999217e-01 2.950029500000000127e+01 2.600355843958450563e+01
5.000049999999999217e-01 3.050030500000000089e+01 2.600355843958450563e+01
5.000049999999999217e-01 3.150031500000000051e+01 2.600355843958450563e+01
5.000049999999999217e-01 3.250032500000000368e+01 2.600355843958450563e+01
5.000049999999999217e-01 3.350033499999999975e+01 2.600355843958450563e+01
1.500014999999999876e+00 5.000050000000000328e-01 1.200520385984551730e+01
1.500014999999999876e+00 1.500015000000000098e+00 1.309527453320666979e+01
1.500014999999999876e+00 2.500024999999999942e+00 1.333438533273812254e+01
1.500014999999999876e+00 3.500035000000000451e+00 1.390422680332638805e+01
1.500014999999999876e+00 4.500045000000000073e+00 1.362852341593942640e+01
1.500014999999999876e+00 5.500055000000000582e+00 1.488876079527399909e+01
1.500014999999999876e+00 6.500065000000000204e+00 1.459804435241234799e+01
1.500014999999999876e+00 7.500075000000000713e+00 1.486981625709053390e+01
1.500014999999999876e+00 8.500085000000000335e+00 1.485830871720717994e+01
1.500014999999999876e+00 9.500094999999999956e+00 1.903631771912725057e+01
1.500014999999999876e+00 1.050010500000000135e+01 1.757712089915424158e+01
1.500014999999999876e+00 1.150011500000000098e+01 1.269939086050530896e+01
1.500014999999999876e+00 1.250012500000000060e+01 2.600355843958450563e+01
1.500014999999999876e+00 1.350013500000000022e+01 2.600355843958450563e+01
1.500014999999999876e+00 1.450014500000000162e+01 2.600355843958450563e+01
1.500014999999999876e+00 1.550015500000000124e+01 2.600355843958450563e+01
1.500014999999999876e+00 1.650016500000000264e+01 2.600355843958450563e+01
1.500014999999999876e+00 1.750017500000000226e+01 2.600355843958450563e+01
1.500014999999999876e+00 1.850018500000000188e+01 2.600355843958450563e+01
1.500014999999999876e+00 1.950019500000000150e+01 2.600355843958450563e+01
1.500014999999999876e+00 2.050020500000000112e+01 2.600355843958450563e+01
1.500014999999999876e+00 2.150021500000000074e+01 2.600355843958450563e+01
1.500014999999999876e+00 2.250022500000000036e+01 2.600355843958450563e+01
1.500014999999999876e+00 2.350023499999999999e+01 2.600355843958450563e+01
1.500014999999999876e+00 2.450024500000000316e+01 2.600355843958450563e+01
1.500014999999999876e+00 2.550025500000000278e+01 2.600355843958450563e+01
1.500014999999999876e+00 2.650026500000000240e+01 2.600355843958450563e+01
1.500014999999999876e+00 2.750027500000000202e+01 2.600355843958450563e+01
1.500014999999999876e+00 2.850028500000000165e+01 2.600355843958450563e+01
1.500014999999999876e+00 2.950029500000000127e+01 2.600355843958450563e+01
1.500014999999999876e+00 3.050030500000000089e+01 2.600355843958450563e+01
1.500014999999999876e+00 3.150031500000000051e+01 2.600355843958450563e+01
1.500014999999999876e+00 3.250032500000000368e+01 2.600355843958450563e+01
1.500014999999999876e+00 3.350033499999999975e+01 2.600355843958450563e+01
2.500024999999999498e+00 5.000050000000000328e-01 1.078409795594905951e+01
2.500024999999999498e+00 1.500015000000000098e+00 1.118005625048047413e+01
2.500024999999999498e+00 2.500024999999999942e+00 1.239168596570003267e+01
2.500024999999999498e+00 3.500035000000000451e+00 1.232725483567332603e+01
2.500024999999999498e+00 4.500045000000000073e+00 1.260853374328590881e+01
2.500024999999999498e+00 5.500055000000000582e+00 1.336516371684385796e+01
2.500024999999999498e+00 6.500065000000000204e+00 1.370097955242118637e+01
2.500024999999999498e+00 7.500075000000000713e+00 1.392412453086199164e+01
2.500024999999999498e+00 8.500085000000000335e+00 1.387295196199631064e+01
2.500024999999999498e+00 9.500094999999999956e+00 1.403350156453379505e+01
2.500024999999999498e+00 1.050010500000000135e+01 1.758331791562621049e+01
2.500024999999999498e+00 1.150011500000000098e+01 2.600355843958450563e+01
2.500024999999999498e+00 1.250012500000000060e+01 1.782467514181467649e+01
2.500024999999999498e+00 1.350013500000000022e+01 2.600355843958450563e+01
2.500024999999999498e+00 1.450014500000000162e+01 2.600355843958450563e+01
2.500024999999999498e+00 1.550015500000000124e+01 2.600355843958450563e+01
2.500024999999999498e+00 1.650016500000000264e+01 2.600355843958450563e+01
2.500024999999999498e+00 1.750017500000000226e+01 2.600355843958450563e+01
2.500024999999999498e+00 1.850018500000000188e+01 2.600355843958450563e+01
2.500024999999999498e+00 1.950019500000000150e+01 2.600355843958450563e+01
2.500024999999999498e+00 2.050020500000000112e+01 2.600355843958450563e+01
2.500024999999999498e+00 2.150021500000000074e+01 2.600355843958450563e+01
2.500024999999999498e+00 2.250022500000000036e+01 2.600355843958450563e+01
2.500024999999999498e+00 2.350023499999999999e+01 2.600355843958450563e+01
2.500024999999999498e+00 2.450024500000000316e+01 2.600355843958450563e+01
2.500024999999999498e+00 2.550025500000000278e+01 2.600355843958450563e+01
2.500024999999999498e+00 2.650026500000000240e+01 2.600355843958450563e+01
2.500024999999999498e+00 2.750027500000000202e+01 2.600355843958450563e+01
2.500024999999999498e+00 2.850028500000000165e+01 2.600355843958450563e+01
2.500024999999999498e+00 2.950029500000000127e+01 2.600355843958450563e+01
2.500024999999999498e+00 3.050030500000000089e+01 2.600355843958450563e+01
2.500024999999999498e+00 3.150031500000000051e+01 2.600355843958450563e+01
2.500024999999999498e+00 3.250032500000000368e+01 2.600355843958450563e+01
2.500024999999999498e+00 3.350033499999999975e+01 2.600355843958450563e+01
3.500034999999999563e+00 5.000050000000000328e-01 8.254304168852709012e+00
3.500034999999999563e+00 1.500015000000000098e+00 9.671393794225524587e+00
3.500034999999999563e+00 2.500024999999999942e+00 1.127061416405684469e+01
3.500034999999999563e+00 3.500035000000000451e+00 1.021761357768453671e+01
3.500034999999999563e+00 4.500045000000000073e+00 1.085650767307799924e+01
3.500034999999999563e+00 5.500055000000000582e+00 1.176024612517616852e+01
3.500034999999999563e+00 6.500065000000000204e+00 1.110052027214559267e+01
3.500034999999999563e+00 7.500075000000000713e+00 1.087396475002724827e+01
3.500034999999999563e+00 8.500085000000000335e+00 1.103868768681346957e+01
3.500034999999999563e+00 9.500094999999999956e+00 1.221753597621726506e+01
3.500034999999999563e+00 1.050010500000000135e+01 1.280651695392166900e+01
3.500034999999999563e+00 1.150011500000000098e+01 1.287559665007226961e+01
3.500034999999999563e+00 1.250012500000000060e+01 1.598075017129783326e+01
3.500034999999999563e+00 1.350013500000000022e+01 1.380012694584715405e+01
3.500034999999999563e+00 1.450014500000000162e+01 1.955117002386753455e+01
3.500034999999999563e+00 1.550015500000000124e+01 2.600355843958450563e+01
3.500034999999999563e+00 1.650016500000000264e+01 2.600355843958450563e+01
3.500034999999999563e+00 1.750017500000000226e+01 2.600355843958450563e+01
3.500034999999999563e+00 1.850018500000000188e+01 2.600355843958450563e+01
3.500034999999999563e+00 1.950019500000000150e+01 2.600355843958450563e+01
3.500034999999999563e+00 2.050020500000000112e+01 2.600355843958450563e+01
3.500034999999999563e+00 2.150021500000000074e+01 2.600355843958450563e+01
3.500034999999999563e+00 2.250022500000000036e+01 2.600355843958450563e+01
3.500034999999999563e+00 2.350023499999999999e+01 2.600355843958450563e+01
3.500034999999999563e+00 2.450024500000000316e+01 2.600355843958450563e+01
3.500034999999999563e+00 2.550025500000000278e+01 2.600355843958450563e+01
3.500034999999999563e+00 2.650026500000000240e+01 2.600355843958450563e+01
3.500034999999999563e+00 2.750027500000000202e+01 2.600355843958450563e+01
3.500034999999999563e+00 2.850028500000000165e+01 2.600355843958450563e+01
3.500034999999999563e+00 2.950029500000000127e+01 2.600355843958450563e+01
3.500034999999999563e+00 3.050030500000000089e+01 2.600355843958450563e+01
3.500034999999999563e+00 3.150031500000000051e+01 2.600355843958450563e+01
3.500034999999999563e+00 3.250032500000000368e+01 2.600355843958450563e+01
3.500034999999999563e+00 3.350033499999999975e+01 2.600355843958450563e+01
4.500044999999999185e+00 5.000050000000000328e-01 7.243787950987519153e+00
4.500044999999999185e+00 1.500015000000000098e+00 8.345501425151301333e+00
4.500044999999999185e+00 2.500024999999999942e+00 9.964007522768238090e+00
4.500044999999999185e+00 3.500035000000000451e+00 9.220327314695582643e+00
4.500044999999999185e+00 4.500045000000000073e+00 1.019650236520532793e+01
4.500044999999999185e+00 5.500055000000000582e+00 9.020295555601640203e+00
4.500044999999999185e+00 6.500065000000000204e+00 9.355191882134203496e+00
4.500044999999999185e+00 7.500075000000000713e+00 9.748805764894537873e+00
4.500044999999999185e+00 8.500085000000000335e+00 1.096383970930795471e+01
4.500044999999999185e+00 9.500094999999999956e+00 1.160411773576658589e+01
4.500044999999999185e+00 1.050010500000000135e+01 1.237386393885002001e+01
4.500044999999999185e+00 1.150011500000000098e+01 1.314616408743088272e+01
4.500044999999999185e+00 1.250012500000000060e+01 1.370354294586552513e+01
4.500044999999999185e+00 1.350013500000000022e+01 1.407787000437326519e+01
4.500044999999999185e+00 1.450014500000000162e+01 2.600355843958450563e+01
4.500044999999999185e+00 1.550015500000000124e+01 2.600355843958450563e+01
4.500044999999999185e+00 1.650016500000000264e+01 2.600355843958450563e+01
4.500044999999999185e+00 1.750017500000000226e+01 2.600355843958450563e+01
4.500044999999999185e+00 1.850018500000000188e+01 2.600355843958450563e+01
4.500044999999999185e+00 1.950019500000000150e+01 2.600355843958450563e+01
4.500044999999999185e+00 2.050020500000000112e+01 2.600355843958450563e+01
4.500044999999999185e+00 2.150021500000000074e+01 2.600355843958450563e+01
4.500044999999999185e+00 2.250022500000000036e+01 2.600355843958450563e+01
4.500044999999999185e+00 2.350023499999999999e+01 2.600355843958450563e+01
4.500044999999999185e+00 2.450024500000000316e+01 2.600355843958450563e+01
4.500044999999999185e+00 2.550025500000000278e+01 2.600355843958450563e+01
4.500044999999999185e+00 2.650026500000000240e+01 2.600355843958450563e+01
4.500044999999999185e+00 2.750027500000000202e+01 2.600355843958450563e+01
4.500044999999999185e+00 2.850028500000000165e+01 2.600355843958450563e+01
4.500044999999999185e+00 2.950029500000000127e+01 2.600355843958450563e+01
4.500044999999999185e+00 3.050030500000000089e+01 2.600355843958450563e+01
4.500044999999999185e+00 3.150031500000000051e+01 2.600355843958450563e+01
4.500044999999999185e+00 3.250032500000000368e+01 2.600355843958450563e+01
4.500044999999999185e+00 3.350033499999999975e+01 2.600355843958450563e+01
5.500054999999998806e+00 5.000050000000000328e-01 6.292899658195288737e+00
5.500054999999998806e+00 1.500015000000000098e+00 7.474634619073332154e+00
5.500054999999998806e+00 2.500024999999999942e+00 7.947218478832252408e+00
5.500054999999998806e+00 3.500035000000000451e+00 7.777456831938235560e+00
5.500054999999998806e+00 4.500045000000000073e+00 7.916570936042468531e+00
5.500054999999998806e+00 5.500055000000000582e+00 7.911077594014562564e+00
5.500054999999998806e+00 6.500065000000000204e+00 7.433844393571588327e+00
5.500054999999998806e+00 7.500075000000000713e+00 9.039940583429659782e+00
5.500054999999998806e+00 8.500085000000000335e+00 1.032788387597471669e+01
5.500054999999998806e+00 9.500094999999999956e+00 1.087669589318642593e+01
5.500054999999998806e+00 1.050010500000000135e+01 1.179691884747374964e+01
5.500054999999998806e+00 1.150011500000000098e+01 1.256814700709517396e+01
5.500054999999998806e+00 1.250012500000000060e+01 1.258954631451515738e+01
5.500054999999998806e+00 1.350013500000000022e+01 1.259939815181854073e+01
5.500054999999998806e+00 1.450014500000000162e+01 1.358164476525132791e+01
5.500054999999998806e+00 1.550015500000000124e+01 1.598050749261128978e+01
5.500054999999998806e+00 1.650016500000000264e+01 2.600355843958450563e+01
5.500054999999998806e+00 1.750017500000000226e+01 2.600355843958450563e+01
5.500054999999998806e+00 1.850018500000000188e+01 2.600355843958450563e+01
5.500054999999998806e+00 1.950019500000000150e+01 2.600355843958450563e+01
5.500054999999998806e+00 2.050020500000000112e+01 2.600355843958450563e+01
5.500054999999998806e+00 2.150021500000000074e+01 2.600355843958450563e+01
5.500054999999998806e+00 2.250022500000000036e+01 2.600355843958450563e+01
5.500054999999998806e+00 2.350023499999999999e+01 2.600355843958450563e+01
5.500054999999998806e+00 2.450024500000000316e+01 2.600355843958450563e+01
5.500054999999998806e+00 2.550025500000000278e+01 2.600355843958450563e+01
5.500054999999998806e+00 2.650026500000000240e+01 2.600355843958450563e+01
5.500054999999998806e+00 2.750027500000000202e+01 2.600355843958450563e+01
5.500054999999998806e+00 2.850028500000000165e+01 2.600355843958450563e+01
5.500054999999998806e+00 2.950029500000000127e+01 2.600355843958450563e+01
5.500054999999998806e+00 3.050030500000000089e+01 2.600355843958450563e+01
5.500054999999998806e+00 3.150031500000000051e+01 2.600355843958450563e+01
5.500054999999998806e+00 3.250032500000000368e+01 2.600355843958450563e+01
5.500054999999998806e+00 3.350033499999999975e+01 2.600355843958450563e+01
6.500064999999999316e+00 5.000050000000000328e-01 5.517906618192184531e+00
6.500064999999999316e+00 1.500015000000000098e+00 6.786504066703493265e+00
6.500064999999999316e+00 2.500024999999999942e+00 7.290992237483885141e+00
6.500064999999999316e+00 3.500035000000000451e+00 6.477089332660847631e+00
6.500064999999999316e+00 4.500045000000000073e+00 7.601429517331055763e+00
6.500064999999999316e+00 5.500055000000000582e+00 6.804950422285726219e+00
6.500064999999999316e+00 6.500065000000000204e+00 6.482330493499359747e+00
6.500064999999999316e+00 7.500075000000000713e+00 8.472001229754653195e+00
6.500064999999999316e+00 8.500085000000000335e+00 9.220792366472236878e+00
6.500064999999999316e+00 9.500094999999999956e+00 9.553983353242523791e+00
6.500064999999999316e+00 1.050010500000000135e+01 1.111970242955416843e+01
6.500064999999999316e+00 1.150011500000000098e+01 1.154207525137133139e+01
6.500064999999999316e+00 1.250012500000000060e+01 1.157164466356914723e+01
6.500064999999999316e+00 1.350013500000000022e+01 1.173568977319827589e+01
6.500064999999999316e+00 1.450014500000000162e+01 9.581022488808322635e+00
6.500064999999999316e+00 1.550015500000000124e+01 1.254706619106711329e+01
6.500064999999999316e+00 1.650016500000000264e+01 2.600355843958450563e+01
6.500064999999999316e+00 1.750017500000000226e+01 2.600355843958450563e+01
6.500064999999999316e+00 1.850018500000000188e+01 2.600355843958450563e+01
6.500064999999999316e+00 1.950019500000000150e+01 2.600355843958450563e+01
6.500064999999999316e+00 2.050020500000000112e+01 2.600355843958450563e+01
6.500064999999999316e+00 2.150021500000000074e+01 2.600355843958450563e+01
6.500064999999999316e+00 2.250022500000000036e+01 2.600355843958450563e+01
6.500064999999999316e+00 2.350023499999999999e+01 2.600355843958450563e+01
6.500064999999999316e+00 2.450024500000000316e+01 2.600355843958450563e+01
6.500064999999999316e+00 2.550025500000000278e+01 2.600355843958450563e+01
6.500064999999999316e+00 2.650026500000000240e+01 2.600355843958450563e+01
6.500064999999999316e+00 2.750027500000000202e+01 2.600355843958450563e+01
6.500064999999999316e+00 2.850028500000000165e+01 2.600355843958450563e+01
6.500064999999999316e+00 2.950029500000000127e+01 2.600355843958450563e+01
6.500064999999999316e+00 3.050030500000000089e+01 2.600355843958450563e+01
6.500064999999999316e+00 3.150031500000000051e+01 2.600355843958450563e+01
6.500064999999999316e+00 3.250032500000000368e+01 2.600355843958450563e+01
6.500064999999999316e+00 3.350033499999999975e+01 2.600355843958450563e+01
7.500074999999998937e+00 5.000050000000000328e-01 4.427337929601764976e+00
7.500074999999998937e+00 1.500015000000000098e+00 5.655798064752668886e+00
7.500074999999998937e+00 2.500024999999999942e+00 5.907146324316792096e+00
7.500074999999998937e+00 3.500035000000000451e+00 5.044658736053322379e+00
7.500074999999998937e+00 4.500045000000000073e+00 6.111812921998728498e+00
7.500074999999998937e+00 5.500055000000000582e+00 6.297012172988966761e+00
7.500074999999998937e+00 6.500065000000000204e+00 5.589298727585775062e+00
7.500074999999998937e+00 7.500075000000000713e+00 7.326709178689645441e+00
7.500074999999998937e+00 8.500085000000000335e+00 8.133874085928887609e+00
7.500074999999998937e+00 9.500094999999999956e+00 9.117578879517955315e+00
7.500074999999998937e+00 1.050010500000000135e+01 9.293586226784459114e+00
7.500074999999998937e+00 1.150011500000000098e+01 9.199278671903938331e+00
7.500074999999998937e+00 1.250012500000000060e+01 9.357382097644036278e+00
7.500074999999998937e+00 1.350013500000000022e+01 8.922550673804305887e+00
7.500074999999998937e+00 1.450014500000000162e+01 9.677685514348834062e+00
7.500074999999998937e+00 1.550015500000000124e+01 1.092625007726970487e+01
7.500074999999998937e+00 1.650016500000000264e+01 1.266370751615052370e+01
7.500074999999998937e+00 1.750017500000000226e+01 1.364023239400165366e+01
7.500074999999998937e+00 1.850018500000000188e+01 1.239746920364776450e+01
7.500074999999998937e+00 1.950019500000000150e+01 2.600355843958450563e+01
7.500074999999998937e+00 2.050020500000000112e+01 2.600355843958450563e+01
7.500074999999998937e+00 2.150021500000000074e+01 2.600355843958450563e+01
7.500074999999998937e+00 2.250022500000000036e+01 2.600355843958450563e+01
7.500074999999998937e+00 2.350023499999999999e+01 2.600355843958450563e+01
7.500074999999998937e+00 2.450024500000000316e+01 2.600355843958450563e+01
7.500074999999998937e+00 2.550025500000000278e+01 2.600355843958450563e+01
7.500074999999998937e+00 2.650026500000000240e+01 2.600355843958450563e+01
7.500074999999998937e+00 2.750027500000000202e+01 2.600355843958450563e+01
7.500074999999998937e+00 2.850028500000000165e+01 2.600355843958450563e+01
7.500074999999998937e+00 2.950029500000000127e+01 2.600355843958450563e+01
7.500074999999998937e+00 3.050030500000000089e+01 2.600355843958450563e+01
7.500074999999998937e+00 3.150031500000000051e+01 2.600355843958450563e+01
7.500074999999998937e+00 3.250032500000000368e+01 2.600355843958450563e+01
7.500074999999998937e+00 3.350033499999999975e+01 2.600355843958450563e+01
8.500084999999998558e+00 5.000050000000000328e-01 3.253217761345939874e+00
8.500084999999998558e+00 1.500015000000000098e+00 4.550459653873082821e+00
8.500084999999998558e+00 2.500024999999999942e+00 4.873354345253610553e+00
8.500084999999998558e+00 3.500035000000000451e+00 3.966211892972389741e+00
8.500084999999998558e+00 4.500045000000000073e+00 5.342936024038045240e+00
8.500084999999998558e+00 5.500055000000000582e+00 5.996725926800206885e+00
8.500084999999998558e+00 6.500065000000000204e+00 4.698447767524267960e+00
8.500084999999998558e+00 7.500075000000000713e+00 6.969597715820637696e+00
8.500084999999998558e+00 8.500085000000000335e+00 7.502159113414524683e+00
8.500084999999998558e+00 9.500094999999999956e+00 8.292432471875143207e+00
8.500084999999998558e+00 1.050010500000000135e+01 8.976999346120869916e+00
8.500084999999998558e+00 1.150011500000000098e+01 9.019727834461544802e+00
8.500084999999998558e+00 1.250012500000000060e+01 7.558831052336222101e+00
8.500084999999998558e+00 1.350013500000000022e+01 7.507800915098330918e+00
8.500084999999998558e+00 1.450014500000000162e+01 7.044581136446706360e+00
8.500084999999998558e+00 1.550015500000000124e+01 8.711802232694690673e+00
8.500084999999998558e+00 1.650016500000000264e+01 9.938913598004239347e+00
8.500084999999998558e+00 1.750017500000000226e+01 1.380012694584715405e+01
8.500084999999998558e+00 1.850018500000000188e+01 1.316243195638914187e+01
8.500084999999998558e+00 1.950019500000000150e+01 2.600355843958450563e+01
8.500084999999998558e+00 2.050020500000000112e+01 2.600355843958450563e+01
8.500084999999998558e+00 2.150021500000000074e+01 2.600355843958450563e+01
8.500084999999998558e+00 2.250022500000000036e+01 2.600355843958450563e+01
8.500084999999998558e+00 2.350023499999999999e+01 2.600355843958450563e+01
8.500084999999998558e+00 2.450024500000000316e+01 2.600355843958450563e+01
8.500084999999998558e+00 2.550025500000000278e+01 2.600355843958450563e+01
8.500084999999998558e+00 2.650026500000000240e+01 2.600355843958450563e+01
8.500084999999998558e+00 2.750027500000000202e+01 2.600355843958450563e+01
8.500084999999998558e+00 2.850028500000000165e+01 2.600355843958450563e+01
8.500084999999998558e+00 2.950029500000000127e+01 2.600355843958450563e+01
8.500084999999998558e+00 3.050030500000000089e+01 2.600355843958450563e+01
8.500084999999998558e+00 3.150031500000000051e+01 2.600355843958450563e+01
8.500084999999998558e+00 3.250032500000000368e+01 2.600355843958450563e+01
8.500084999999998558e+00 3.350033499999999975e+01 2.600355843958450563e+01
9.500094999999998180e+00 5.000050000000000328e-01 2.372013946582658850e+00
9.500094999999998180e+00 1.500015000000000098e+00 3.796150019736997727e+00
9.500094999999998180e+00 2.500024999999999942e+00 4.224049315875021193e+00
9.500094999999998180e+00 3.500035000000000451e+00 3.710354627387252968e+00
9.500094999999998180e+00 4.500045000000000073e+00 4.866835125209387769e+00
9.500094999999998180e+00 5.500055000000000582e+00 5.694350402534901434e+00
9.500094999999998180e+00 6.500065000000000204e+00 3.812818883282954374e+00
9.500094999999998180e+00 7.500075000000000713e+00 6.204815032802502905e+00
9.500094999999998180e+00 8.500085000000000335e+00 6.859373967050109044e+00
9.500094999999998180e+00 9.500094999999999956e+00 7.582817242111792311e+00
9.500094999999998180e+00 1.050010500000000135e+01 8.044318060304650686e+00
9.500094999999998180e+00 1.150011500000000098e+01 7.960520715494295629e+00
9.500094999999998180e+00 1.250012500000000060e+01 6.631980268096258513e+00
9.500094999999998180e+00 1.350013500000000022e+01 6.328455974474699985e+00
9.500094999999998180e+00 1.450014500000000162e+01 5.983313365038814169e+00
9.500094999999998180e+00 1.550015500000000124e+01 7.009134631133647986e+00
9.500094999999998180e+00 1.650016500000000264e+01 8.394933985790627773e+00
9.500094999999998180e+00 1.750017500000000226e+01 9.310440941317859043e+00
9.500094999999998180e+00 1.850018500000000188e+01 1.026022207556563615e+01
9.500094999999998180e+00 1.950019500000000150e+01 2.600355843958450563e+01
9.500094999999998180e+00 2.050020500000000112e+01 1.347841145244056271e+01
9.500094999999998180e+00 2.150021500000000074e+01 2.600355843958450563e+01
9.500094999999998180e+00 2.250022500000000036e+01 2.600355843958450563e+01
9.500094999999998180e+00 2.350023499999999999e+01 2.600355843958450563e+01
9.500094999999998180e+00 2.450024500000000316e+01 1.012866763630655242e+01
9.500094999999998180e+00 2.550025500000000278e+01 2.600355843958450563e+01
9.500094999999998180e+00 2.650026500000000240e+01 2.600355843958450563e+01
9.500094999999998180e+00 2.750027500000000202e+01 2.600355843958450563e+01
9.500094999999998180e+00 2.850028500000000165e+01 2.600355843958450563e+01
9.500094999999998180e+00 2.950029500000000127e+01 2.600355843958450563e+01
9.500094999999998180e+00 3.050030500000000089e+01 2.600355843958450563e+01
9.500094999999998180e+00 3.150031500000000051e+01 2.600355843958450563e+01
9.500094999999998180e+00 3.250032500000000368e+01 2.600355843958450563e+01
9.500094999999998180e+00 3.350033499999999975e+01 2.600355843958450563e+01
1.050010499999999780e+01 5.000050000000000328e-01 1.943844225420384264e+00
1.050010499999999780e+01 1.500015000000000098e+00 3.284598755597432529e+00
1.050010499999999780e+01 2.500024999999999942e+00 4.104072127616996468e+00
1.050010499999999780e+01 3.500035000000000451e+00 3.712717279800048953e+00
1.050010499999999780e+01 4.500045000000000073e+00 4.692965538124551195e+00
1.050010499999999780e+01 5.500055000000000582e+00 5.128050280444919728e+00
1.050010499999999780e+01 6.500065000000000204e+00 3.080308462610072517e+00
1.050010499999999780e+01 7.500075000000000713e+00 5.699114511645885450e+00
1.050010499999999780e+01 8.500085000000000335e+00 6.345321628880109088e+00
1.050010499999999780e+01 9.500094999999999956e+00 6.728741042581065201e+00
1.050010499999999780e+01 1.050010500000000135e+01 7.247370215155894080e+00
1.050010499999999780e+01 1.150011500000000098e+01 6.497799249442694602e+00
1.050010499999999780e+01 1.250012500000000060e+01 6.583402359925883296e+00
1.050010499999999780e+01 1.350013500000000022e+01 6.226785235524619821e+00
1.050010499999999780e+01 1.450014500000000162e+01 5.381879702883877847e+00
1.050010499999999780e+01 1.550015500000000124e+01 6.421090723161962721e+00
1.050010499999999780e+01 1.650016500000000264e+01 7.053904517125600293e+00
1.050010499999999780e+01 1.750017500000000226e+01 8.027413925956047080e+00
1.050010499999999780e+01 1.850018500000000188e+01 8.329724609630734022e+00
1.050010499999999780e+01 1.950019500000000150e+01 8.697328088725209128e+00
1.050010499999999780e+01 2.050020500000000112e+01 8.978409349202481238e+00
1.050010499999999780e+01 2.150021500000000074e+01 9.482627838493952410e+00
1.050010499999999780e+01 2.250022500000000036e+01 8.251421456601175208e+00
1.050010499999999780e+01 2.350023499999999999e+01 2.600355843958450563e+01
1.050010499999999780e+01 2.450024500000000316e+01 2.600355843958450563e+01
1.050010499999999780e+01 2.550025500000000278e+01 2.600355843958450563e+01
1.050010499999999780e+01 2.650026500000000240e+01 2.600355843958450563e+01
1.050010499999999780e+01 2.750027500000000202e+01 2.600355843958450563e+01
1.050010499999999780e+01 2.850028500000000165e+01 2.600355843958450563e+01
1.050010499999999780e+01 2.950029500000000127e+01 2.600355843958450563e+01
1.050010499999999780e+01 3.050030500000000089e+01 2.600355843958450563e+01
1.050010499999999780e+01 3.150031500000000051e+01 2.600355843958450563e+01
1.050010499999999780e+01 3.250032500000000368e+01 2.600355843958450563e+01
1.050010499999999780e+01 3.350033499999999975e+01 2.600355843958450563e+01
1.150011499999999742e+01 5.000050000000000328e-01 1.728154938767341608e+00
1.150011499999999742e+01 1.500015000000000098e+00 2.866222636734119256e+00
1.150011499999999742e+01 2.500024999999999942e+00 3.803521542167476177e+00
1.150011499999999742e+01 3.500035000000000451e+00 3.567532942404965102e+00
1.150011499999999742e+01 4.500045000000000073e+00 4.442416809254972065e+00
1.150011499999999742e+01 5.500055000000000582e+00 4.552359192158075274e+00
1.150011499999999742e+01 6.500065000000000204e+00 2.220624496106975432e+00
1.150011499999999742e+01 7.500075000000000713e+00 5.205056106592928167e+00
1.150011499999999742e+01 8.500085000000000335e+00 5.872206432488740191e+00
1.150011499999999742e+01 9.500094999999999956e+00 6.034856596899627057e+00
1.150011499999999742e+01 1.050010500000000135e+01 6.349377661480607671e+00
1.150011499999999742e+01 1.150011500000000098e+01 5.943912875110428651e+00
1.150011499999999742e+01 1.250012500000000060e+01 6.128387351611864986e+00
1.150011499999999742e+01 1.350013500000000022e+01 5.564458737048349590e+00
1.150011499999999742e+01 1.450014500000000162e+01 4.951790270295157725e+00
1.150011499999999742e+01 1.550015500000000124e+01 5.833652401027850765e+00
1.150011499999999742e+01 1.650016500000000264e+01 6.071136738985230430e+00
1.150011499999999742e+01 1.750017500000000226e+01 6.847861760406638076e+00
1.150011499999999742e+01 1.850018500000000188e+01 7.671730593483842675e+00
1.150011499999999742e+01 1.950019500000000150e+01 7.246747302513941058e+00
1.150011499999999742e+01 2.050020500000000112e+01 7.660880799454795387e+00
1.150011499999999742e+01 2.150021500000000074e+01 7.889112587110803432e+00
1.150011499999999742e+01 2.250022500000000036e+01 8.242741637741275440e+00
1.150011499999999742e+01 2.350023499999999999e+01 8.120436241153962342e+00
1.150011499999999742e+01 2.450024500000000316e+01 8.246697612736179295e+00
1.150011499999999742e+01 2.550025500000000278e+01 9.584844416616496332e+00
1.150011499999999742e+01 2.650026500000000240e+01 2.600355843958450563e+01
1.150011499999999742e+01 2.750027500000000202e+01 2.600355843958450563e+01
1.150011499999999742e+01 2.850028500000000165e+01 2.600355843958450563e+01
1.150011499999999742e+01 2.950029500000000127e+01 2.600355843958450563e+01
1.150011499999999742e+01 3.050030500000000089e+01 2.600355843958450563e+01
1.150011499999999742e+01 3.150031500000000051e+01 2.600355843958450563e+01
1.150011499999999742e+01 3.250032500000000368e+01 2.600355843958450563e+01
1.150011499999999742e+01 3.350033499999999975e+01 2.600355843958450563e+01
1.250012499999999882e+01 5.000050000000000328e-01 1.759759163191879860e+00
1.250012499999999882e+01 1.500015000000000098e+00 2.712036515436689665e+00
1.250012499999999882e+01 2.500024999999999942e+00 3.324592546420940486e+00
1.250012499999999882e+01 3.500035000000000451e+00 3.171783501288861551e+00
1.250012499999999882e+01 4.500045000000000073e+00 3.911698604610902574e+00
1.250012499999999882e+01 5.500055000000000582e+00 4.201344707463599448e+00
1.250012499999999882e+01 6.500065000000000204e+00 1.957898242455666127e+00
1.250012499999999882e+01 7.500075000000000713e+00 4.922296054178736391e+00
1.250012499999999882e+01 8.500085000000000335e+00 5.435689367264321170e+00
1.250012499999999882e+01 9.500094999999999956e+00 5.488284189921174061e+00
1.250012499999999882e+01 1.050010500000000135e+01 5.755714699724612693e+00
1.250012499999999882e+01 1.150011500000000098e+01 5.563509745275151630e+00
1.250012499999999882e+01 1.250012500000000060e+01 5.550306410908565802e+00
1.250012499999999882e+01 1.350013500000000022e+01 4.936959602658232527e+00
1.250012499999999882e+01 1.450014500000000162e+01 4.583745947341181903e+00
1.250012499999999882e+01 1.550015500000000124e+01 5.244544894500410059e+00
1.250012499999999882e+01 1.650016500000000264e+01 5.515627937115028523e+00
1.250012499999999882e+01 1.750017500000000226e+01 6.211485647691048051e+00
1.250012499999999882e+01 1.850018500000000188e+01 6.412191865256319900e+00
1.250012499999999882e+01 1.950019500000000150e+01 6.103663148115277437e+00
1.250012499999999882e+01 2.050020500000000112e+01 6.456940099971577141e+00
1.250012499999999882e+01 2.150021500000000074e+01 6.760456151531505142e+00
1.250012499999999882e+01 2.250022500000000036e+01 6.667258207166523398e+00
1.250012499999999882e+01 2.350023499999999999e+01 7.023591193500782204e+00
1.250012499999999882e+01 2.450024500000000316e+01 7.490533665208074510e+00
1.250012499999999882e+01 2.550025500000000278e+01 1.024396369297120835e+01
1.250012499999999882e+01 2.650026500000000240e+01 2.600355843958450563e+01
1.250012499999999882e+01 2.750027500000000202e+01 2.600355843958450563e+01
1.250012499999999882e+01 2.850028500000000165e+01 2.600355843958450563e+01
1.250012499999999882e+01 2.950029500000000127e+01 2.600355843958450563e+01
1.250012499999999882e+01 3.050030500000000089e+01 2.600355843958450563e+01
1.250012499999999882e+01 3.150031500000000051e+01 2.600355843958450563e+01
1.250012499999999882e+01 3.250032500000000368e+01 2.600355843958450563e+01
1.250012499999999882e+01 3.350033499999999975e+01 2.600355843958450563e+01
1.350013499999999844e+01 5.000050000000000328e-01 2.031428720725466874e+00
1.350013499999999844e+01 1.500015000000000098e+00 2.821634118490879306e+00
1.350013499999999844e+01 2.500024999999999942e+00 2.951585123382639342e+00
1.350013499999999844e+01 3.500035000000000451e+00 2.760354365534686050e+00
1.350013499999999844e+01 4.500045000000000073e+00 3.495037058004915931e+00
1.350013499999999844e+01 5.500055000000000582e+00 3.961761668166520423e+00
1.350013499999999844e+01 6.500065000000000204e+00 2.443936763753162378e+00
1.350013499999999844e+01 7.500075000000000713e+00 4.745294266954991791e+00
1.350013499999999844e+01 8.500085000000000335e+00 4.970882400669557555e+00
1.350013499999999844e+01 9.500094999999999956e+00 5.018411690579771545e+00
1.350013499999999844e+01 1.050010500000000135e+01 5.308400045502445153e+00
1.350013499999999844e+01 1.150011500000000098e+01 5.109221717240993499e+00
1.350013499999999844e+01 1.250012500000000060e+01 4.988508941942285446e+00
1.350013499999999844e+01 1.350013500000000022e+01 5.208850769674958414e+00
1.350013499999999844e+01 1.450014500000000162e+01 4.640822964415129981e+00
1.350013499999999844e+01 1.550015500000000124e+01 5.186209793521928013e+00
1.350013499999999844e+01 1.650016500000000264e+01 5.368591126946220982e+00
1.350013499999999844e+01 1.750017500000000226e+01 5.763749711354507532e+00
1.350013499999999844e+01 1.850018500000000188e+01 5.835396060888675684e+00
1.350013499999999844e+01 1.950019500000000150e+01 5.068675152624279256e+00
1.350013499999999844e+01 2.050020500000000112e+01 5.345260360698442348e+00
1.350013499999999844e+01 2.150021500000000074e+01 5.775177511627904714e+00
1.350013499999999844e+01 2.250022500000000036e+01 5.942765015751452218e+00
1.350013499999999844e+01 2.350023499999999999e+01 6.286745175914609796e+00
1.350013499999999844e+01 2.450024500000000316e+01 6.839494080729414449e+00
1.350013499999999844e+01 2.550025500000000278e+01 7.674029626583560137e+00
1.350013499999999844e+01 2.650026500000000240e+01 9.294424638737236677e+00
1.350013499999999844e+01 2.750027500000000202e+01 2.600355843958450563e+01
1.350013499999999844e+01 2.850028500000000165e+01 2.600355843958450563e+01
1.350013499999999844e+01 2.950029500000000127e+01 2.600355843958450563e+01
1.350013499999999844e+01 3.050030500000000089e+01 2.600355843958450563e+01
1.350013499999999844e+01 3.150031500000000051e+01 2.600355843958450563e+01
1.350013499999999844e+01 3.250032500000000368e+01 2.600355843958450563e+01
1.350013499999999844e+01 3.350033499999999975e+01 2.600355843958450563e+01
1.450014499999999806e+01 5.000050000000000328e-01 2.311539580391011484e+00
1.450014499999999806e+01 1.500015000000000098e+00 2.973428960108944086e+00
1.450014499999999806e+01 2.500024999999999942e+00 2.740454389112426448e+00
1.450014499999999806e+01 3.500035000000000451e+00 2.501794717473669660e+00
1.450014499999999806e+01 4.500045000000000073e+00 3.167002134960394510e+00
1.450014499999999806e+01 5.500055000000000582e+00 3.540421157650621264e+00
1.450014499999999806e+01 6.500065000000000204e+00 3.058981324712462868e+00
1.450014499999999806e+01 7.500075000000000713e+00 4.424131852232132900e+00
1.450014499999999806e+01 8.500085000000000335e+00 4.682437282616293217e+00
1.450014499999999806e+01 9.500094999999999956e+00 4.699225655046631367e+00
1.450014499999999806e+01 1.050010500000000135e+01 4.913261906727509398e+00
1.450014499999999806e+01 1.150011500000000098e+01 4.933928024129988543e+00
1.450014499999999806e+01 1.250012500000000060e+01 4.596752725492731173e+00
1.450014499999999806e+01 1.350013500000000022e+01 4.763804546971233123e+00
1.450014499999999806e+01 1.450014500000000162e+01 4.272491161724270903e+00
1.450014499999999806e+01 1.550015500000000124e+01 5.047869355335983244e+00
1.450014499999999806e+01 1.650016500000000264e+01 5.209601943966863935e+00
1.450014499999999806e+01 1.750017500000000226e+01 5.384408627636157796e+00
1.450014499999999806e+01 1.850018500000000188e+01 5.523835072226314757e+00
1.450014499999999806e+01 1.950019500000000150e+01 4.466612549858671066e+00
1.450014499999999806e+01 2.050020500000000112e+01 4.557199435610348459e+00
1.450014499999999806e+01 2.150021500000000074e+01 5.052400666725239908e+00
1.450014499999999806e+01 2.250022500000000036e+01 5.426941113675285422e+00
1.450014499999999806e+01 2.350023499999999999e+01 5.650281529188018403e+00
1.450014499999999806e+01 2.450024500000000316e+01 6.146510886757810432e+00
1.450014499999999806e+01 2.550025500000000278e+01 6.996961167017925476e+00
1.450014499999999806e+01 2.650026500000000240e+01 7.927506097180004652e+00
1.450014499999999806e+01 2.750027500000000202e+01 2.600355843958450563e+01
1.450014499999999806e+01 2.850028500000000165e+01 2.600355843958450563e+01
1.450014499999999806e+01 2.950029500000000127e+01 2.600355843958450563e+01
1.450014499999999806e+01 3.050030500000000089e+01 2.600355843958450563e+01
1.450014499999999806e+01 3.150031500000000051e+01 2.600355843958450563e+01
1.450014499999999806e+01 3.250032500000000368e+01 2.600355843958450563e+01
1.450014499999999806e+01 3.350033499999999975e+01 2.600355843958450563e+01
1.550015499999999768e+01 5.000050000000000328e-01 2.540984353813809271e+00
1.550015499999999768e+01 1.500015000000000098e+00 3.115844129436004195e+00
1.550015499999999768e+01 2.500024999999999942e+00 2.447383285167638256e+00
1.550015499999999768e+01 3.500035000000000451e+00 2.155097971245935717e+00
1.550015499999999768e+01 4.500045000000000073e+00 2.905988106183534203e+00
1.550015499999999768e+01 5.500055000000000582e+00 3.374481946086716810e+00
1.550015499999999768e+01 6.500065000000000204e+00 3.256257404477129302e+00
1.550015499999999768e+01 7.500075000000000713e+00 4.099570863939344889e+00
1.550015499999999768e+01 8.500085000000000335e+00 4.455682273388010373e+00
1.550015499999999768e+01 9.500094999999999956e+00 4.477727424726462679e+00
1.550015499999999768e+01 1.050010500000000135e+01 4.647021946971016781e+00
1.550015499999999768e+01 1.150011500000000098e+01 4.984859795557424533e+00
1.550015499999999768e+01 1.250012500000000060e+01 4.244599970699280966e+00
1.550015499999999768e+01 1.350013500000000022e+01 4.087158045393691097e+00
1.550015499999999768e+01 1.450014500000000162e+01 3.980719167734145358e+00
1.550015499999999768e+01 1.550015500000000124e+01 5.151588335476441571e+00
1.550015499999999768e+01 1.650016500000000264e+01 5.210528507539534004e+00
1.550015499999999768e+01 1.750017500000000226e+01 5.203680586955104381e+00
1.550015499999999768e+01 1.850018500000000188e+01 5.301775959982898634e+00
1.550015499999999768e+01 1.950019500000000150e+01 4.038540975989391768e+00
1.550015499999999768e+01 2.050020500000000112e+01 4.068930585289113999e+00
1.550015499999999768e+01 2.150021500000000074e+01 4.625550565264199498e+00
1.550015499999999768e+01 2.250022500000000036e+01 5.212109410680801247e+00
1.550015499999999768e+01 2.350023499999999999e+01 5.277744377482586735e+00
1.550015499999999768e+01 2.450024500000000316e+01 5.649780475156079618e+00
1.550015499999999768e+01 2.550025500000000278e+01 6.741910770385429963e+00
1.550015499999999768e+01 2.650026500000000240e+01 7.341150994523603757e+00
1.550015499999999768e+01 2.750027500000000202e+01 8.645037593743738924e+00
1.550015499999999768e+01 2.850028500000000165e+01 2.600355843958450563e+01
1.550015499999999768e+01 2.950029500000000127e+01 2.600355843958450563e+01
1.550015499999999768e+01 3.050030500000000089e+01 2.600355843958450563e+01
1.550015499999999768e+01 3.150031500000000051e+01 2.600355843958450563e+01
1.550015499999999768e+01 3.250032500000000368e+01 2.600355843958450563e+01
1.550015499999999768e+01 3.350033499999999975e+01 2.600355843958450563e+01
1.650016499999999908e+01 5.000050000000000328e-01 2.796058174418308173e+00
1.650016499999999908e+01 1.500015000000000098e+00 3.337550629679188141e+00
1.650016499999999908e+01 2.500024999999999942e+00 2.463809382012930538e+00
1.650016499999999908e+01 3.500035000000000451e+00 2.137692227342493201e+00
1.650016499999999908e+01 4.500045000000000073e+00 2.871704522700247786e+00
1.650016499999999908e+01 5.500055000000000582e+00 3.148653402189492745e+00
1.650016499999999908e+01 6.500065000000000204e+00 3.091673000765498891e+00
1.650016499999999908e+01 7.500075000000000713e+00 3.714954148208957641e+00
1.650016499999999908e+01 8.500085000000000335e+00 4.408358300468376179e+00
1.650016499999999908e+01 9.500094999999999956e+00 4.666915352461412425e+00
1.650016499999999908e+01 1.050010500000000135e+01 4.763769521230945436e+00
1.650016499999999908e+01 1.150011500000000098e+01 4.899848112440553294e+00
1.650016499999999908e+01 1.250012500000000060e+01 3.802619310541112352e+00
1.650016499999999908e+01 1.350013500000000022e+01 3.462122997804698343e+00
1.650016499999999908e+01 1.450014500000000162e+01 3.490344234273370816e+00
1.650016499999999908e+01 1.550015500000000124e+01 5.077793581027561842e+00
1.650016499999999908e+01 1.650016500000000264e+01 5.304024013655532777e+00
1.650016499999999908e+01 1.750017500000000226e+01 4.810432536371348711e+00
1.650016499999999908e+01 1.850018500000000188e+01 5.270517843441240302e+00
1.650016499999999908e+01 1.950019500000000150e+01 4.128854332486201706e+00
1.650016499999999908e+01 2.050020500000000112e+01 4.236974266000949285e+00
1.650016499999999908e+01 2.150021500000000074e+01 4.787440517661807782e+00
1.650016499999999908e+01 2.250022500000000036e+01 5.477544361153865893e+00
1.650016499999999908e+01 2.350023499999999999e+01 5.445368022306825928e+00
1.650016499999999908e+01 2.450024500000000316e+01 5.851446368298291567e+00
1.650016499999999908e+01 2.550025500000000278e+01 6.414649617361962264e+00
1.650016499999999908e+01 2.650026500000000240e+01 6.870099370540184935e+00
1.650016499999999908e+01 2.750027500000000202e+01 7.310130014710105151e+00
1.650016499999999908e+01 2.850028500000000165e+01 2.600355843958450563e+01
1.650016499999999908e+01 2.950029500000000127e+01 2.600355843958450563e+01
1.650016499999999908e+01 3.050030500000000089e+01 2.600355843958450563e+01
1.650016499999999908e+01 3.150031500000000051e+01 2.600355843958450563e+01
1.650016499999999908e+01 3.250032500000000368e+01 2.600355843958450563e+01
1.650016499999999908e+01 3.350033499999999975e+01 2.600355843958450563e+01
1.750017499999999870e+01 5.000050000000000328e-01 3.149987071597214694e+00
1.750017499999999870e+01 1.500015000000000098e+00 3.644908861602959682e+00
1.750017499999999870e+01 2.500024999999999942e+00 2.758406558700869926e+00
1.750017499999999870e+01 3.500035000000000451e+00 2.433786592998430809e+00
1.750017499999999870e+01 4.500045000000000073e+00 3.010025698283785189e+00
1.750017499999999870e+01 5.500055000000000582e+00 2.908311099819259837e+00
1.750017499999999870e+01 6.500065000000000204e+00 2.817191030645948668e+00
1.750017499999999870e+01 7.500075000000000713e+00 3.454675443304871862e+00
1.750017499999999870e+01 8.500085000000000335e+00 4.538430255738041375e+00
1.750017499999999870e+01 9.500094999999999956e+00 5.125847835753925885e+00
1.750017499999999870e+01 1.050010500000000135e+01 5.283884222333280256e+00
1.750017499999999870e+01 1.150011500000000098e+01 4.853770929108748966e+00
1.750017499999999870e+01 1.250012500000000060e+01 3.659058319749195043e+00
1.750017499999999870e+01 1.350013500000000022e+01 3.057943724674239583e+00
1.750017499999999870e+01 1.450014500000000162e+01 2.929478726540266198e+00
1.750017499999999870e+01 1.550015500000000124e+01 4.784311283583898344e+00
1.750017499999999870e+01 1.650016500000000264e+01 5.486680494481787740e+00
1.750017499999999870e+01 1.750017500000000226e+01 4.695182964601291253e+00
1.750017499999999870e+01 1.850018500000000188e+01 5.214553964252885976e+00
1.750017499999999870e+01 1.950019500000000150e+01 3.961160440477802247e+00
1.750017499999999870e+01 2.050020500000000112e+01 4.025756390793103101e+00
1.750017499999999870e+01 2.150021500000000074e+01 4.613252319241781585e+00
1.750017499999999870e+01 2.250022500000000036e+01 5.608565533741897369e+00
1.750017499999999870e+01 2.350023499999999999e+01 5.431134256189653620e+00
1.750017499999999870e+01 2.450024500000000316e+01 5.728220797316578405e+00
1.750017499999999870e+01 2.550025500000000278e+01 6.108418156239395103e+00
1.750017499999999870e+01 2.650026500000000240e+01 6.598424039347905001e+00
1.750017499999999870e+01 2.750027500000000202e+01 7.208509444128988974e+00
1.750017499999999870e+01 2.850028500000000165e+01 7.820051564028304369e+00
1.750017499999999870e+01 2.950029500000000127e+01 8.073528526945024097e+00
1.750017499999999870e+01 3.050030500000000089e+01 2.600355843958450563e+01
1.750017499999999870e+01 3.150031500000000051e+01 2.600355843958450563e+01
1.750017499999999870e+01 3.250032500000000368e+01 2.600355843958450563e+01
1.750017499999999870e+01 3.350033499999999975e+01 2.600355843958450563e+01
1.850018499999999833e+01 5.000050000000000328e-01 3.701081882976145376e+00
1.850018499999999833e+01 1.500015000000000098e+00 3.928228872908352987e+00
1.850018499999999833e+01 2.500024999999999942e+00 3.146378881422005946e+00
1.850018499999999833e+01 3.500035000000000451e+00 2.848957114463798401e+00
1.850018499999999833e+01 4.500045000000000073e+00 3.226727982759260982e+00
1.850018499999999833e+01 5.500055000000000582e+00 2.995366193762804219e+00
1.850018499999999833e+01 6.500065000000000204e+00 2.945918057606013107e+00
1.850018499999999833e+01 7.500075000000000713e+00 3.592635777037154199e+00
1.850018499999999833e+01 8.500085000000000335e+00 4.805221811344001281e+00
1.850018499999999833e+01 9.500094999999999956e+00 5.756133118791439962e+00
1.850018499999999833e+01 1.050010500000000135e+01 6.425812859782007003e+00
1.850018499999999833e+01 1.150011500000000098e+01 4.268881547295784173e+00
1.850018499999999833e+01 1.250012500000000060e+01 3.458328920137464291e+00
1.850018499999999833e+01 1.350013500000000022e+01 2.842558966118465591e+00
1.850018499999999833e+01 1.450014500000000162e+01 2.503418519651412044e+00
1.850018499999999833e+01 1.550015500000000124e+01 4.355347620384249829e+00
1.850018499999999833e+01 1.650016500000000264e+01 5.800278352874686405e+00
1.850018499999999833e+01 1.750017500000000226e+01 4.618938504542399848e+00
1.850018499999999833e+01 1.850018500000000188e+01 5.077576606814842464e+00
1.850018499999999833e+01 1.950019500000000150e+01 4.349324801513589911e+00
1.850018499999999833e+01 2.050020500000000112e+01 4.473425478230169894e+00
1.850018499999999833e+01 2.150021500000000074e+01 5.282037512185714156e+00
1.850018499999999833e+01 2.250022500000000036e+01 6.238684703652128682e+00
1.850018499999999833e+01 2.350023499999999999e+01 5.446426280923406971e+00
1.850018499999999833e+01 2.450024500000000316e+01 5.693242149871893254e+00
1.850018499999999833e+01 2.550025500000000278e+01 5.547942006411320293e+00
1.850018499999999833e+01 2.650026500000000240e+01 6.000877844881451040e+00
1.850018499999999833e+01 2.750027500000000202e+01 6.304289759510350422e+00
1.850018499999999833e+01 2.850028500000000165e+01 6.623147273921459188e+00
1.850018499999999833e+01 2.950029500000000127e+01 6.348490488047550784e+00
1.850018499999999833e+01 3.050030500000000089e+01 6.957567672507507517e+00
1.850018499999999833e+01 3.150031500000000051e+01 7.742357250093718335e+00
1.850018499999999833e+01 3.250032500000000368e+01 2.600355843958450563e+01
1.850018499999999833e+01 3.350033499999999975e+01 2.600355843958450563e+01
1.950019499999999795e+01 5.000050000000000328e-01 4.473720045169237380e+00
1.950019499999999795e+01 1.500015000000000098e+00 4.242690396953602949e+00
1.950019499999999795e+01 2.500024999999999942e+00 3.497016727226998523e+00
1.950019499999999795e+01 3.500035000000000451e+00 3.205635527899254544e+00
1.950019499999999795e+01 4.500045000000000073e+00 3.448175693515671103e+00
1.950019499999999795e+01 5.500055000000000582e+00 3.330798698561754367e+00
1.950019499999999795e+01 6.500065000000000204e+00 3.401216898355144291e+00
1.950019499999999795e+01 7.500075000000000713e+00 4.094708398007073313e+00
1.950019499999999795e+01 8.500085000000000335e+00 5.464649158487132397e+00
1.950019499999999795e+01 9.500094999999999956e+00 6.550536299152230235e+00
1.950019499999999795e+01 1.050010500000000135e+01 7.037293933599555018e+00
1.950019499999999795e+01 1.150011500000000098e+01 3.800290261968034322e+00
1.950019499999999795e+01 1.250012500000000060e+01 3.386851258627747718e+00
1.950019499999999795e+01 1.350013500000000022e+01 2.812719176994024739e+00
1.950019499999999795e+01 1.450014500000000162e+01 2.478075826979718954e+00
1.950019499999999795e+01 1.550015500000000124e+01 4.093335855447003624e+00
1.950019499999999795e+01 1.650016500000000264e+01 5.973088572102006388e+00
1.950019499999999795e+01 1.750017500000000226e+01 4.758565674935004708e+00
1.950019499999999795e+01 1.850018500000000188e+01 5.623142185234874191e+00
1.950019499999999795e+01 1.950019500000000150e+01 4.991268628654277784e+00
1.950019499999999795e+01 2.050020500000000112e+01 5.120359502258800433e+00
1.950019499999999795e+01 2.150021500000000074e+01 6.053309590161321196e+00
1.950019499999999795e+01 2.250022500000000036e+01 6.865616549423423365e+00
1.950019499999999795e+01 2.350023499999999999e+01 5.647300627781572935e+00
1.950019499999999795e+01 2.450024500000000316e+01 5.494191627254315868e+00
1.950019499999999795e+01 2.550025500000000278e+01 5.182019937541057608e+00
1.950019499999999795e+01 2.650026500000000240e+01 5.394028718672773337e+00
1.950019499999999795e+01 2.750027500000000202e+01 5.570095300631965785e+00
1.950019499999999795e+01 2.850028500000000165e+01 5.688520734230532838e+00
1.950019499999999795e+01 2.950029500000000127e+01 5.761486912350623157e+00
1.950019499999999795e+01 3.050030500000000089e+01 6.404594011886952210e+00
1.950019499999999795e+01 3.150031500000000051e+01 6.857556274285933284e+00
1.950019499999999795e+01 3.250032500000000368e+01 2.600355843958450563e+01
1.950019499999999795e+01 3.350033499999999975e+01 2.600355843958450563e+01
2.050020499999999757e+01 5.000050000000000328e-01 5.316969204350683320e+00
2.050020499999999757e+01 1.500015000000000098e+00 4.696277680873686577e+00
2.050020499999999757e+01 2.500024999999999942e+00 3.810946608437645100e+00
2.050020499999999757e+01 3.500035000000000451e+00 3.517122525201438421e+00
2.050020499999999757e+01 4.500045000000000073e+00 3.626119818452466781e+00
2.050020499999999757e+01 5.500055000000000582e+00 3.719048725656130649e+00
2.050020499999999757e+01 6.500065000000000204e+00 4.101788361295708896e+00
2.050020499999999757e+01 7.500075000000000713e+00 4.887002908920633715e+00
2.050020499999999757e+01 8.500085000000000335e+00 6.167165886415363119e+00
2.050020499999999757e+01 9.500094999999999956e+00 7.403604359998804618e+00
2.050020499999999757e+01 1.050010500000000135e+01 7.692990676917938586e+00
2.050020499999999757e+01 1.150011500000000098e+01 4.445041117910392359e+00
2.050020499999999757e+01 1.250012500000000060e+01 3.949538626016857457e+00
2.050020499999999757e+01 1.350013500000000022e+01 2.939185532778097798e+00
2.050020499999999757e+01 1.450014500000000162e+01 2.566619724793099078e+00
2.050020499999999757e+01 1.550015500000000124e+01 3.925015656598869640e+00
2.050020499999999757e+01 1.650016500000000264e+01 6.493693148304111595e+00
2.050020499999999757e+01 1.750017500000000226e+01 5.309137449834258504e+00
2.050020499999999757e+01 1.850018500000000188e+01 6.104360479524264527e+00
2.050020499999999757e+01 1.950019500000000150e+01 6.055650680819061549e+00
2.050020499999999757e+01 2.050020500000000112e+01 6.133328141583292314e+00
2.050020499999999757e+01 2.150021500000000074e+01 6.682605333695151195e+00
2.050020499999999757e+01 2.250022500000000036e+01 8.073687797582863368e+00
2.050020499999999757e+01 2.350023499999999999e+01 6.283476282779371758e+00
2.050020499999999757e+01 2.450024500000000316e+01 5.667491728565890341e+00
2.050020499999999757e+01 2.550025500000000278e+01 4.816043966923900577e+00
2.050020499999999757e+01 2.650026500000000240e+01 4.985013765894815485e+00
2.050020499999999757e+01 2.750027500000000202e+01 4.970377807439652962e+00
2.050020499999999757e+01 2.850028500000000165e+01 5.028590957588333410e+00
2.050020499999999757e+01 2.950029500000000127e+01 5.104906584444975692e+00
2.050020499999999757e+01 3.050030500000000089e+01 5.465306580847937745e+00
2.050020499999999757e+01 3.150031500000000051e+01 6.488951269086997264e+00
2.050020499999999757e+01 3.250032500000000368e+01 8.939848415932653225e+00
2.050020499999999757e+01 3.350033499999999975e+01 2.600355843958450563e+01
2.150021499999999719e+01 5.000050000000000328e-01 6.182828739059424095e+00
2.150021499999999719e+01 1.500015000000000098e+00 5.366666386979036751e+00
2.150021499999999719e+01 2.500024999999999942e+00 4.375612948238899236e+00
2.150021499999999719e+01 3.500035000000000451e+00 3.928655807221994589e+00
2.150021499999999719e+01 4.500045000000000073e+00 3.997695544371782983e+00
2.150021499999999719e+01 5.500055000000000582e+00 4.231335324092763805e+00
2.150021499999999719e+01 6.500065000000000204e+00 4.927375943627023247e+00
2.150021499999999719e+01 7.500075000000000713e+00 5.941324666388328346e+00
2.150021499999999719e+01 8.500085000000000335e+00 7.168646679609793182e+00
2.150021499999999719e+01 9.500094999999999956e+00 7.816104153392458898e+00
2.150021499999999719e+01 1.050010500000000135e+01 2.600355843958450563e+01
2.150021499999999719e+01 1.150011500000000098e+01 5.743343450407674133e+00
2.150021499999999719e+01 1.250012500000000060e+01 4.948218067256735964e+00
2.150021499999999719e+01 1.350013500000000022e+01 3.109751682364386483e+00
2.150021499999999719e+01 1.450014500000000162e+01 2.793279717963861319e+00
2.150021499999999719e+01 1.550015500000000124e+01 3.942572125147520534e+00
2.150021499999999719e+01 1.650016500000000264e+01 6.809620476947249479e+00
2.150021499999999719e+01 1.750017500000000226e+01 6.146486282649166633e+00
2.150021499999999719e+01 1.850018500000000188e+01 6.634340612492172440e+00
2.150021499999999719e+01 1.950019500000000150e+01 7.516715114330019709e+00
2.150021499999999719e+01 2.050020500000000112e+01 7.997912106753544137e+00
2.150021499999999719e+01 2.150021500000000074e+01 8.084569982411577982e+00
2.150021499999999719e+01 2.250022500000000036e+01 2.600355843958450563e+01
2.150021499999999719e+01 2.350023499999999999e+01 6.602906241748284444e+00
2.150021499999999719e+01 2.450024500000000316e+01 5.615827156836856737e+00
2.150021499999999719e+01 2.550025500000000278e+01 4.532635517048584362e+00
2.150021499999999719e+01 2.650026500000000240e+01 4.434222744523296456e+00
2.150021499999999719e+01 2.750027500000000202e+01 4.302576857151332312e+00
2.150021499999999719e+01 2.850028500000000165e+01 4.318920808372046061e+00
2.150021499999999719e+01 2.950029500000000127e+01 4.309516188001210502e+00
2.150021499999999719e+01 3.050030500000000089e+01 4.686937919189556823e+00
2.150021499999999719e+01 3.150031500000000051e+01 5.865467520107051413e+00
2.150021499999999719e+01 3.250032500000000368e+01 7.675167597832064814e+00
2.150021499999999719e+01 3.350033499999999975e+01 2.600355843958450563e+01
2.250022499999999681e+01 5.000050000000000328e-01 7.473670141661892252e+00
2.250022499999999681e+01 1.500015000000000098e+00 6.308223343754203682e+00
2.250022499999999681e+01 2.500024999999999942e+00 5.150160819123953182e+00
2.250022499999999681e+01 3.500035000000000451e+00 4.646206621130569481e+00
2.250022499999999681e+01 4.500045000000000073e+00 4.699041043489672553e+00
2.250022499999999681e+01 5.500055000000000582e+00 5.161181587256493231e+00
2.250022499999999681e+01 6.500065000000000204e+00 5.849301477066891408e+00
2.250022499999999681e+01 7.500075000000000713e+00 6.881269041252505936e+00
2.250022499999999681e+01 8.500085000000000335e+00 8.391620234790956090e+00
2.250022499999999681e+01 9.500094999999999956e+00 8.349291129507474096e+00
2.250022499999999681e+01 1.050010500000000135e+01 2.600355843958450563e+01
2.250022499999999681e+01 1.150011500000000098e+01 7.008304128731710492e+00
2.250022499999999681e+01 1.250012500000000060e+01 6.201221820500860460e+00
2.250022499999999681e+01 1.350013500000000022e+01 3.504433029371077257e+00
2.250022499999999681e+01 1.450014500000000162e+01 3.281020295042500923e+00
2.250022499999999681e+01 1.550015500000000124e+01 4.313026411229545332e+00
2.250022499999999681e+01 1.650016500000000264e+01 6.703131776307851730e+00
2.250022499999999681e+01 1.750017500000000226e+01 7.029818772941816896e+00
2.250022499999999681e+01 1.850018500000000188e+01 7.380703380221865118e+00
2.250022499999999681e+01 1.950019500000000150e+01 8.161774387909792594e+00
2.250022499999999681e+01 2.050020500000000112e+01 8.688394280308067152e+00
2.250022499999999681e+01 2.150021500000000074e+01 2.600355843958450563e+01
2.250022499999999681e+01 2.250022500000000036e+01 2.600355843958450563e+01
2.250022499999999681e+01 2.350023499999999999e+01 6.926007810013079080e+00
2.250022499999999681e+01 2.450024500000000316e+01 5.373247522729671211e+00
2.250022499999999681e+01 2.550025500000000278e+01 4.211584818443749434e+00
2.250022499999999681e+01 2.650026500000000240e+01 3.890983323535684768e+00
2.250022499999999681e+01 2.750027500000000202e+01 3.753666496478083481e+00
2.250022499999999681e+01 2.850028500000000165e+01 3.800786390067942833e+00
2.250022499999999681e+01 2.950029500000000127e+01 3.690537567144485998e+00
2.250022499999999681e+01 3.050030500000000089e+01 4.010225151955030043e+00
2.250022499999999681e+01 3.150031500000000051e+01 5.254136564738502990e+00
2.250022499999999681e+01 3.250032500000000368e+01 7.158888313810857440e+00
2.250022499999999681e+01 3.350033499999999975e+01 8.209687884718764650e+00
2.350023499999999643e+01 5.000050000000000328e-01 2.600355843958450563e+01
2.350023499999999643e+01 1.500015000000000098e+00 7.611664218881069921e+00
2.350023499999999643e+01 2.500024999999999942e+00 6.153711552712575639e+00
2.350023499999999643e+01 3.500035000000000451e+00 5.453679960321082376e+00
2.350023499999999643e+01 4.500045000000000073e+00 5.944449311974144834e+00
2.350023499999999643e+01 5.500055000000000582e+00 6.461163462866469587e+00
2.350023499999999643e+01 6.500065000000000204e+00 7.194721972784756225e+00
2.350023499999999643e+01 7.500075000000000713e+00 8.154737362053364080e+00
2.350023499999999643e+01 8.500085000000000335e+00 2.600355843958450563e+01
2.350023499999999643e+01 9.500094999999999956e+00 2.600355843958450563e+01
2.350023499999999643e+01 1.050010500000000135e+01 2.600355843958450563e+01
2.350023499999999643e+01 1.150011500000000098e+01 2.600355843958450563e+01
2.350023499999999643e+01 1.250012500000000060e+01 7.334463761215949340e+00
2.350023499999999643e+01 1.350013500000000022e+01 4.307611777874418735e+00
2.350023499999999643e+01 1.450014500000000162e+01 4.083089096035770638e+00
2.350023499999999643e+01 1.550015500000000124e+01 5.037878855356261454e+00
2.350023499999999643e+01 1.650016500000000264e+01 6.861930038471026450e+00
2.350023499999999643e+01 1.750017500000000226e+01 2.600355843958450563e+01
2.350023499999999643e+01 1.850018500000000188e+01 2.600355843958450563e+01
2.350023499999999643e+01 1.950019500000000150e+01 2.600355843958450563e+01
2.350023499999999643e+01 2.050020500000000112e+01 2.600355843958450563e+01
2.350023499999999643e+01 2.150021500000000074e+01 2.600355843958450563e+01
2.350023499999999643e+01 2.250022500000000036e+01 2.600355843958450563e+01
2.350023499999999643e+01 2.350023499999999999e+01 6.973328299058659141e+00
2.350023499999999643e+01 2.450024500000000316e+01 5.181157120689292128e+00
2.350023499999999643e+01 2.550025500000000278e+01 3.962624600779890205e+00
2.350023499999999643e+01 2.650026500000000240e+01 3.484161144663168397e+00
2.350023499999999643e+01 2.750027500000000202e+01 3.444706233437658138e+00
2.350023499999999643e+01 2.850028500000000165e+01 3.503375386881910192e+00
2.350023499999999643e+01 2.950029500000000127e+01 3.276643238965032623e+00
2.350023499999999643e+01 3.050030500000000089e+01 3.563723164772668817e+00
2.350023499999999643e+01 3.150031500000000051e+01 4.758839277803298629e+00
2.350023499999999643e+01 3.250032500000000368e+01 6.265758670838093458e+00
2.350023499999999643e+01 3.350033499999999975e+01 9.656812591765625342e+00
2.450024499999999605e+01 5.000050000000000328e-01 2.600355843958450563e+01
2.450024499999999605e+01 1.500015000000000098e+00 8.542359231984118395e+00
2.450024499999999605e+01 2.500024999999999942e+00 7.684657145353731345e+00
2.450024499999999605e+01 3.500035000000000451e+00 6.418101264351071755e+00
2.450024499999999605e+01 4.500045000000000073e+00 7.211514546431643247e+00
2.450024499999999605e+01 5.500055000000000582e+00 7.859550102341652078e+00
2.450024499999999605e+01 6.500065000000000204e+00 2.600355843958450563e+01
2.450024499999999605e+01 7.500075000000000713e+00 8.231105841349984686e+00
2.450024499999999605e+01 8.500085000000000335e+00 2.600355843958450563e+01
2.450024499999999605e+01 9.500094999999999956e+00 2.600355843958450563e+01
2.450024499999999605e+01 1.050010500000000135e+01 2.600355843958450563e+01
2.450024499999999605e+01 1.150011500000000098e+01 2.600355843958450563e+01
2.450024499999999605e+01 1.250012500000000060e+01 2.600355843958450563e+01
2.450024499999999605e+01 1.350013500000000022e+01 5.652775808909712651e+00
2.450024499999999605e+01 1.450014500000000162e+01 5.361510922207961549e+00
2.450024499999999605e+01 1.550015500000000124e+01 6.198956000207698658e+00
2.450024499999999605e+01 1.650016500000000264e+01 7.000704414250188634e+00
2.450024499999999605e+01 1.750017500000000226e+01 2.600355843958450563e+01
2.450024499999999605e+01 1.850018500000000188e+01 2.600355843958450563e+01
2.450024499999999605e+01 1.950019500000000150e+01 2.600355843958450563e+01
2.450024499999999605e+01 2.050020500000000112e+01 2.600355843958450563e+01
2.450024499999999605e+01 2.150021500000000074e+01 2.600355843958450563e+01
2.450024499999999605e+01 2.250022500000000036e+01 2.600355843958450563e+01
2.450024499999999605e+01 2.350023499999999999e+01 6.862528859553199467e+00
2.450024499999999605e+01 2.450024500000000316e+01 5.078396738567007240e+00
2.450024499999999605e+01 2.550025500000000278e+01 3.751479650326578152e+00
2.450024499999999605e+01 2.650026500000000240e+01 3.266655037783151361e+00
2.450024499999999605e+01 2.750027500000000202e+01 3.583001800813984339e+00
2.450024499999999605e+01 2.850028500000000165e+01 3.692643067357619824e+00
2.450024499999999605e+01 2.950029500000000127e+01 3.328781020526614842e+00
2.450024499999999605e+01 3.050030500000000089e+01 3.556006564693983130e+00
2.450024499999999605e+01 3.150031500000000051e+01 4.492905289396416535e+00
2.450024499999999605e+01 3.250032500000000368e+01 5.739043350901540386e+00
2.450024499999999605e+01 3.350033499999999975e+01 7.697027289256620719e+00
2.550025499999999568e+01 5.000050000000000328e-01 2.600355843958450563e+01
2.550025499999999568e+01 1.500015000000000098e+00 2.600355843958450563e+01
2.550025499999999568e+01 2.500024999999999942e+00 2.600355843958450563e+01
2.550025499999999568e+01 3.500035000000000451e+00 7.511038076135603703e+00
2.550025499999999568e+01 4.500045000000000073e+00 7.790342263983561111e+00
2.550025499999999568e+01 5.500055000000000582e+00 2.600355843958450563e+01
2.550025499999999568e+01 6.500065000000000204e+00 2.600355843958450563e+01
2.550025499999999568e+01 7.500075000000000713e+00 2.600355843958450563e+01
2.550025499999999568e+01 8.500085000000000335e+00 2.600355843958450563e+01
2.550025499999999568e+01 9.500094999999999956e+00 2.600355843958450563e+01
2.550025499999999568e+01 1.050010500000000135e+01 2.600355843958450563e+01
2.550025499999999568e+01 1.150011500000000098e+01 2.600355843958450563e+01
2.550025499999999568e+01 1.250012500000000060e+01 2.600355843958450563e+01
2.550025499999999568e+01 1.350013500000000022e+01 8.808788546165851940e+00
2.550025499999999568e+01 1.450014500000000162e+01 7.336200512411906516e+00
2.550025499999999568e+01 1.550015500000000124e+01 8.256829012339970575e+00
2.550025499999999568e+01 1.650016500000000264e+01 8.578906965594015332e+00
2.550025499999999568e+01 1.750017500000000226e+01 2.600355843958450563e+01
2.550025499999999568e+01 1.850018500000000188e+01 2.600355843958450563e+01
2.550025499999999568e+01 1.950019500000000150e+01 2.600355843958450563e+01
2.550025499999999568e+01 2.050020500000000112e+01 2.600355843958450563e+01
2.550025499999999568e+01 2.150021500000000074e+01 2.600355843958450563e+01
2.550025499999999568e+01 2.250022500000000036e+01 2.600355843958450563e+01
2.550025499999999568e+01 2.350023499999999999e+01 7.586524825534418426e+00
2.550025499999999568e+01 2.450024500000000316e+01 5.369828122686699068e+00
2.550025499999999568e+01 2.550025500000000278e+01 3.744696794241765492e+00
2.550025499999999568e+01 2.650026500000000240e+01 3.179124971484715623e+00
2.550025499999999568e+01 2.750027500000000202e+01 4.079422761909170525e+00
2.550025499999999568e+01 2.850028500000000165e+01 4.261279844578305998e+00
2.550025499999999568e+01 2.950029500000000127e+01 3.808466743577925584e+00
2.550025499999999568e+01 3.050030500000000089e+01 3.829290067451116109e+00
2.550025499999999568e+01 3.150031500000000051e+01 4.261612221815529900e+00
2.550025499999999568e+01 3.250032500000000368e+01 5.358686766562683168e+00
2.550025499999999568e+01 3.350033499999999975e+01 7.641717614672287162e+00
2.650026499999999530e+01 5.000050000000000328e-01 2.600355843958450563e+01
2.650026499999999530e+01 1.500015000000000098e+00 2.600355843958450563e+01
2.650026499999999530e+01 2.500024999999999942e+00 2.600355843958450563e+01
2.650026499999999530e+01 3.500035000000000451e+00 2.600355843958450563e+01
2.650026499999999530e+01 4.500045000000000073e+00 2.600355843958450563e+01
2.650026499999999530e+01 5.500055000000000582e+00 2.600355843958450563e+01
2.650026499999999530e+01 6.500065000000000204e+00 2.600355843958450563e+01
2.650026499999999530e+01 7.500075000000000713e+00 2.600355843958450563e+01
2.650026499999999530e+01 8.500085000000000335e+00 2.600355843958450563e+01
2.650026499999999530e+01 9.500094999999999956e+00 2.600355843958450563e+01
2.650026499999999530e+01 1.050010500000000135e+01 2.600355843958450563e+01
2.650026499999999530e+01 1.150011500000000098e+01 2.600355843958450563e+01
2.650026499999999530e+01 1.250012500000000060e+01 2.600355843958450563e+01
2.650026499999999530e+01 1.350013500000000022e+01 2.600355843958450563e+01
2.650026499999999530e+01 1.450014500000000162e+01 2.600355843958450563e+01
2.650026499999999530e+01 1.550015500000000124e+01 2.600355843958450563e+01
2.650026499999999530e+01 1.650016500000000264e+01 8.578906965594015332e+00
2.650026499999999530e+01 1.750017500000000226e+01 2.600355843958450563e+01
2.650026499999999530e+01 1.850018500000000188e+01 2.600355843958450563e+01
2.650026499999999530e+01 1.950019500000000150e+01 2.600355843958450563e+01
2.650026499999999530e+01 2.050020500000000112e+01 2.600355843958450563e+01
2.650026499999999530e+01 2.150021500000000074e+01 2.600355843958450563e+01
2.650026499999999530e+01 2.250022500000000036e+01 2.600355843958450563e+01
2.650026499999999530e+01 2.350023499999999999e+01 8.473856503288176967e+00
2.650026499999999530e+01 2.450024500000000316e+01 6.005102233852220195e+00
2.650026499999999530e+01 2.550025500000000278e+01 4.034597561118949294e+00
2.650026499999999530e+01 2.650026500000000240e+01 3.371101238496786223e+00
2.650026499999999530e+01 2.750027500000000202e+01 4.581221195063612583e+00
2.650026499999999530e+01 2.850028500000000165e+01 4.849568746099783390e+00
2.650026499999999530e+01 2.950029500000000127e+01 4.543603790444513457e+00
2.650026499999999530e+01 3.050030500000000089e+01 4.198400520861981455e+00
2.650026499999999530e+01 3.150031500000000051e+01 4.258231542146281967e+00
2.650026499999999530e+01 3.250032500000000368e+01 5.371309919876501304e+00
2.650026499999999530e+01 3.350033499999999975e+01 7.366539597005047568e+00
2.750027499999999492e+01 5.000050000000000328e-01 2.600355843958450563e+01
2.750027499999999492e+01 1.500015000000000098e+00 2.600355843958450563e+01
2.750027499999999492e+01 2.500024999999999942e+00 2.600355843958450563e+01
2.750027499999999492e+01 3.500035000000000451e+00 2.600355843958450563e+01
2.750027499999999492e+01 4.500045000000000073e+00 2.600355843958450563e+01
2.750027499999999492e+01 5.500055000000000582e+00 2.600355843958450563e+01
2.750027499999999492e+01 6.500065000000000204e+00 2.600355843958450563e+01
2.750027499999999492e+01 7.500075000000000713e+00 2.600355843958450563e+01
2.750027499999999492e+01 8.500085000000000335e+00 2.600355843958450563e+01
2.750027499999999492e+01 9.500094999999999956e+00 2.600355843958450563e+01
2.750027499999999492e+01 1.050010500000000135e+01 2.600355843958450563e+01
2.750027499999999492e+01 1.150011500000000098e+01 2.600355843958450563e+01
2.750027499999999492e+01 1.250012500000000060e+01 2.600355843958450563e+01
2.750027499999999492e+01 1.350013500000000022e+01 2.600355843958450563e+01
2.750027499999999492e+01 1.450014500000000162e+01 2.600355843958450563e+01
2.750027499999999492e+01 1.550015500000000124e+01 2.600355843958450563e+01
2.750027499999999492e+01 1.650016500000000264e+01 2.600355843958450563e+01
2.750027499999999492e+01 1.750017500000000226e+01 2.600355843958450563e+01
2.750027499999999492e+01 1.850018500000000188e+01 2.600355843958450563e+01
2.750027499999999492e+01 1.950019500000000150e+01 2.600355843958450563e+01
2.750027499999999492e+01 2.050020500000000112e+01 2.600355843958450563e+01
2.750027499999999492e+01 2.150021500000000074e+01 2.600355843958450563e+01
2.750027499999999492e+01 2.250022500000000036e+01 2.600355843958450563e+01
2.750027499999999492e+01 2.350023499999999999e+01 8.490816779696485739e+00
2.750027499999999492e+01 2.450024500000000316e+01 6.811208987648960544e+00
2.750027499999999492e+01 2.550025500000000278e+01 4.595083578527770385e+00
2.750027499999999492e+01 2.650026500000000240e+01 3.823097244108986992e+00
2.750027499999999492e+01 2.750027500000000202e+01 5.383497777650978477e+00
2.750027499999999492e+01 2.850028500000000165e+01 5.558061704232225786e+00
2.750027499999999492e+01 2.950029500000000127e+01 4.972821433065090169e+00
2.750027499999999492e+01 3.050030500000000089e+01 4.398793190071938142e+00
2.750027499999999492e+01 3.150031500000000051e+01 4.377839194358291053e+00
2.750027499999999492e+01 3.250032500000000368e+01 5.395478026726781451e+00
2.750027499999999492e+01 3.350033499999999975e+01 7.658072710639320491e+00
2.850028499999999454e+01 5.000050000000000328e-01 2.600355843958450563e+01
2.850028499999999454e+01 1.500015000000000098e+00 2.600355843958450563e+01
2.850028499999999454e+01 2.500024999999999942e+00 2.600355843958450563e+01
2.850028499999999454e+01 3.500035000000000451e+00 2.600355843958450563e+01
2.850028499999999454e+01 4.500045000000000073e+00 2.600355843958450563e+01
2.850028499999999454e+01 5.500055000000000582e+00 2.600355843958450563e+01
2.850028499999999454e+01 6.500065000000000204e+00 2.600355843958450563e+01
2.850028499999999454e+01 7.500075000000000713e+00 2.600355843958450563e+01
2.850028499999999454e+01 8.500085000000000335e+00 2.600355843958450563e+01
2.850028499999999454e+01 9.500094999999999956e+00 2.600355843958450563e+01
2.850028499999999454e+01 1.050010500000000135e+01 2.600355843958450563e+01
2.850028499999999454e+01 1.150011500000000098e+01 2.600355843958450563e+01
2.850028499999999454e+01 1.250012500000000060e+01 2.600355843958450563e+01
2.850028499999999454e+01 1.350013500000000022e+01 2.600355843958450563e+01
2.850028499999999454e+01 1.450014500000000162e+01 2.600355843958450563e+01
2.850028499999999454e+01 1.550015500000000124e+01 2.600355843958450563e+01
2.850028499999999454e+01 1.650016500000000264e+01 2.600355843958450563e+01
2.850028499999999454e+01 1.750017500000000226e+01 2.600355843958450563e+01
2.850028499999999454e+01 1.850018500000000188e+01 2.600355843958450563e+01
2.850028499999999454e+01 1.950019500000000150e+01 2.600355843958450563e+01
2.850028499999999454e+01 2.050020500000000112e+01 2.600355843958450563e+01
2.850028499999999454e+01 2.150021500000000074e+01 2.600355843958450563e+01
2.850028499999999454e+01 2.250022500000000036e+01 2.600355843958450563e+01
2.850028499999999454e+01 2.350023499999999999e+01 1.021728865554175059e+01
2.850028499999999454e+01 2.450024500000000316e+01 8.244416698198875793e+00
2.850028499999999454e+01 2.550025500000000278e+01 5.467838568601585791e+00
2.850028499999999454e+01 2.650026500000000240e+01 4.242303453942772862e+00
2.850028499999999454e+01 2.750027500000000202e+01 6.052896946046124604e+00
2.850028499999999454e+01 2.850028500000000165e+01 6.281984358949239677e+00
2.850028499999999454e+01 2.950029500000000127e+01 5.228642389647716548e+00
2.850028499999999454e+01 3.050030500000000089e+01 4.619158157945791210e+00
2.850028499999999454e+01 3.150031500000000051e+01 4.444255713833658028e+00
2.850028499999999454e+01 3.250032500000000368e+01 5.253252508219144801e+00
2.850028499999999454e+01 3.350033499999999975e+01 7.502015524032882965e+00
2.950029499999999416e+01 5.000050000000000328e-01 2.600355843958450563e+01
2.950029499999999416e+01 1.500015000000000098e+00 2.600355843958450563e+01
2.950029499999999416e+01 2.500024999999999942e+00 2.600355843958450563e+01
2.950029499999999416e+01 3.500035000000000451e+00 2.600355843958450563e+01
2.950029499999999416e+01 4.500045000000000073e+00 2.600355843958450563e+01
2.950029499999999416e+01 5.500055000000000582e+00 2.600355843958450563e+01
2.950029499999999416e+01 6.500065000000000204e+00 2.600355843958450563e+01
2.950029499999999416e+01 7.500075000000000713e+00 2.600355843958450563e+01
2.950029499999999416e+01 8.500085000000000335e+00 2.600355843958450563e+01
2.950029499999999416e+01 9.500094999999999956e+00 2.600355843958450563e+01
2.950029499999999416e+01 1.050010500000000135e+01 2.600355843958450563e+01
2.950029499999999416e+01 1.150011500000000098e+01 2.600355843958450563e+01
2.950029499999999416e+01 1.250012500000000060e+01 2.600355843958450563e+01
2.950029499999999416e+01 1.350013500000000022e+01 2.600355843958450563e+01
2.950029499999999416e+01 1.450014500000000162e+01 2.600355843958450563e+01
2.950029499999999416e+01 1.550015500000000124e+01 2.600355843958450563e+01
2.950029499999999416e+01 1.650016500000000264e+01 2.600355843958450563e+01
2.950029499999999416e+01 1.750017500000000226e+01 2.600355843958450563e+01
2.950029499999999416e+01 1.850018500000000188e+01 2.600355843958450563e+01
2.950029499999999416e+01 1.950019500000000150e+01 2.600355843958450563e+01
2.950029499999999416e+01 2.050020500000000112e+01 2.600355843958450563e+01
2.950029499999999416e+01 2.150021500000000074e+01 2.600355843958450563e+01
2.950029499999999416e+01 2.250022500000000036e+01 2.600355843958450563e+01
2.950029499999999416e+01 2.350023499999999999e+01 2.600355843958450563e+01
2.950029499999999416e+01 2.450024500000000316e+01 9.075186123191508969e+00
2.950029499999999416e+01 2.550025500000000278e+01 6.562406589457065564e+00
2.950029499999999416e+01 2.650026500000000240e+01 4.963045581812551177e+00
2.950029499999999416e+01 2.750027500000000202e+01 6.861996962350692897e+00
2.950029499999999416e+01 2.850028500000000165e+01 6.996799318203050788e+00
2.950029499999999416e+01 2.950029500000000127e+01 5.684849984596049843e+00
2.950029499999999416e+01 3.050030500000000089e+01 4.835284619752296287e+00
2.950029499999999416e+01 3.150031500000000051e+01 4.567060410754447908e+00
2.950029499999999416e+01 3.250032500000000368e+01 5.275629799770909401e+00
2.950029499999999416e+01 3.350033499999999975e+01 7.860104610004359671e+00
3.050030499999999378e+01 5.000050000000000328e-01 2.600355843958450563e+01
3.050030499999999378e+01 1.500015000000000098e+00 2.600355843958450563e+01
3.050030499999999378e+01 2.500024999999999942e+00 2.600355843958450563e+01
3.050030499999999378e+01 3.500035000000000451e+00 2.600355843958450563e+01
3.050030499999999378e+01 4.500045000000000073e+00 2.600355843958450563e+01
3.050030499999999378e+01 5.500055000000000582e+00 2.600355843958450563e+01
3.050030499999999378e+01 6.500065000000000204e+00 2.600355843958450563e+01
3.050030499999999378e+01 7.500075000000000713e+00 2.600355843958450563e+01
3.050030499999999378e+01 8.500085000000000335e+00 2.600355843958450563e+01
3.050030499999999378e+01 9.500094999999999956e+00 2.600355843958450563e+01
3.050030499999999378e+01 1.050010500000000135e+01 2.600355843958450563e+01
3.050030499999999378e+01 1.150011500000000098e+01 2.600355843958450563e+01
3.050030499999999378e+01 1.250012500000000060e+01 2.600355843958450563e+01
3.050030499999999378e+01 1.350013500000000022e+01 2.600355843958450563e+01
3.050030499999999378e+01 1.450014500000000162e+01 2.600355843958450563e+01
3.050030499999999378e+01 1.550015500000000124e+01 2.600355843958450563e+01
3.050030499999999378e+01 1.650016500000000264e+01 2.600355843958450563e+01
3.050030499999999378e+01 1.750017500000000226e+01 2.600355843958450563e+01
3.050030499999999378e+01 1.850018500000000188e+01 2.600355843958450563e+01
3.050030499999999378e+01 1.950019500000000150e+01 2.600355843958450563e+01
3.050030499999999378e+01 2.050020500000000112e+01 2.600355843958450563e+01
3.050030499999999378e+01 2.150021500000000074e+01 2.600355843958450563e+01
3.050030499999999378e+01 2.250022500000000036e+01 2.600355843958450563e+01
3.050030499999999378e+01 2.350023499999999999e+01 2.600355843958450563e+01
3.050030499999999378e+01 2.450024500000000316e+01 2.600355843958450563e+01
3.050030499999999378e+01 2.550025500000000278e+01 7.929198420924798540e+00
3.050030499999999378e+01 2.650026500000000240e+01 5.999057353003925286e+00
3.050030499999999378e+01 2.750027500000000202e+01 7.974253833587290785e+00
3.050030499999999378e+01 2.850028500000000165e+01 7.687809646476297942e+00
3.050030499999999378e+01 2.950029500000000127e+01 6.409565989313788847e+00
3.050030499999999378e+01 3.050030500000000089e+01 5.423566257786229805e+00
3.050030499999999378e+01 3.150031500000000051e+01 5.027968436203194003e+00
3.050030499999999378e+01 3.250032500000000368e+01 5.636800986765248211e+00
3.050030499999999378e+01 3.350033499999999975e+01 8.617741050994226271e+00
3.150031499999999340e+01 5.000050000000000328e-01 2.600355843958450563e+01
3.150031499999999340e+01 1.500015000000000098e+00 2.600355843958450563e+01
3.150031499999999340e+01 2.500024999999999942e+00 2.600355843958450563e+01
3.150031499999999340e+01 3.500035000000000451e+00 2.600355843958450563e+01
3.150031499999999340e+01 4.500045000000000073e+00 2.600355843958450563e+01
3.150031499999999340e+01 5.500055000000000582e+00 2.600355843958450563e+01
3.150031499999999340e+01 6.500065000000000204e+00 2.600355843958450563e+01
3.150031499999999340e+01 7.500075000000000713e+00 2.600355843958450563e+01
3.150031499999999340e+01 8.500085000000000335e+00 2.600355843958450563e+01
3.150031499999999340e+01 9.500094999999999956e+00 2.600355843958450563e+01
3.150031499999999340e+01 1.050010500000000135e+01 2.600355843958450563e+01
3.150031499999999340e+01 1.150011500000000098e+01 2.600355843958450563e+01
3.150031499999999340e+01 1.250012500000000060e+01 2.600355843958450563e+01
3.150031499999999340e+01 1.350013500000000022e+01 2.600355843958450563e+01
3.150031499999999340e+01 1.450014500000000162e+01 2.600355843958450563e+01
3.150031499999999340e+01 1.550015500000000124e+01 2.600355843958450563e+01
3.150031499999999340e+01 1.650016500000000264e+01 2.600355843958450563e+01
3.150031499999999340e+01 1.750017500000000226e+01 2.600355843958450563e+01
3.150031499999999340e+01 1.850018500000000188e+01 2.600355843958450563e+01
3.150031499999999340e+01 1.950019500000000150e+01 2.600355843958450563e+01
3.150031499999999340e+01 2.050020500000000112e+01 2.600355843958450563e+01
3.150031499999999340e+01 2.150021500000000074e+01 2.600355843958450563e+01
3.150031499999999340e+01 2.250022500000000036e+01 2.600355843958450563e+01
3.150031499999999340e+01 2.350023499999999999e+01 2.600355843958450563e+01
3.150031499999999340e+01 2.450024500000000316e+01 2.600355843958450563e+01
3.150031499999999340e+01 2.550025500000000278e+01 9.282592434065369602e+00
3.150031499999999340e+01 2.650026500000000240e+01 7.612395999795079859e+00
3.150031499999999340e+01 2.750027500000000202e+01 1.013519286713455614e+01
3.150031499999999340e+01 2.850028500000000165e+01 8.696403322833402783e+00
3.150031499999999340e+01 2.950029500000000127e+01 8.045742610035214071e+00
3.150031499999999340e+01 3.050030500000000089e+01 6.710298925459079911e+00
3.150031499999999340e+01 3.150031500000000051e+01 6.106737223266872405e+00
3.150031499999999340e+01 3.250032500000000368e+01 6.654863823558246239e+00
3.150031499999999340e+01 3.350033499999999975e+01 9.579910960546092369e+00
3.250032499999999658e+01 5.000050000000000328e-01 2.600355843958450563e+01
3.250032499999999658e+01 1.500015000000000098e+00 2.600355843958450563e+01
3.250032499999999658e+01 2.500024999999999942e+00 2.600355843958450563e+01
3.250032499999999658e+01 3.500035000000000451e+00 2.600355843958450563e+01
3.250032499999999658e+01 4.500045000000000073e+00 2.600355843958450563e+01
3.250032499999999658e+01 5.500055000000000582e+00 2.600355843958450563e+01
3.250032499999999658e+01 6.500065000000000204e+00 2.600355843958450563e+01
3.250032499999999658e+01 7.500075000000000713e+00 2.600355843958450563e+01
3.250032499999999658e+01 8.500085000000000335e+00 2.600355843958450563e+01
3.250032499999999658e+01 9.500094999999999956e+00 2.600355843958450563e+01
3.250032499999999658e+01 1.050010500000000135e+01 2.600355843958450563e+01
3.250032499999999658e+01 1.150011500000000098e+01 2.600355843958450563e+01
3.250032499999999658e+01 1.250012500000000060e+01 2.600355843958450563e+01
3.250032499999999658e+01 1.350013500000000022e+01 2.600355843958450563e+01
3.250032499999999658e+01 1.450014500000000162e+01 2.600355843958450563e+01
3.250032499999999658e+01 1.550015500000000124e+01 2.600355843958450563e+01
3.250032499999999658e+01 1.650016500000000264e+01 2.600355843958450563e+01
3.250032499999999658e+01 1.750017500000000226e+01 2.600355843958450563e+01
3.250032499999999658e+01 1.850018500000000188e+01 2.600355843958450563e+01
3.250032499999999658e+01 1.950019500000000150e+01 2.600355843958450563e+01
3.250032499999999658e+01 2.050020500000000112e+01 2.600355843958450563e+01
3.250032499999999658e+01 2.150021500000000074e+01 2.600355843958450563e+01
3.250032499999999658e+01 2.250022500000000036e+01 2.600355843958450563e+01
3.250032499999999658e+01 2.350023499999999999e+01 2.600355843958450563e+01
3.250032499999999658e+01 2.450024500000000316e+01 2.600355843958450563e+01
3.250032499999999658e+01 2.550025500000000278e+01 2.600355843958450563e+01
3.250032499999999658e+01 2.650026500000000240e+01 9.185372390981120461e+00
3.250032499999999658e+01 2.750027500000000202e+01 2.600355843958450563e+01
3.250032499999999658e+01 2.850028500000000165e+01 2.600355843958450563e+01
3.250032499999999658e+01 2.950029500000000127e+01 9.656812591765625342e+00
3.250032499999999658e+01 3.050030500000000089e+01 8.252121667612630773e+00
3.250032499999999658e+01 3.150031500000000051e+01 7.754801786048438395e+00
3.250032499999999658e+01 3.250032500000000368e+01 8.243935937632645761e+00
3.250032499999999658e+01 3.350033499999999975e+01 2.600355843958450563e+01
